4.300739999999999782e+03 6.803902983665466309e-01
4.302219999999999345e+03 3.564330637454986572e-01
4.303699999999998909e+03 3.594763576984405518e-01
4.305179999999998472e+03 5.851154923439025879e-01
4.306659999999998035e+03 4.623461365699768066e-01
4.308139999999997599e+03 2.333166301250457764e-01
4.309619999999997162e+03 3.024510443210601807e-01
4.311099999999996726e+03 3.125250339508056641e-01
4.312579999999996289e+03 2.935419082641601562e-01
4.314059999999995853e+03 2.302768230438232422e-01
4.315539999999995416e+03 3.958346247673034668e-01
4.317019999999994980e+03 4.160256087779998779e-01
4.318499999999994543e+03 3.491703867912292480e-01
4.319979999999994106e+03 4.841668307781219482e-01
4.321459999999993670e+03 5.357031226158142090e-01
4.322939999999993233e+03 4.746642112731933594e-01
4.324419999999992797e+03 4.775279462337493896e-01
4.325899999999992360e+03 3.189518749713897705e-01
4.327379999999991924e+03 4.471643269062042236e-01
4.328859999999991487e+03 3.908819258213043213e-01
4.330339999999991051e+03 3.950507640838623047e-01
4.331819999999990614e+03 6.112463474273681641e-01
4.333299999999990177e+03 5.653090476989746094e-01
4.334779999999989741e+03 5.669524669647216797e-01
4.336259999999989304e+03 3.355203568935394287e-01
4.337739999999988868e+03 3.346360921859741211e-01
4.339219999999988431e+03 4.546021521091461182e-01
4.340699999999987995e+03 4.038047194480895996e-01
4.342179999999987558e+03 4.088532924652099609e-01
4.343659999999987122e+03 4.026226997375488281e-01
4.345139999999986685e+03 4.655428528785705566e-01
4.346619999999986248e+03 2.782162725925445557e-01
4.348099999999985812e+03 4.300117194652557373e-01
4.349579999999985375e+03 5.814061164855957031e-01
4.351059999999984939e+03 3.287084698677062988e-01
4.352539999999984502e+03 3.878828287124633789e-01
4.354019999999984066e+03 5.641756653785705566e-01
4.355499999999983629e+03 4.467342495918273926e-01
4.356979999999983193e+03 5.163601636886596680e-01
4.358459999999982756e+03 4.312391877174377441e-01
4.359939999999982319e+03 4.916688203811645508e-01
4.361419999999981883e+03 4.684348702430725098e-01
4.362899999999981446e+03 4.283442497253417969e-01
4.364379999999981010e+03 4.787582755088806152e-01
4.365859999999980573e+03 6.147735118865966797e-01
4.367339999999980137e+03 5.570321083068847656e-01
4.368819999999979700e+03 4.394482672214508057e-01
4.370299999999979264e+03 3.627578914165496826e-01
4.371779999999978827e+03 4.960757493972778320e-01
4.373259999999978390e+03 4.355221986770629883e-01
4.374739999999977954e+03 3.391948342323303223e-01
4.376219999999977517e+03 4.236323535442352295e-01
4.377699999999977081e+03 4.242960512638092041e-01
4.379179999999976644e+03 4.308471381664276123e-01
4.380659999999976208e+03 5.372533798217773438e-01
4.382139999999975771e+03 5.194908380508422852e-01
4.383619999999975335e+03 3.458910286426544189e-01
4.385099999999974898e+03 3.437486290931701660e-01
4.386579999999974461e+03 4.132540225982666016e-01
4.388059999999974025e+03 4.082638025283813477e-01
4.389539999999973588e+03 4.150132536888122559e-01
4.391019999999973152e+03 3.477611541748046875e-01
4.392499999999972715e+03 3.633352816104888916e-01
4.393979999999972279e+03 3.697788715362548828e-01
4.395459999999971842e+03 3.345428109169006348e-01
4.396939999999971405e+03 3.418087065219879150e-01
4.398419999999970969e+03 5.404704809188842773e-01
4.399899999999970532e+03 3.404315114021301270e-01
4.401379999999970096e+03 4.396086931228637695e-01
4.402859999999969659e+03 4.622502624988555908e-01
4.404339999999969223e+03 3.093524873256683350e-01
4.405819999999968786e+03 3.711104393005371094e-01
4.407299999999968350e+03 3.457108736038208008e-01
4.408779999999967913e+03 3.512426018714904785e-01
4.410259999999967476e+03 3.405523002147674561e-01
4.411739999999967040e+03 3.249043822288513184e-01
4.413219999999966603e+03 4.623972773551940918e-01
4.414699999999966167e+03 3.146466314792633057e-01
4.416179999999965730e+03 1.970367133617401123e-01
4.417659999999965294e+03 1.798548996448516846e-01
4.419139999999964857e+03 4.162551164627075195e-01
4.420619999999964421e+03 4.214559793472290039e-01
4.422099999999963984e+03 3.630899488925933838e-01
4.423579999999963547e+03 4.493632018566131592e-01
4.425059999999963111e+03 3.306975960731506348e-01
4.426539999999962674e+03 3.472230136394500732e-01
4.428019999999962238e+03 2.918319404125213623e-01
4.429499999999961801e+03 3.430458605289459229e-01
4.430979999999961365e+03 2.029699683189392090e-01
4.432459999999960928e+03 3.072277307510375977e-01
4.433939999999960492e+03 4.295953214168548584e-01
4.435419999999960055e+03 2.398092448711395264e-01
4.436899999999959618e+03 1.457739025354385376e-01
4.438379999999959182e+03 4.013287723064422607e-01
4.439859999999958745e+03 3.198463618755340576e-01
4.441339999999958309e+03 4.162245988845825195e-01
4.442819999999957872e+03 1.374042272567749023e+00
4.444299999999957436e+03 1.298914432525634766e+00
4.445779999999956999e+03 6.099699139595031738e-01
4.447259999999956563e+03 2.091069966554641724e-01
4.448739999999956126e+03 2.108852565288543701e-01
4.450219999999955689e+03 2.519029378890991211e-01
4.451699999999955253e+03 3.573414385318756104e-01
4.453179999999954816e+03 3.256402015686035156e-01
4.454659999999954380e+03 3.138323426246643066e-01
4.456139999999953943e+03 3.733142912387847900e-01
4.457619999999953507e+03 3.921292424201965332e-01
4.459099999999953070e+03 2.943089604377746582e-01
4.460579999999952634e+03 3.450472950935363770e-01
4.462059999999952197e+03 3.246884346008300781e-01
4.463539999999951760e+03 2.670491337776184082e-01
4.465019999999951324e+03 3.856674134731292725e-01
4.466499999999950887e+03 3.655580282211303711e-01
4.467979999999950451e+03 3.749093711376190186e-01
4.469459999999950014e+03 2.411161214113235474e-01
4.470939999999949578e+03 2.825638055801391602e-01
4.472419999999949141e+03 3.357871770858764648e-01
4.473899999999948704e+03 4.173512160778045654e-01
4.475379999999948268e+03 3.358989357948303223e-01
4.476859999999947831e+03 3.929874897003173828e-01
4.478339999999947395e+03 3.588082492351531982e-01
4.479819999999946958e+03 3.964557051658630371e-01
4.481299999999946522e+03 3.304055929183959961e-01
4.482779999999946085e+03 2.477457523345947266e-01
4.484259999999945649e+03 3.077631294727325439e-01
4.485739999999945212e+03 2.958744764328002930e-01
4.487219999999944775e+03 3.320441544055938721e-01
4.488699999999944339e+03 2.632274627685546875e-01
4.490179999999943902e+03 2.833610177040100098e-01
4.491659999999943466e+03 3.405295014381408691e-01
4.493139999999943029e+03 2.804350852966308594e-01
4.494619999999942593e+03 3.941447436809539795e-01
4.496099999999942156e+03 2.417590171098709106e-01
4.497579999999941720e+03 2.842232584953308105e-01
4.499059999999941283e+03 3.806961774826049805e-01
4.500539999999940846e+03 3.210896551609039307e-01
4.502019999999940410e+03 2.333405911922454834e-01
4.503499999999939973e+03 3.528989553451538086e-01
4.504979999999939537e+03 1.302971243858337402e-01
4.506459999999939100e+03 2.630730569362640381e-01
4.507939999999938664e+03 4.178878664970397949e-01
4.509419999999938227e+03 3.270243704319000244e-01
4.510899999999937791e+03 2.437753081321716309e-01
4.512379999999937354e+03 3.340733945369720459e-01
4.513859999999936917e+03 1.861864477396011353e-01
4.515339999999936481e+03 2.819872200489044189e-01
4.516819999999936044e+03 2.186157554388046265e-01
4.518299999999935608e+03 2.011374235153198242e-01
4.519779999999935171e+03 2.695378959178924561e-01
4.521259999999934735e+03 2.719643414020538330e-01
4.522739999999934298e+03 2.134511321783065796e-01
4.524219999999933862e+03 2.067195773124694824e-01
4.525699999999933425e+03 3.620460033416748047e-01
4.527179999999932988e+03 2.957950532436370850e-01
4.528659999999932552e+03 3.297389745712280273e-01
4.530139999999932115e+03 3.302522301673889160e-01
4.531619999999931679e+03 3.058264553546905518e-01
4.533099999999931242e+03 3.886989355087280273e-01
4.534579999999930806e+03 2.925449013710021973e-01
4.536059999999930369e+03 2.568745315074920654e-01
4.537539999999929933e+03 3.510220348834991455e-01
4.539019999999929496e+03 2.532775104045867920e-01
4.540499999999929059e+03 2.081280350685119629e-01
4.541979999999928623e+03 3.416411280632019043e-01
4.543459999999928186e+03 3.124346137046813965e-01
4.544939999999927750e+03 2.328574359416961670e-01
4.546419999999927313e+03 3.424783945083618164e-01
4.547899999999926877e+03 2.234897464513778687e-01
4.549379999999926440e+03 2.413588911294937134e-01
4.550859999999926004e+03 2.031215280294418335e-01
4.552339999999925567e+03 2.987682819366455078e-01
4.553819999999925130e+03 2.299796044826507568e-01
4.555299999999924694e+03 2.875106930732727051e-01
4.556779999999924257e+03 3.378183245658874512e-01
4.558259999999923821e+03 2.381997108459472656e-01
4.559739999999923384e+03 2.896777391433715820e-01
4.561219999999922948e+03 2.887732982635498047e-01
4.562699999999922511e+03 2.200655043125152588e-01
4.564179999999922074e+03 2.549107670783996582e-01
4.565659999999921638e+03 2.649433314800262451e-01
4.567139999999921201e+03 3.177724778652191162e-01
4.568619999999920765e+03 2.596706151962280273e-01
4.570099999999920328e+03 3.271908462047576904e-01
4.571579999999919892e+03 2.373100966215133667e-01
4.573059999999919455e+03 2.423513978719711304e-01
4.574539999999919019e+03 2.278770208358764648e-01
4.576019999999918582e+03 4.111118316650390625e-01
4.577499999999918145e+03 3.903522789478302002e-01
4.578979999999917709e+03 3.275353312492370605e-01
4.580459999999917272e+03 3.164814114570617676e-01
4.581939999999916836e+03 2.559826374053955078e-01
4.583419999999916399e+03 3.741088807582855225e-01
4.584899999999915963e+03 3.034837841987609863e-01
4.586379999999915526e+03 2.161998152732849121e-01
4.587859999999915090e+03 2.360970973968505859e-01
4.589339999999914653e+03 2.802783250808715820e-01
4.590819999999914216e+03 2.515265047550201416e-01
4.592299999999913780e+03 3.669500946998596191e-01
4.593779999999913343e+03 2.815377116203308105e-01
4.595259999999912907e+03 2.318706512451171875e-01
4.596739999999912470e+03 3.275883793830871582e-01
4.598219999999912034e+03 2.701674103736877441e-01
4.599699999999911597e+03 2.847119569778442383e-01
4.601179999999911161e+03 2.591606378555297852e-01
4.602659999999910724e+03 2.454051971435546875e-01
4.604139999999910287e+03 2.596754729747772217e-01
4.605619999999909851e+03 2.648109197616577148e-01
4.607099999999909414e+03 3.056769371032714844e-01
4.608579999999908978e+03 3.552133142948150635e-01
4.610059999999908541e+03 1.884984523057937622e-01
4.611539999999908105e+03 3.245651125907897949e-01
4.613019999999907668e+03 3.567628860473632812e-01
4.614499999999907232e+03 2.747416198253631592e-01
4.615979999999906795e+03 2.112268954515457153e-01
4.617459999999906358e+03 2.685684859752655029e-01
4.618939999999905922e+03 2.277065068483352661e-01
4.620419999999905485e+03 2.481632530689239502e-01
4.621899999999905049e+03 2.109838426113128662e-01
4.623379999999904612e+03 3.016768097877502441e-01
4.624859999999904176e+03 3.550149500370025635e-01
4.626339999999903739e+03 2.541524469852447510e-01
4.627819999999903303e+03 2.376195937395095825e-01
4.629299999999902866e+03 2.181279361248016357e-01
4.630779999999902429e+03 2.991020381450653076e-01
4.632259999999901993e+03 3.680363297462463379e-01
4.633739999999901556e+03 4.020611941814422607e-01
4.635219999999901120e+03 2.135057151317596436e-01
4.636699999999900683e+03 2.534617185592651367e-01
4.638179999999900247e+03 2.379939854145050049e-01
4.639659999999899810e+03 3.432268500328063965e-01
4.641139999999899374e+03 2.632482647895812988e-01
4.642619999999898937e+03 2.394890040159225464e-01
4.644099999999898500e+03 1.934519261121749878e-01
4.645579999999898064e+03 3.141349256038665771e-01
4.647059999999897627e+03 2.878395915031433105e-01
4.648539999999897191e+03 3.026226460933685303e-01
4.650019999999896754e+03 3.497183918952941895e-01
4.651499999999896318e+03 2.930130958557128906e-01
4.652979999999895881e+03 3.970761299133300781e-01
4.654459999999895444e+03 2.738420069217681885e-01
4.655939999999895008e+03 3.928144872188568115e-01
4.657419999999894571e+03 2.328616827726364136e-01
4.658899999999894135e+03 2.891613543033599854e-01
4.660379999999893698e+03 2.470755279064178467e-01
4.661859999999893262e+03 2.183793485164642334e-01
4.663339999999892825e+03 2.742280960083007812e-01
4.664819999999892389e+03 2.877369821071624756e-01
4.666299999999891952e+03 3.210770487785339355e-01
4.667779999999891515e+03 2.791205644607543945e-01
4.669259999999891079e+03 2.907160520553588867e-01
4.670739999999890642e+03 3.127269744873046875e-01
4.672219999999890206e+03 2.895514369010925293e-01
4.673699999999889769e+03 3.192282319068908691e-01
4.675179999999889333e+03 2.728752791881561279e-01
4.676659999999888896e+03 3.673143684864044189e-01
4.678139999999888460e+03 2.755531966686248779e-01
4.679619999999888023e+03 2.153034359216690063e-01
4.681099999999887586e+03 2.859356999397277832e-01
4.682579999999887150e+03 2.181542515754699707e-01
4.684059999999886713e+03 3.029063045978546143e-01
4.685539999999886277e+03 3.128553926944732666e-01
4.687019999999885840e+03 2.364977896213531494e-01
4.688499999999885404e+03 2.555875182151794434e-01
4.689979999999884967e+03 3.222993016242980957e-01
4.691459999999884531e+03 2.357497215270996094e-01
4.692939999999884094e+03 2.631269097328186035e-01
4.694419999999883657e+03 2.329023778438568115e-01
4.695899999999883221e+03 3.174482882022857666e-01
4.697379999999882784e+03 2.836598157882690430e-01
4.698859999999882348e+03 2.709470987319946289e-01
4.700339999999881911e+03 3.633588850498199463e-01
4.701819999999881475e+03 2.901294827461242676e-01
4.703299999999881038e+03 3.155510723590850830e-01
4.704779999999880602e+03 2.362847179174423218e-01
4.706259999999880165e+03 2.882151007652282715e-01
4.707739999999879728e+03 2.855587005615234375e-01
4.709219999999879292e+03 3.083407878875732422e-01
4.710699999999878855e+03 4.182478785514831543e-01
4.712179999999878419e+03 3.612462878227233887e-01
4.713659999999877982e+03 3.506601750850677490e-01
4.715139999999877546e+03 3.295847773551940918e-01
4.716619999999877109e+03 2.279534488916397095e-01
4.718099999999876673e+03 2.708515226840972900e-01
4.719579999999876236e+03 2.676621377468109131e-01
4.721059999999875799e+03 2.296928465366363525e-01
4.722539999999875363e+03 3.385587036609649658e-01
4.724019999999874926e+03 3.327383100986480713e-01
4.725499999999874490e+03 3.558029234409332275e-01
4.726979999999874053e+03 3.416059315204620361e-01
4.728459999999873617e+03 2.449089288711547852e-01
4.729939999999873180e+03 3.008439540863037109e-01
4.731419999999872744e+03 2.917325794696807861e-01
4.732899999999872307e+03 3.752678036689758301e-01
4.734379999999871870e+03 3.313495218753814697e-01
4.735859999999871434e+03 2.526893615722656250e-01
4.737339999999870997e+03 2.769460380077362061e-01
4.738819999999870561e+03 2.965939044952392578e-01
4.740299999999870124e+03 2.949084341526031494e-01
4.741779999999869688e+03 2.757659256458282471e-01
4.743259999999869251e+03 2.614945769309997559e-01
4.744739999999868814e+03 2.594565153121948242e-01
4.746219999999868378e+03 2.972716093063354492e-01
4.747699999999867941e+03 2.742053568363189697e-01
4.749179999999867505e+03 3.094168305397033691e-01
4.750659999999867068e+03 2.591210305690765381e-01
4.752139999999866632e+03 2.289812713861465454e-01
4.753619999999866195e+03 2.955484986305236816e-01
4.755099999999865759e+03 3.647629320621490479e-01
4.756579999999865322e+03 2.524497807025909424e-01
4.758059999999864885e+03 1.876916140317916870e-01
4.759539999999864449e+03 4.068773686885833740e-01
4.761019999999864012e+03 2.237599194049835205e-01
4.762499999999863576e+03 3.320394754409790039e-01
4.763979999999863139e+03 2.817396819591522217e-01
4.765459999999862703e+03 2.758494615554809570e-01
4.766939999999862266e+03 3.169410526752471924e-01
4.768419999999861830e+03 4.009713828563690186e-01
4.769899999999861393e+03 2.902587354183197021e-01
4.771379999999860956e+03 2.430281788110733032e-01
4.772859999999860520e+03 3.103866577148437500e-01
4.774339999999860083e+03 2.254329174757003784e-01
4.775819999999859647e+03 2.330373674631118774e-01
4.777299999999859210e+03 2.377379238605499268e-01
4.778779999999858774e+03 2.139882892370223999e-01
4.780259999999858337e+03 3.091617226600646973e-01
4.781739999999857901e+03 3.276691138744354248e-01
4.783219999999857464e+03 2.849724292755126953e-01
4.784699999999857027e+03 3.361207246780395508e-01
4.786179999999856591e+03 2.254857122898101807e-01
4.787659999999856154e+03 2.708780169486999512e-01
4.789139999999855718e+03 2.512769699096679688e-01
4.790619999999855281e+03 3.345417976379394531e-01
4.792099999999854845e+03 2.564972639083862305e-01
4.793579999999854408e+03 2.780835628509521484e-01
4.795059999999853972e+03 3.093201518058776855e-01
4.796539999999853535e+03 3.216116428375244141e-01
4.798019999999853098e+03 3.065155744552612305e-01
4.799499999999852662e+03 3.107834160327911377e-01
4.800979999999852225e+03 2.424974143505096436e-01
4.802459999999851789e+03 2.265371084213256836e-01
4.803939999999851352e+03 2.612534165382385254e-01
4.805419999999850916e+03 2.193022966384887695e-01
4.806899999999850479e+03 2.158687561750411987e-01
4.808379999999850043e+03 2.320472747087478638e-01
4.809859999999849606e+03 2.654550969600677490e-01
4.811339999999849169e+03 3.143245875835418701e-01
4.812819999999848733e+03 2.518795430660247803e-01
4.814299999999848296e+03 2.283595055341720581e-01
4.815779999999847860e+03 2.793903350830078125e-01
4.817259999999847423e+03 3.036215007305145264e-01
4.818739999999846987e+03 2.373620569705963135e-01
4.820219999999846550e+03 2.593130171298980713e-01
4.821699999999846113e+03 3.460624814033508301e-01
4.823179999999845677e+03 2.860391736030578613e-01
4.824659999999845240e+03 3.077118992805480957e-01
4.826139999999844804e+03 2.685328125953674316e-01
4.827619999999844367e+03 2.820782065391540527e-01
4.829099999999843931e+03 2.608669996261596680e-01
4.830579999999843494e+03 3.978984653949737549e-01
4.832059999999843058e+03 3.088330924510955811e-01
4.833539999999842621e+03 2.484342455863952637e-01
4.835019999999842184e+03 2.482123076915740967e-01
4.836499999999841748e+03 3.010639250278472900e-01
4.837979999999841311e+03 1.897260546684265137e-01
4.839459999999840875e+03 2.751655578613281250e-01
4.840939999999840438e+03 3.149376511573791504e-01
4.842419999999840002e+03 2.966605424880981445e-01
4.843899999999839565e+03 2.949930131435394287e-01
4.845379999999839129e+03 2.834438979625701904e-01
4.846859999999838692e+03 2.626366019248962402e-01
4.848339999999838255e+03 2.884094119071960449e-01
4.849819999999837819e+03 3.344647586345672607e-01
4.851299999999837382e+03 2.991564571857452393e-01
4.852779999999836946e+03 2.880952656269073486e-01
4.854259999999836509e+03 3.252087533473968506e-01
4.855739999999836073e+03 3.216849267482757568e-01
4.857219999999835636e+03 3.395930528640747070e-01
4.858699999999835200e+03 2.786538600921630859e-01
4.860179999999834763e+03 2.801796793937683105e-01
4.861659999999834326e+03 2.982040643692016602e-01
4.863139999999833890e+03 3.270249366760253906e-01
4.864619999999833453e+03 3.350583910942077637e-01
4.866099999999833017e+03 3.065617978572845459e-01
4.867579999999832580e+03 2.729475796222686768e-01
4.869059999999832144e+03 3.596180379390716553e-01
4.870539999999831707e+03 2.408265620470046997e-01
4.872019999999831271e+03 1.904332339763641357e-01
4.873499999999830834e+03 2.681073844432830811e-01
4.874979999999830397e+03 3.213285207748413086e-01
4.876459999999829961e+03 3.326282203197479248e-01
4.877939999999829524e+03 2.804296910762786865e-01
4.879419999999829088e+03 3.650609552860260010e-01
4.880899999999828651e+03 2.333409637212753296e-01
4.882379999999828215e+03 2.893870174884796143e-01
4.883859999999827778e+03 3.086949288845062256e-01
4.885339999999827342e+03 2.876099646091461182e-01
4.886819999999826905e+03 3.295202851295471191e-01
4.888299999999826468e+03 3.024474978446960449e-01
4.889779999999826032e+03 2.550712227821350098e-01
4.891259999999825595e+03 2.342892587184906006e-01
4.892739999999825159e+03 3.589152097702026367e-01
4.894219999999824722e+03 3.194264173507690430e-01
4.895699999999824286e+03 3.302432298660278320e-01
4.897179999999823849e+03 2.157079726457595825e-01
4.898659999999823413e+03 2.532435059547424316e-01
4.900139999999822976e+03 3.230276107788085938e-01
4.901619999999822539e+03 3.120232224464416504e-01
4.903099999999822103e+03 2.866986691951751709e-01
4.904579999999821666e+03 3.125412762165069580e-01
4.906059999999821230e+03 2.780734002590179443e-01
4.907539999999820793e+03 2.853517234325408936e-01
4.909019999999820357e+03 2.515158355236053467e-01
4.910499999999819920e+03 3.698154985904693604e-01
4.911979999999819483e+03 2.838509678840637207e-01
4.913459999999819047e+03 3.431742191314697266e-01
4.914939999999818610e+03 2.163458019495010376e-01
4.916419999999818174e+03 2.555813193321228027e-01
4.917899999999817737e+03 3.349458575248718262e-01
4.919379999999817301e+03 2.783603370189666748e-01
4.920859999999816864e+03 2.588653266429901123e-01
4.922339999999816428e+03 3.099021017551422119e-01
4.923819999999815991e+03 2.981115579605102539e-01
4.925299999999815554e+03 3.464175462722778320e-01
4.926779999999815118e+03 3.873444199562072754e-01
4.928259999999814681e+03 3.110966384410858154e-01
4.929739999999814245e+03 3.129428327083587646e-01
4.931219999999813808e+03 3.360536694526672363e-01
4.932699999999813372e+03 2.907277941703796387e-01
4.934179999999812935e+03 3.382837474346160889e-01
4.935659999999812499e+03 3.732153475284576416e-01
4.937139999999812062e+03 2.573996782302856445e-01
4.938619999999811625e+03 2.782032489776611328e-01
4.940099999999811189e+03 2.697139084339141846e-01
4.941579999999810752e+03 2.778972387313842773e-01
4.943059999999810316e+03 2.466087788343429565e-01
4.944539999999809879e+03 3.130168020725250244e-01
4.946019999999809443e+03 3.091858327388763428e-01
4.947499999999809006e+03 3.153783977031707764e-01
4.948979999999808570e+03 2.664185166358947754e-01
4.950459999999808133e+03 2.895689308643341064e-01
4.951939999999807696e+03 2.718522250652313232e-01
4.953419999999807260e+03 2.861002385616302490e-01
4.954899999999806823e+03 3.202983736991882324e-01
4.956379999999806387e+03 2.234327048063278198e-01
4.957859999999805950e+03 3.102959394454956055e-01
4.959339999999805514e+03 3.349494934082031250e-01
4.960819999999805077e+03 3.155202567577362061e-01
4.962299999999804641e+03 2.678498625755310059e-01
4.963779999999804204e+03 2.953426539897918701e-01
4.965259999999803767e+03 3.454501926898956299e-01
4.966739999999803331e+03 3.274210691452026367e-01
4.968219999999802894e+03 3.195752799510955811e-01
4.969699999999802458e+03 2.526180446147918701e-01
4.971179999999802021e+03 2.319203168153762817e-01
4.972659999999801585e+03 2.785207033157348633e-01
4.974139999999801148e+03 8.205044269561767578e-01
4.975619999999800712e+03 2.869939565658569336e+00
4.977099999999800275e+03 3.056621313095092773e+00
4.978579999999799838e+03 1.034093737602233887e+00
4.980059999999799402e+03 2.689830958843231201e-01
4.981539999999798965e+03 2.640036642551422119e-01
4.983019999999798529e+03 2.133285999298095703e-01
4.984499999999798092e+03 2.765713036060333252e-01
4.985979999999797656e+03 2.996831834316253662e-01
4.987459999999797219e+03 2.603080868721008301e-01
4.988939999999796783e+03 2.796694338321685791e-01
4.990419999999796346e+03 2.477448582649230957e-01
4.991899999999795909e+03 3.065738677978515625e-01
4.993379999999795473e+03 3.341671526432037354e-01
4.994859999999795036e+03 3.325087130069732666e-01
4.996339999999794600e+03 3.512597680091857910e-01
4.997819999999794163e+03 2.762345671653747559e-01
4.999299999999793727e+03 2.705638706684112549e-01
5.000779999999793290e+03 2.835558354854583740e-01
5.002259999999792853e+03 3.291432857513427734e-01
5.003739999999792417e+03 3.488576114177703857e-01
5.005219999999791980e+03 3.596701622009277344e-01
5.006699999999791544e+03 3.488532900810241699e-01
5.008179999999791107e+03 2.916330695152282715e-01
5.009659999999790671e+03 3.198144733905792236e-01
5.011139999999790234e+03 3.392724990844726562e-01
5.012619999999789798e+03 2.908268570899963379e-01
5.014099999999789361e+03 3.004805743694305420e-01
5.015579999999788924e+03 3.161300718784332275e-01
5.017059999999788488e+03 3.136638998985290527e-01
5.018539999999788051e+03 2.765636444091796875e-01
5.020019999999787615e+03 3.086126148700714111e-01
5.021499999999787178e+03 3.417652845382690430e-01
5.022979999999786742e+03 3.371742665767669678e-01
5.024459999999786305e+03 3.334693908691406250e-01
5.025939999999785869e+03 2.597152590751647949e-01
5.027419999999785432e+03 3.174460232257843018e-01
5.028899999999784995e+03 3.972606062889099121e-01
5.030379999999784559e+03 2.803864479064941406e-01
5.031859999999784122e+03 3.281383812427520752e-01
5.033339999999783686e+03 3.602628111839294434e-01
5.034819999999783249e+03 3.311447501182556152e-01
5.036299999999782813e+03 2.604959607124328613e-01
5.037779999999782376e+03 3.511127531528472900e-01
5.039259999999781940e+03 3.426818549633026123e-01
5.040739999999781503e+03 2.933467924594879150e-01
5.042219999999781066e+03 3.421954512596130371e-01
5.043699999999780630e+03 2.851870656013488770e-01
5.045179999999780193e+03 3.873389363288879395e-01
5.046659999999779757e+03 3.168382644653320312e-01
5.048139999999779320e+03 3.388023376464843750e-01
5.049619999999778884e+03 3.764718770980834961e-01
5.051099999999778447e+03 2.630822062492370605e-01
5.052579999999778011e+03 3.670444190502166748e-01
5.054059999999777574e+03 3.201959729194641113e-01
5.055539999999777137e+03 3.374561369419097900e-01
5.057019999999776701e+03 3.220044076442718506e-01
5.058499999999776264e+03 2.850833237171173096e-01
5.059979999999775828e+03 3.447385728359222412e-01
5.061459999999775391e+03 3.268513679504394531e-01
5.062939999999774955e+03 2.854441404342651367e-01
5.064419999999774518e+03 3.567134439945220947e-01
5.065899999999774082e+03 3.864961862564086914e-01
5.067379999999773645e+03 3.544896543025970459e-01
5.068859999999773208e+03 4.038534164428710938e-01
5.070339999999772772e+03 3.418564200401306152e-01
5.071819999999772335e+03 3.424954414367675781e-01
5.073299999999771899e+03 3.606069982051849365e-01
5.074779999999771462e+03 7.899980545043945312e-01
5.076259999999771026e+03 1.206043004989624023e+00
5.077739999999770589e+03 9.127513170242309570e-01
5.079219999999770152e+03 3.772847652435302734e-01
5.080699999999769716e+03 3.465034663677215576e-01
5.082179999999769279e+03 3.647243976593017578e-01
5.083659999999768843e+03 3.156513869762420654e-01
5.085139999999768406e+03 3.261175155639648438e-01
5.086619999999767970e+03 3.777641952037811279e-01
5.088099999999767533e+03 3.243278264999389648e-01
5.089579999999767097e+03 3.464956879615783691e-01
5.091059999999766660e+03 3.193051815032958984e-01
5.092539999999766223e+03 3.877620995044708252e-01
5.094019999999765787e+03 4.181466400623321533e-01
5.095499999999765350e+03 2.927593588829040527e-01
5.096979999999764914e+03 2.838957905769348145e-01
5.098459999999764477e+03 3.262026906013488770e-01
5.099939999999764041e+03 3.112158179283142090e-01
5.101419999999763604e+03 3.785037696361541748e-01
5.102899999999763168e+03 3.850524425506591797e-01
5.104379999999762731e+03 4.322115778923034668e-01
5.105859999999762294e+03 3.683951199054718018e-01
5.107339999999761858e+03 2.738669514656066895e-01
5.108819999999761421e+03 3.121566474437713623e-01
5.110299999999760985e+03 4.116148948669433594e-01
5.111779999999760548e+03 3.799679875373840332e-01
5.113259999999760112e+03 3.949828445911407471e-01
5.114739999999759675e+03 3.230590522289276123e-01
5.116219999999759239e+03 4.030385315418243408e-01
5.117699999999758802e+03 2.869825661182403564e-01
5.119179999999758365e+03 2.998013198375701904e-01
5.120659999999757929e+03 2.510189414024353027e-01
5.122139999999757492e+03 3.398151397705078125e-01
5.123619999999757056e+03 1.618866324424743652e+00
5.125099999999756619e+03 2.876235246658325195e+00
5.126579999999756183e+03 2.216536283493041992e+00
5.128059999999755746e+03 6.432065963745117188e-01
5.129539999999755310e+03 3.264062106609344482e-01
5.131019999999754873e+03 2.724926471710205078e-01
5.132499999999754436e+03 3.722800314426422119e-01
5.133979999999754000e+03 4.039018750190734863e-01
5.135459999999753563e+03 3.948907554149627686e-01
5.136939999999753127e+03 3.280926644802093506e-01
5.138419999999752690e+03 3.500979244709014893e-01
5.139899999999752254e+03 4.133812189102172852e-01
5.141379999999751817e+03 3.673878908157348633e-01
5.142859999999751381e+03 3.779667615890502930e-01
5.144339999999750944e+03 3.900278508663177490e-01
5.145819999999750507e+03 3.487465977668762207e-01
5.147299999999750071e+03 2.948078513145446777e-01
5.148779999999749634e+03 3.175989389419555664e-01
5.150259999999749198e+03 3.432065546512603760e-01
5.151739999999748761e+03 2.802290320396423340e-01
5.153219999999748325e+03 3.039188385009765625e-01
5.154699999999747888e+03 3.533860146999359131e-01
5.156179999999747452e+03 4.092983305454254150e-01
5.157659999999747015e+03 3.598459362983703613e-01
5.159139999999746578e+03 2.882074117660522461e-01
5.160619999999746142e+03 2.838618457317352295e-01
5.162099999999745705e+03 3.697188794612884521e-01
5.163579999999745269e+03 3.379786312580108643e-01
5.165059999999744832e+03 2.902159690856933594e-01
5.166539999999744396e+03 3.769024908542633057e-01
5.168019999999743959e+03 3.898371160030364990e-01
5.169499999999743522e+03 3.583348989486694336e-01
5.170979999999743086e+03 3.566364347934722900e-01
5.172459999999742649e+03 3.184814155101776123e-01
5.173939999999742213e+03 3.584977984428405762e-01
5.175419999999741776e+03 3.722926080226898193e-01
5.176899999999741340e+03 3.414602577686309814e-01
5.178379999999740903e+03 3.798383474349975586e-01
5.179859999999740467e+03 3.809695839881896973e-01
5.181339999999740030e+03 3.436361253261566162e-01
5.182819999999739593e+03 3.628842830657958984e-01
5.184299999999739157e+03 3.449375331401824951e-01
5.185779999999738720e+03 3.905547261238098145e-01
5.187259999999738284e+03 2.806749641895294189e-01
5.188739999999737847e+03 3.430067896842956543e-01
5.190219999999737411e+03 3.417582213878631592e-01
5.191699999999736974e+03 3.295090198516845703e-01
5.193179999999736538e+03 3.510899543762207031e-01
5.194659999999736101e+03 4.005475044250488281e-01
5.196139999999735664e+03 3.942719399929046631e-01
5.197619999999735228e+03 3.090303838253021240e-01
5.199099999999734791e+03 3.806079328060150146e-01
5.200579999999734355e+03 3.595739006996154785e-01
5.202059999999733918e+03 3.481419682502746582e-01
5.203539999999733482e+03 4.116138219833374023e-01
5.205019999999733045e+03 3.411230742931365967e-01
5.206499999999732609e+03 3.205808401107788086e-01
5.207979999999732172e+03 3.112731277942657471e-01
5.209459999999731735e+03 2.846596539020538330e-01
5.210939999999731299e+03 3.720584213733673096e-01
5.212419999999730862e+03 3.454570770263671875e-01
5.213899999999730426e+03 3.827139139175415039e-01
5.215379999999729989e+03 3.921658694744110107e-01
5.216859999999729553e+03 3.281605243682861328e-01
5.218339999999729116e+03 3.297164142131805420e-01
5.219819999999728680e+03 3.863921165466308594e-01
5.221299999999728243e+03 4.132995009422302246e-01
5.222779999999727806e+03 3.763390779495239258e-01
5.224259999999727370e+03 3.630695939064025879e-01
5.225739999999726933e+03 3.781815767288208008e-01
5.227219999999726497e+03 3.427966535091400146e-01
5.228699999999726060e+03 3.575558662414550781e-01
5.230179999999725624e+03 3.919095695018768311e-01
5.231659999999725187e+03 3.862224221229553223e-01
5.233139999999724751e+03 3.749686479568481445e-01
5.234619999999724314e+03 3.791842162609100342e-01
5.236099999999723877e+03 3.651153147220611572e-01
5.237579999999723441e+03 3.607805967330932617e-01
5.239059999999723004e+03 3.414764106273651123e-01
5.240539999999722568e+03 3.978875279426574707e-01
5.242019999999722131e+03 3.620386123657226562e-01
5.243499999999721695e+03 3.376236259937286377e-01
5.244979999999721258e+03 4.621975421905517578e-01
5.246459999999720822e+03 3.462243676185607910e-01
5.247939999999720385e+03 3.068978190422058105e-01
5.249419999999719948e+03 3.198168873786926270e-01
5.250899999999719512e+03 3.594877123832702637e-01
5.252379999999719075e+03 3.350485265254974365e-01
5.253859999999718639e+03 3.853720426559448242e-01
5.255339999999718202e+03 3.835380077362060547e-01
5.256819999999717766e+03 3.936734795570373535e-01
5.258299999999717329e+03 3.522987961769104004e-01
5.259779999999716892e+03 3.593415617942810059e-01
5.261259999999716456e+03 3.695136904716491699e-01
5.262739999999716019e+03 3.801570236682891846e-01
5.264219999999715583e+03 3.107957243919372559e-01
5.265699999999715146e+03 3.030520975589752197e-01
5.267179999999714710e+03 3.216831088066101074e-01
5.268659999999714273e+03 3.007363379001617432e-01
5.270139999999713837e+03 3.585250973701477051e-01
5.271619999999713400e+03 3.516323566436767578e-01
5.273099999999712963e+03 4.218255281448364258e-01
5.274579999999712527e+03 2.494593113660812378e-01
5.276059999999712090e+03 3.469295799732208252e-01
5.277539999999711654e+03 3.559098839759826660e-01
5.279019999999711217e+03 3.155203163623809814e-01
5.280499999999710781e+03 3.193101882934570312e-01
5.281979999999710344e+03 3.870449662208557129e-01
5.283459999999709908e+03 3.009054064750671387e-01
5.284939999999709471e+03 3.765889108180999756e-01
5.286419999999709034e+03 3.512960672378540039e-01
5.287899999999708598e+03 3.395922780036926270e-01
5.289379999999708161e+03 3.116525113582611084e-01
5.290859999999707725e+03 3.466759920120239258e-01
5.292339999999707288e+03 3.528100252151489258e-01
5.293819999999706852e+03 3.367566168308258057e-01
5.295299999999706415e+03 3.191472887992858887e-01
5.296779999999705979e+03 3.287013769149780273e-01
5.298259999999705542e+03 3.863752186298370361e-01
5.299739999999705105e+03 3.919413387775421143e-01
5.301219999999704669e+03 3.024821281433105469e-01
5.302699999999704232e+03 3.241364061832427979e-01
5.304179999999703796e+03 3.160540759563446045e-01
5.305659999999703359e+03 3.322929739952087402e-01
5.307139999999702923e+03 3.440743088722229004e-01
5.308619999999702486e+03 3.349658548831939697e-01
5.310099999999702050e+03 3.495455980300903320e-01
5.311579999999701613e+03 3.852678537368774414e-01
5.313059999999701176e+03 3.651096224784851074e-01
5.314539999999700740e+03 3.581570982933044434e-01
5.316019999999700303e+03 2.671583294868469238e-01
5.317499999999699867e+03 3.322597146034240723e-01
5.318979999999699430e+03 3.474963605403900146e-01
5.320459999999698994e+03 3.546354174613952637e-01
5.321939999999698557e+03 4.138993024826049805e-01
5.323419999999698121e+03 3.836769461631774902e-01
5.324899999999697684e+03 4.055510461330413818e-01
5.326379999999697247e+03 3.577880561351776123e-01
5.327859999999696811e+03 3.270712494850158691e-01
5.329339999999696374e+03 3.446658551692962646e-01
5.330819999999695938e+03 3.390761315822601318e-01
5.332299999999695501e+03 3.715282082557678223e-01
5.333779999999695065e+03 3.702923059463500977e-01
5.335259999999694628e+03 3.709694743156433105e-01
5.336739999999694192e+03 4.035046696662902832e-01
5.338219999999693755e+03 3.240920305252075195e-01
5.339699999999693318e+03 3.248680233955383301e-01
5.341179999999692882e+03 3.153458535671234131e-01
5.342659999999692445e+03 3.608407974243164062e-01
5.344139999999692009e+03 3.864385485649108887e-01
5.345619999999691572e+03 3.887872695922851562e-01
5.347099999999691136e+03 3.592118918895721436e-01
5.348579999999690699e+03 2.970257401466369629e-01
5.350059999999690262e+03 3.318414688110351562e-01
5.351539999999689826e+03 3.559253215789794922e-01
5.353019999999689389e+03 2.559318542480468750e-01
5.354499999999688953e+03 3.437046408653259277e-01
5.355979999999688516e+03 4.010885953903198242e-01
5.357459999999688080e+03 3.696158528327941895e-01
5.358939999999687643e+03 3.751749694347381592e-01
5.360419999999687207e+03 3.797372877597808838e-01
5.361899999999686770e+03 3.678718805313110352e-01
5.363379999999686333e+03 3.394471108913421631e-01
5.364859999999685897e+03 3.234650194644927979e-01
5.366339999999685460e+03 3.955036997795104980e-01
5.367819999999685024e+03 4.045146703720092773e-01
5.369299999999684587e+03 3.698463141918182373e-01
5.370779999999684151e+03 3.618109226226806641e-01
5.372259999999683714e+03 3.523358702659606934e-01
5.373739999999683278e+03 3.349969387054443359e-01
5.375219999999682841e+03 3.109219372272491455e-01
5.376699999999682404e+03 3.234167695045471191e-01
5.378179999999681968e+03 3.732697069644927979e-01
5.379659999999681531e+03 3.350648283958435059e-01
5.381139999999681095e+03 3.560267388820648193e-01
5.382619999999680658e+03 3.181034326553344727e-01
5.384099999999680222e+03 3.222475945949554443e-01
5.385579999999679785e+03 3.730673193931579590e-01
5.387059999999679349e+03 3.787657320499420166e-01
5.388539999999678912e+03 3.483903408050537109e-01
5.390019999999678475e+03 3.027817010879516602e-01
5.391499999999678039e+03 3.019151091575622559e-01
5.392979999999677602e+03 3.504709601402282715e-01
5.394459999999677166e+03 3.213844001293182373e-01
5.395939999999676729e+03 3.403850197792053223e-01
5.397419999999676293e+03 3.972374200820922852e-01
5.398899999999675856e+03 3.444881141185760498e-01
5.400379999999675420e+03 3.425875008106231689e-01
5.401859999999674983e+03 3.395677208900451660e-01
5.403339999999674546e+03 3.384783267974853516e-01
5.404819999999674110e+03 3.140462636947631836e-01
5.406299999999673673e+03 3.347102105617523193e-01
5.407779999999673237e+03 4.077503085136413574e-01
5.409259999999672800e+03 3.502708375453948975e-01
5.410739999999672364e+03 2.839883565902709961e-01
5.412219999999671927e+03 3.033744990825653076e-01
5.413699999999671491e+03 3.817480206489562988e-01
5.415179999999671054e+03 4.233213067054748535e-01
5.416659999999670617e+03 3.652689456939697266e-01
5.418139999999670181e+03 3.362736999988555908e-01
5.419619999999669744e+03 3.209579885005950928e-01
5.421099999999669308e+03 3.181843161582946777e-01
5.422579999999668871e+03 3.406252861022949219e-01
5.424059999999668435e+03 3.463030159473419189e-01
5.425539999999667998e+03 3.458026647567749023e-01
5.427019999999667561e+03 3.139174580574035645e-01
5.428499999999667125e+03 3.211471140384674072e-01
5.429979999999666688e+03 3.417970538139343262e-01
5.431459999999666252e+03 3.881672024726867676e-01
5.432939999999665815e+03 4.064858257770538330e-01
5.434419999999665379e+03 3.613139986991882324e-01
5.435899999999664942e+03 3.586526513099670410e-01
5.437379999999664506e+03 3.649649024009704590e-01
5.438859999999664069e+03 3.612957894802093506e-01
5.440339999999663632e+03 3.517203927040100098e-01
5.441819999999663196e+03 2.836128771305084229e-01
5.443299999999662759e+03 3.438789844512939453e-01
5.444779999999662323e+03 2.996042668819427490e-01
5.446259999999661886e+03 3.110150694847106934e-01
5.447739999999661450e+03 4.074025154113769531e-01
5.449219999999661013e+03 3.185668289661407471e-01
5.450699999999660577e+03 3.304240107536315918e-01
5.452179999999660140e+03 3.121643960475921631e-01
5.453659999999659703e+03 3.056350350379943848e-01
5.455139999999659267e+03 3.195833265781402588e-01
5.456619999999658830e+03 3.295535743236541748e-01
5.458099999999658394e+03 3.231949210166931152e-01
5.459579999999657957e+03 3.566357791423797607e-01
5.461059999999657521e+03 3.409165441989898682e-01
5.462539999999657084e+03 2.987548708915710449e-01
5.464019999999656648e+03 3.507753908634185791e-01
5.465499999999656211e+03 3.698964416980743408e-01
5.466979999999655774e+03 3.833686113357543945e-01
5.468459999999655338e+03 3.861863017082214355e-01
5.469939999999654901e+03 3.480617105960845947e-01
5.471419999999654465e+03 3.538496494293212891e-01
5.472899999999654028e+03 3.448217809200286865e-01
5.474379999999653592e+03 3.756314814090728760e-01
5.475859999999653155e+03 3.476610779762268066e-01
5.477339999999652719e+03 3.414404392242431641e-01
5.478819999999652282e+03 3.581004738807678223e-01
5.480299999999651845e+03 3.343004584312438965e-01
5.481779999999651409e+03 3.642388582229614258e-01
5.483259999999650972e+03 3.995663821697235107e-01
5.484739999999650536e+03 3.689707219600677490e-01
5.486219999999650099e+03 3.426437973976135254e-01
5.487699999999649663e+03 3.044703900814056396e-01
5.489179999999649226e+03 3.269336223602294922e-01
5.490659999999648790e+03 3.315294682979583740e-01
5.492139999999648353e+03 3.109028339385986328e-01
5.493619999999647916e+03 3.625899255275726318e-01
5.495099999999647480e+03 3.646883964538574219e-01
5.496579999999647043e+03 3.130834698677062988e-01
5.498059999999646607e+03 3.551439046859741211e-01
5.499539999999646170e+03 3.906900882720947266e-01
5.501019999999645734e+03 3.766016066074371338e-01
5.502499999999645297e+03 3.907578587532043457e-01
5.503979999999644861e+03 3.288944065570831299e-01
5.505459999999644424e+03 3.214080035686492920e-01
5.506939999999643987e+03 3.472119867801666260e-01
5.508419999999643551e+03 3.639218211174011230e-01
5.509899999999643114e+03 3.545679152011871338e-01
5.511379999999642678e+03 3.327457904815673828e-01
5.512859999999642241e+03 3.562303781509399414e-01
5.514339999999641805e+03 3.313146531581878662e-01
5.515819999999641368e+03 3.110575973987579346e-01
5.517299999999640931e+03 3.059234917163848877e-01
5.518779999999640495e+03 3.783718347549438477e-01
5.520259999999640058e+03 3.796786665916442871e-01
5.521739999999639622e+03 3.214952349662780762e-01
5.523219999999639185e+03 2.986865043640136719e-01
5.524699999999638749e+03 3.752549886703491211e-01
5.526179999999638312e+03 3.302815556526184082e-01
5.527659999999637876e+03 3.487725257873535156e-01
5.529139999999637439e+03 3.711836934089660645e-01
5.530619999999637002e+03 3.543123602867126465e-01
5.532099999999636566e+03 3.059655725955963135e-01
5.533579999999636129e+03 3.217535316944122314e-01
5.535059999999635693e+03 3.417599499225616455e-01
5.536539999999635256e+03 3.127404749393463135e-01
5.538019999999634820e+03 2.893355786800384521e-01
5.539499999999634383e+03 3.305565118789672852e-01
5.540979999999633947e+03 3.150196671485900879e-01
5.542459999999633510e+03 3.018970787525177002e-01
5.543939999999633073e+03 3.632645308971405029e-01
5.545419999999632637e+03 3.468438088893890381e-01
5.546899999999632200e+03 3.240701258182525635e-01
5.548379999999631764e+03 3.388344943523406982e-01
5.549859999999631327e+03 3.786714076995849609e-01
5.551339999999630891e+03 3.478278219699859619e-01
5.552819999999630454e+03 3.363952934741973877e-01
5.554299999999630018e+03 3.914535939693450928e-01
5.555779999999629581e+03 3.503267467021942139e-01
5.557259999999629144e+03 3.137915730476379395e-01
5.558739999999628708e+03 3.337399959564208984e-01
5.560219999999628271e+03 3.332227170467376709e-01
5.561699999999627835e+03 3.252548277378082275e-01
5.563179999999627398e+03 2.949103713035583496e-01
5.564659999999626962e+03 3.057626485824584961e-01
5.566139999999626525e+03 3.257124423980712891e-01
5.567619999999626089e+03 3.434695899486541748e-01
5.569099999999625652e+03 3.516698479652404785e-01
5.570579999999625215e+03 3.298403620719909668e-01
5.572059999999624779e+03 3.073757290840148926e-01
5.573539999999624342e+03 3.328399658203125000e-01
5.575019999999623906e+03 2.616437077522277832e-01
5.576499999999623469e+03 3.212855756282806396e-01
5.577979999999623033e+03 3.946538567543029785e-01
5.579459999999622596e+03 2.637969553470611572e-01
5.580939999999622160e+03 3.596870303153991699e-01
5.582419999999621723e+03 3.808692693710327148e-01
5.583899999999621286e+03 3.215490877628326416e-01
5.585379999999620850e+03 3.118300437927246094e-01
5.586859999999620413e+03 3.368411660194396973e-01
5.588339999999619977e+03 3.466800451278686523e-01
5.589819999999619540e+03 3.393693864345550537e-01
5.591299999999619104e+03 2.735409140586853027e-01
5.592779999999618667e+03 3.224499523639678955e-01
5.594259999999618231e+03 3.216638565063476562e-01
5.595739999999617794e+03 3.708663284778594971e-01
5.597219999999617357e+03 3.200670778751373291e-01
5.598699999999616921e+03 3.078839778900146484e-01
5.600179999999616484e+03 2.866331934928894043e-01
5.601659999999616048e+03 3.425339758396148682e-01
5.603139999999615611e+03 3.270508050918579102e-01
5.604619999999615175e+03 3.130835890769958496e-01
5.606099999999614738e+03 3.273631036281585693e-01
5.607579999999614301e+03 3.015950918197631836e-01
5.609059999999613865e+03 3.058330416679382324e-01
5.610539999999613428e+03 2.983065843582153320e-01
5.612019999999612992e+03 2.910024523735046387e-01
5.613499999999612555e+03 2.993284463882446289e-01
5.614979999999612119e+03 3.448434174060821533e-01
5.616459999999611682e+03 3.292211592197418213e-01
5.617939999999611246e+03 2.987717092037200928e-01
5.619419999999610809e+03 3.313373923301696777e-01
5.620899999999610372e+03 3.493544161319732666e-01
5.622379999999609936e+03 3.110437691211700439e-01
5.623859999999609499e+03 3.478769063949584961e-01
5.625339999999609063e+03 3.093312382698059082e-01
5.626819999999608626e+03 3.128496706485748291e-01
5.628299999999608190e+03 3.217667937278747559e-01
5.629779999999607753e+03 3.299654126167297363e-01
5.631259999999607317e+03 3.111006319522857666e-01
5.632739999999606880e+03 3.423621356487274170e-01
5.634219999999606443e+03 3.576098084449768066e-01
5.635699999999606007e+03 3.428274393081665039e-01
5.637179999999605570e+03 3.147937953472137451e-01
5.638659999999605134e+03 3.010209202766418457e-01
5.640139999999604697e+03 3.264331221580505371e-01
5.641619999999604261e+03 3.408321738243103027e-01
5.643099999999603824e+03 3.575401902198791504e-01
5.644579999999603388e+03 3.324069082736968994e-01
5.646059999999602951e+03 3.325099050998687744e-01
5.647539999999602514e+03 3.396498858928680420e-01
5.649019999999602078e+03 3.341289162635803223e-01
5.650499999999601641e+03 3.065717220306396484e-01
5.651979999999601205e+03 2.648678421974182129e-01
5.653459999999600768e+03 2.889017164707183838e-01
5.654939999999600332e+03 3.382915556430816650e-01
5.656419999999599895e+03 3.488438129425048828e-01
5.657899999999599459e+03 3.214854896068572998e-01
5.659379999999599022e+03 3.217280209064483643e-01
5.660859999999598585e+03 3.277304768562316895e-01
5.662339999999598149e+03 3.021529912948608398e-01
5.663819999999597712e+03 2.937309443950653076e-01
5.665299999999597276e+03 2.846105992794036865e-01
5.666779999999596839e+03 2.806722521781921387e-01
5.668259999999596403e+03 2.887098789215087891e-01
5.669739999999595966e+03 2.762804925441741943e-01
5.671219999999595530e+03 3.023977279663085938e-01
5.672699999999595093e+03 3.090192079544067383e-01
5.674179999999594656e+03 3.102926909923553467e-01
5.675659999999594220e+03 3.110173642635345459e-01
5.677139999999593783e+03 3.328880369663238525e-01
5.678619999999593347e+03 3.329367339611053467e-01
5.680099999999592910e+03 2.904623746871948242e-01
5.681579999999592474e+03 3.012428581714630127e-01
5.683059999999592037e+03 3.485252857208251953e-01
5.684539999999591600e+03 3.224525153636932373e-01
5.686019999999591164e+03 3.200985193252563477e-01
5.687499999999590727e+03 3.389829397201538086e-01
5.688979999999590291e+03 3.316015601158142090e-01
5.690459999999589854e+03 3.256264925003051758e-01
5.691939999999589418e+03 2.843377888202667236e-01
5.693419999999588981e+03 3.459514975547790527e-01
5.694899999999588545e+03 3.404677212238311768e-01
5.696379999999588108e+03 3.361601233482360840e-01
5.697859999999587671e+03 3.427226543426513672e-01
5.699339999999587235e+03 2.732332646846771240e-01
5.700819999999586798e+03 3.289718031883239746e-01
5.702299999999586362e+03 3.144271373748779297e-01
5.703779999999585925e+03 2.820907235145568848e-01
5.705259999999585489e+03 3.199144303798675537e-01
5.706739999999585052e+03 3.096052706241607666e-01
5.708219999999584616e+03 2.951324880123138428e-01
5.709699999999584179e+03 3.128630518913269043e-01
5.711179999999583742e+03 2.284081280231475830e-01
5.712659999999583306e+03 2.939447462558746338e-01
5.714139999999582869e+03 3.213090896606445312e-01
5.715619999999582433e+03 3.257969319820404053e-01
5.717099999999581996e+03 2.911987900733947754e-01
5.718579999999581560e+03 2.418798208236694336e-01
5.720059999999581123e+03 3.679143488407135010e-01
5.721539999999580687e+03 3.437367379665374756e-01
5.723019999999580250e+03 3.031472861766815186e-01
5.724499999999579813e+03 2.951736450195312500e-01
5.725979999999579377e+03 3.179361820220947266e-01
5.727459999999578940e+03 3.106020689010620117e-01
5.728939999999578504e+03 3.532913625240325928e-01
5.730419999999578067e+03 3.440134823322296143e-01
5.731899999999577631e+03 2.815302908420562744e-01
5.733379999999577194e+03 2.624903023242950439e-01
5.734859999999576758e+03 3.125132322311401367e-01
5.736339999999576321e+03 3.374466896057128906e-01
5.737819999999575884e+03 3.302745521068572998e-01
5.739299999999575448e+03 3.380312323570251465e-01
5.740779999999575011e+03 3.830994665622711182e-01
5.742259999999574575e+03 3.107810020446777344e-01
5.743739999999574138e+03 3.009139299392700195e-01
5.745219999999573702e+03 3.069607615470886230e-01
5.746699999999573265e+03 2.931151688098907471e-01
5.748179999999572829e+03 2.485438436269760132e-01
5.749659999999572392e+03 3.370564877986907959e-01
5.751139999999571955e+03 3.000150918960571289e-01
5.752619999999571519e+03 3.215504288673400879e-01
5.754099999999571082e+03 3.352725207805633545e-01
5.755579999999570646e+03 2.988344430923461914e-01
5.757059999999570209e+03 2.583119869232177734e-01
5.758539999999569773e+03 2.980025112628936768e-01
5.760019999999569336e+03 3.245244622230529785e-01
5.761499999999568900e+03 3.096782267093658447e-01
5.762979999999568463e+03 3.211456537246704102e-01
5.764459999999568026e+03 3.188882172107696533e-01
5.765939999999567590e+03 2.775930166244506836e-01
5.767419999999567153e+03 3.436994850635528564e-01
5.768899999999566717e+03 3.536913990974426270e-01
5.770379999999566280e+03 3.068720698356628418e-01
5.771859999999565844e+03 3.610426187515258789e-01
5.773339999999565407e+03 2.981772422790527344e-01
5.774819999999564970e+03 2.769623398780822754e-01
5.776299999999564534e+03 3.354432880878448486e-01
5.777779999999564097e+03 3.404026925563812256e-01
5.779259999999563661e+03 3.224182128906250000e-01
5.780739999999563224e+03 3.051697015762329102e-01
5.782219999999562788e+03 3.469962477684020996e-01
5.783699999999562351e+03 2.915743589401245117e-01
5.785179999999561915e+03 2.613732814788818359e-01
5.786659999999561478e+03 3.353857398033142090e-01
5.788139999999561041e+03 2.759126722812652588e-01
5.789619999999560605e+03 2.907574176788330078e-01
5.791099999999560168e+03 2.986647784709930420e-01
5.792579999999559732e+03 3.092566132545471191e-01
5.794059999999559295e+03 2.778954803943634033e-01
5.795539999999558859e+03 3.240267336368560791e-01
5.797019999999558422e+03 3.073005080223083496e-01
5.798499999999557986e+03 3.551704287528991699e-01
5.799979999999557549e+03 3.156786561012268066e-01
5.801459999999557112e+03 3.161137998104095459e-01
5.802939999999556676e+03 2.879537642002105713e-01
5.804419999999556239e+03 3.161478340625762939e-01
5.805899999999555803e+03 3.340110182762145996e-01
5.807379999999555366e+03 3.211498856544494629e-01
5.808859999999554930e+03 3.061204850673675537e-01
5.810339999999554493e+03 2.798369824886322021e-01
5.811819999999554057e+03 3.032719194889068604e-01
5.813299999999553620e+03 3.034156560897827148e-01
5.814779999999553183e+03 3.256072402000427246e-01
5.816259999999552747e+03 2.878196835517883301e-01
5.817739999999552310e+03 2.617137730121612549e-01
5.819219999999551874e+03 2.826438546180725098e-01
5.820699999999551437e+03 3.078095614910125732e-01
5.822179999999551001e+03 3.557258546352386475e-01
5.823659999999550564e+03 3.303036987781524658e-01
5.825139999999550128e+03 3.405644595623016357e-01
5.826619999999549691e+03 3.239099681377410889e-01
5.828099999999549254e+03 3.147673010826110840e-01
5.829579999999548818e+03 3.508657813072204590e-01
5.831059999999548381e+03 3.513428866863250732e-01
5.832539999999547945e+03 2.830041646957397461e-01
5.834019999999547508e+03 3.161026835441589355e-01
5.835499999999547072e+03 3.073079586029052734e-01
5.836979999999546635e+03 3.000291287899017334e-01
5.838459999999546199e+03 3.564963340759277344e-01
5.839939999999545762e+03 3.190661072731018066e-01
5.841419999999545325e+03 3.080089390277862549e-01
5.842899999999544889e+03 3.205161094665527344e-01
5.844379999999544452e+03 2.912306189537048340e-01
5.845859999999544016e+03 3.304534852504730225e-01
5.847339999999543579e+03 3.555801808834075928e-01
5.848819999999543143e+03 3.550209105014801025e-01
5.850299999999542706e+03 3.250741064548492432e-01
5.851779999999542270e+03 2.986220121383666992e-01
5.853259999999541833e+03 3.300218284130096436e-01
5.854739999999541396e+03 3.213504552841186523e-01
5.856219999999540960e+03 3.049343228340148926e-01
5.857699999999540523e+03 3.243870437145233154e-01
5.859179999999540087e+03 3.098673820495605469e-01
5.860659999999539650e+03 3.482071459293365479e-01
5.862139999999539214e+03 2.996320128440856934e-01
5.863619999999538777e+03 3.439455032348632812e-01
5.865099999999538340e+03 3.676456809043884277e-01
5.866579999999537904e+03 3.602351546287536621e-01
5.868059999999537467e+03 3.284163177013397217e-01
5.869539999999537031e+03 2.712475061416625977e-01
5.871019999999536594e+03 3.260450065135955811e-01
5.872499999999536158e+03 3.674908280372619629e-01
5.873979999999535721e+03 3.152122497558593750e-01
5.875459999999535285e+03 3.136128783226013184e-01
5.876939999999534848e+03 3.352747261524200439e-01
5.878419999999534411e+03 3.179396688938140869e-01
5.879899999999533975e+03 3.260340690612792969e-01
5.881379999999533538e+03 3.487628996372222900e-01
5.882859999999533102e+03 3.260012865066528320e-01
5.884339999999532665e+03 2.794924676418304443e-01
5.885819999999532229e+03 3.178412318229675293e-01
5.887299999999531792e+03 3.026828765869140625e-01
5.888779999999531356e+03 2.710789144039154053e-01
5.890259999999530919e+03 4.081461131572723389e-01
5.891739999999530482e+03 4.120973944664001465e-01
5.893219999999530046e+03 3.223564624786376953e-01
5.894699999999529609e+03 3.446265757083892822e-01
5.896179999999529173e+03 3.045023977756500244e-01
5.897659999999528736e+03 2.727679014205932617e-01
5.899139999999528300e+03 3.030236959457397461e-01
5.900619999999527863e+03 3.347720503807067871e-01
5.902099999999527427e+03 3.141159117221832275e-01
5.903579999999526990e+03 3.201830983161926270e-01
5.905059999999526553e+03 3.387106060981750488e-01
5.906539999999526117e+03 3.736224174499511719e-01
5.908019999999525680e+03 3.279283344745635986e-01
5.909499999999525244e+03 2.667135894298553467e-01
5.910979999999524807e+03 2.798379361629486084e-01
5.912459999999524371e+03 3.020698130130767822e-01
5.913939999999523934e+03 2.933903336524963379e-01
5.915419999999523498e+03 3.013566434383392334e-01
5.916899999999523061e+03 3.168331980705261230e-01
5.918379999999522624e+03 3.003813624382019043e-01
5.919859999999522188e+03 3.426681160926818848e-01
5.921339999999521751e+03 3.250576853752136230e-01
5.922819999999521315e+03 3.325962722301483154e-01
5.924299999999520878e+03 3.485611379146575928e-01
5.925779999999520442e+03 3.413828015327453613e-01
5.927259999999520005e+03 2.738142013549804688e-01
5.928739999999519569e+03 2.731125950813293457e-01
5.930219999999519132e+03 2.857401072978973389e-01
5.931699999999518695e+03 3.229035139083862305e-01
5.933179999999518259e+03 3.109694719314575195e-01
5.934659999999517822e+03 3.181490898132324219e-01
5.936139999999517386e+03 3.257429599761962891e-01
5.937619999999516949e+03 2.979601919651031494e-01
5.939099999999516513e+03 2.988686263561248779e-01
5.940579999999516076e+03 3.187505602836608887e-01
5.942059999999515640e+03 2.952496111392974854e-01
5.943539999999515203e+03 2.871680855751037598e-01
5.945019999999514766e+03 4.037980437278747559e-01
5.946499999999514330e+03 3.475388586521148682e-01
5.947979999999513893e+03 2.928715050220489502e-01
5.949459999999513457e+03 3.448569774627685547e-01
5.950939999999513020e+03 3.992166519165039062e-01
5.952419999999512584e+03 3.149620890617370605e-01
5.953899999999512147e+03 3.509848117828369141e-01
5.955379999999511710e+03 3.386697769165039062e-01
5.956859999999511274e+03 3.597795963287353516e-01
5.958339999999510837e+03 3.858854174613952637e-01
5.959819999999510401e+03 3.241994380950927734e-01
5.961299999999509964e+03 3.263298571109771729e-01
5.962779999999509528e+03 3.028349578380584717e-01
5.964259999999509091e+03 3.019327819347381592e-01
5.965739999999508655e+03 3.666240870952606201e-01
5.967219999999508218e+03 3.392519056797027588e-01
5.968699999999507781e+03 3.130641281604766846e-01
5.970179999999507345e+03 3.081462681293487549e-01
5.971659999999506908e+03 3.245610892772674561e-01
5.973139999999506472e+03 3.697556555271148682e-01
5.974619999999506035e+03 3.375217020511627197e-01
5.976099999999505599e+03 2.362826764583587646e-01
5.977579999999505162e+03 3.079140484333038330e-01
5.979059999999504726e+03 2.699796855449676514e-01
5.980539999999504289e+03 2.879279553890228271e-01
5.982019999999503852e+03 3.028009831905364990e-01
5.983499999999503416e+03 3.162502646446228027e-01
5.984979999999502979e+03 3.280707001686096191e-01
5.986459999999502543e+03 3.213408589363098145e-01
5.987939999999502106e+03 2.871979475021362305e-01
5.989419999999501670e+03 2.692240476608276367e-01
5.990899999999501233e+03 2.880833745002746582e-01
5.992379999999500797e+03 3.114204704761505127e-01
5.993859999999500360e+03 3.299335539340972900e-01
5.995339999999499923e+03 2.919877171516418457e-01
5.996819999999499487e+03 2.883610427379608154e-01
5.998299999999499050e+03 3.126501441001892090e-01
5.999779999999498614e+03 2.916457056999206543e-01
6.001259999999498177e+03 2.761706411838531494e-01
6.002739999999497741e+03 2.677795886993408203e-01
6.004219999999497304e+03 2.941581010818481445e-01
6.005699999999496868e+03 2.961582839488983154e-01
6.007179999999496431e+03 2.825027406215667725e-01
6.008659999999495994e+03 3.008596003055572510e-01
6.010139999999495558e+03 2.897150516510009766e-01
6.011619999999495121e+03 2.833250164985656738e-01
6.013099999999494685e+03 4.171339273452758789e-01
6.014579999999494248e+03 6.136733889579772949e-01
6.016059999999493812e+03 5.984476804733276367e-01
6.017539999999493375e+03 4.044329822063446045e-01
6.019019999999492939e+03 2.984662950038909912e-01
6.020499999999492502e+03 2.504380345344543457e-01
6.021979999999492065e+03 2.883422672748565674e-01
6.023459999999491629e+03 3.158712387084960938e-01
6.024939999999491192e+03 2.988517582416534424e-01
6.026419999999490756e+03 2.807733416557312012e-01
6.027899999999490319e+03 2.853395044803619385e-01
6.029379999999489883e+03 3.155369460582733154e-01
6.030859999999489446e+03 2.574455440044403076e-01
6.032339999999489009e+03 3.174454271793365479e-01
6.033819999999488573e+03 3.101880252361297607e-01
6.035299999999488136e+03 2.688786089420318604e-01
6.036779999999487700e+03 2.563140988349914551e-01
6.038259999999487263e+03 2.997216880321502686e-01
6.039739999999486827e+03 2.877900600433349609e-01
6.041219999999486390e+03 3.110439777374267578e-01
6.042699999999485954e+03 3.047437667846679688e-01
6.044179999999485517e+03 2.388637363910675049e-01
6.045659999999485080e+03 2.566494047641754150e-01
6.047139999999484644e+03 2.658236026763916016e-01
6.048619999999484207e+03 2.553723454475402832e-01
6.050099999999483771e+03 2.838568687438964844e-01
6.051579999999483334e+03 3.300756514072418213e-01
6.053059999999482898e+03 2.883996069431304932e-01
6.054539999999482461e+03 2.646789550781250000e-01
6.056019999999482025e+03 2.724655270576477051e-01
6.057499999999481588e+03 3.098129034042358398e-01
6.058979999999481151e+03 2.898135781288146973e-01
6.060459999999480715e+03 2.878183722496032715e-01
6.061939999999480278e+03 2.818410992622375488e-01
6.063419999999479842e+03 3.254375755786895752e-01
6.064899999999479405e+03 3.110995590686798096e-01
6.066379999999478969e+03 2.918023765087127686e-01
6.067859999999478532e+03 2.973238229751586914e-01
6.069339999999478096e+03 3.360490202903747559e-01
6.070819999999477659e+03 2.941912412643432617e-01
6.072299999999477222e+03 2.817460298538208008e-01
6.073779999999476786e+03 2.724513709545135498e-01
6.075259999999476349e+03 2.773974239826202393e-01
6.076739999999475913e+03 2.913397550582885742e-01
6.078219999999475476e+03 2.972394526004791260e-01
6.079699999999475040e+03 2.796951532363891602e-01
6.081179999999474603e+03 2.798892855644226074e-01
6.082659999999474167e+03 2.964908778667449951e-01
6.084139999999473730e+03 2.865248322486877441e-01
6.085619999999473293e+03 2.943878471851348877e-01
6.087099999999472857e+03 2.996478080749511719e-01
6.088579999999472420e+03 2.739710211753845215e-01
6.090059999999471984e+03 2.684367597103118896e-01
6.091539999999471547e+03 3.096941113471984863e-01
6.093019999999471111e+03 2.962688803672790527e-01
6.094499999999470674e+03 2.940893173217773438e-01
6.095979999999470238e+03 3.226668238639831543e-01
6.097459999999469801e+03 3.188822865486145020e-01
6.098939999999469364e+03 3.076862394809722900e-01
6.100419999999468928e+03 3.399780690670013428e-01
6.101899999999468491e+03 2.953799664974212646e-01
6.103379999999468055e+03 3.005719184875488281e-01
6.104859999999467618e+03 3.414292037487030029e-01
6.106339999999467182e+03 3.226013481616973877e-01
6.107819999999466745e+03 3.213649988174438477e-01
6.109299999999466309e+03 3.661630451679229736e-01
6.110779999999465872e+03 3.722165822982788086e-01
6.112259999999465435e+03 2.762107849121093750e-01
6.113739999999464999e+03 3.269064426422119141e-01
6.115219999999464562e+03 2.921502590179443359e-01
6.116699999999464126e+03 2.443817257881164551e-01
6.118179999999463689e+03 2.812867760658264160e-01
6.119659999999463253e+03 3.012724816799163818e-01
6.121139999999462816e+03 2.869182229042053223e-01
6.122619999999462379e+03 2.881968021392822266e-01
6.124099999999461943e+03 2.940515279769897461e-01
6.125579999999461506e+03 2.799788117408752441e-01
6.127059999999461070e+03 2.904698252677917480e-01
6.128539999999460633e+03 3.176183998584747314e-01
6.130019999999460197e+03 2.631983757019042969e-01
6.131499999999459760e+03 2.900792956352233887e-01
6.132979999999459324e+03 3.020698428153991699e-01
6.134459999999458887e+03 2.851197421550750732e-01
6.135939999999458450e+03 2.900035679340362549e-01
6.137419999999458014e+03 2.727972269058227539e-01
6.138899999999457577e+03 2.820163369178771973e-01
6.140379999999457141e+03 3.174873590469360352e-01
6.141859999999456704e+03 2.645352482795715332e-01
6.143339999999456268e+03 2.604685723781585693e-01
6.144819999999455831e+03 3.155511021614074707e-01
6.146299999999455395e+03 3.234952688217163086e-01
6.147779999999454958e+03 3.061778545379638672e-01
6.149259999999454521e+03 2.885438799858093262e-01
6.150739999999454085e+03 2.724782228469848633e-01
6.152219999999453648e+03 2.849635779857635498e-01
6.153699999999453212e+03 2.658815383911132812e-01
6.155179999999452775e+03 2.463871240615844727e-01
6.156659999999452339e+03 3.104738891124725342e-01
6.158139999999451902e+03 3.146280348300933838e-01
6.159619999999451466e+03 2.809111177921295166e-01
6.161099999999451029e+03 2.461662292480468750e-01
6.162579999999450592e+03 2.745685875415802002e-01
6.164059999999450156e+03 2.675441801548004150e-01
6.165539999999449719e+03 2.741619348526000977e-01
6.167019999999449283e+03 2.941832542419433594e-01
6.168499999999448846e+03 2.607891559600830078e-01
6.169979999999448410e+03 2.669333815574645996e-01
6.171459999999447973e+03 2.888020277023315430e-01
6.172939999999447537e+03 2.947133779525756836e-01
6.174419999999447100e+03 3.025161623954772949e-01
6.175899999999446663e+03 2.973397076129913330e-01
6.177379999999446227e+03 2.886998355388641357e-01
6.178859999999445790e+03 3.006582558155059814e-01
6.180339999999445354e+03 3.102949857711791992e-01
6.181819999999444917e+03 2.849147617816925049e-01
6.183299999999444481e+03 3.130161762237548828e-01
6.184779999999444044e+03 3.043605983257293701e-01
6.186259999999443608e+03 2.687459886074066162e-01
6.187739999999443171e+03 2.530645132064819336e-01
6.189219999999442734e+03 2.709756493568420410e-01
6.190699999999442298e+03 2.910423576831817627e-01
6.192179999999441861e+03 2.650960981845855713e-01
6.193659999999441425e+03 2.716629505157470703e-01
6.195139999999440988e+03 2.584020197391510010e-01
6.196619999999440552e+03 2.473482936620712280e-01
6.198099999999440115e+03 3.015445172786712646e-01
6.199579999999439679e+03 3.091093301773071289e-01
6.201059999999439242e+03 3.181417584419250488e-01
6.202539999999438805e+03 3.073282837867736816e-01
6.204019999999438369e+03 3.216817080974578857e-01
6.205499999999437932e+03 3.365454971790313721e-01
6.206979999999437496e+03 2.886266410350799561e-01
6.208459999999437059e+03 2.912670373916625977e-01
6.209939999999436623e+03 2.928839325904846191e-01
6.211419999999436186e+03 3.146891593933105469e-01
6.212899999999435749e+03 3.527499437332153320e-01
6.214379999999435313e+03 3.095553815364837646e-01
6.215859999999434876e+03 2.718631327152252197e-01
6.217339999999434440e+03 2.953298091888427734e-01
6.218819999999434003e+03 3.079991042613983154e-01
6.220299999999433567e+03 3.084847629070281982e-01
6.221779999999433130e+03 2.915002405643463135e-01
6.223259999999432694e+03 2.841857373714447021e-01
6.224739999999432257e+03 3.198101520538330078e-01
6.226219999999431820e+03 2.880723476409912109e-01
6.227699999999431384e+03 2.661568224430084229e-01
6.229179999999430947e+03 2.493417561054229736e-01
6.230659999999430511e+03 2.497221678495407104e-01
6.232139999999430074e+03 3.148238658905029297e-01
6.233619999999429638e+03 2.673916518688201904e-01
6.235099999999429201e+03 2.733391821384429932e-01
6.236579999999428765e+03 3.151737153530120850e-01
6.238059999999428328e+03 2.867253720760345459e-01
6.239539999999427891e+03 2.948365211486816406e-01
6.241019999999427455e+03 2.923755347728729248e-01
6.242499999999427018e+03 3.105358481407165527e-01
6.243979999999426582e+03 3.015896677970886230e-01
6.245459999999426145e+03 2.784487009048461914e-01
6.246939999999425709e+03 2.503655850887298584e-01
6.248419999999425272e+03 2.865083217620849609e-01
6.249899999999424836e+03 2.786341607570648193e-01
6.251379999999424399e+03 2.663508653640747070e-01
6.252859999999423962e+03 3.086495995521545410e-01
6.254339999999423526e+03 2.691222429275512695e-01
6.255819999999423089e+03 2.871035635471343994e-01
6.257299999999422653e+03 3.250789940357208252e-01
6.258779999999422216e+03 2.939619421958923340e-01
6.260259999999421780e+03 2.923503220081329346e-01
6.261739999999421343e+03 2.633449435234069824e-01
6.263219999999420907e+03 2.914578914642333984e-01
6.264699999999420470e+03 3.213151097297668457e-01
6.266179999999420033e+03 2.646941244602203369e-01
6.267659999999419597e+03 2.715288102626800537e-01
6.269139999999419160e+03 2.713161706924438477e-01
6.270619999999418724e+03 2.272048890590667725e-01
6.272099999999418287e+03 2.236939966678619385e-01
6.273579999999417851e+03 2.455143034458160400e-01
6.275059999999417414e+03 2.472441345453262329e-01
6.276539999999416978e+03 2.584903240203857422e-01
6.278019999999416541e+03 2.538486719131469727e-01
6.279499999999416104e+03 2.809563279151916504e-01
6.280979999999415668e+03 2.279547154903411865e-01
6.282459999999415231e+03 2.786325514316558838e-01
6.283939999999414795e+03 2.249826490879058838e-01
6.285419999999414358e+03 2.547273039817810059e-01
6.286899999999413922e+03 3.069140315055847168e-01
6.288379999999413485e+03 2.634840607643127441e-01
6.289859999999413048e+03 2.983759641647338867e-01
6.291339999999412612e+03 2.948050498962402344e-01
6.292819999999412175e+03 2.400282025337219238e-01
6.294299999999411739e+03 2.454205900430679321e-01
6.295779999999411302e+03 2.714861333370208740e-01
6.297259999999410866e+03 1.480141431093215942e-01
6.298739999999410429e+03 3.053716123104095459e-01
6.300219999999409993e+03 4.382881820201873779e-01
6.301699999999409556e+03 3.234870433807373047e-01
6.303179999999409119e+03 2.213526368141174316e-01
6.304659999999408683e+03 2.560080885887145996e-01
6.306139999999408246e+03 3.010390102863311768e-01
6.307619999999407810e+03 2.940537333488464355e-01
6.309099999999407373e+03 2.764101922512054443e-01
6.310579999999406937e+03 2.628940641880035400e-01
6.312059999999406500e+03 2.476149797439575195e-01
6.313539999999406064e+03 2.610609531402587891e-01
6.315019999999405627e+03 2.847818732261657715e-01
6.316499999999405190e+03 2.609048783779144287e-01
6.317979999999404754e+03 2.757946550846099854e-01
6.319459999999404317e+03 2.713356912136077881e-01
6.320939999999403881e+03 2.695244252681732178e-01
6.322419999999403444e+03 2.871685326099395752e-01
6.323899999999403008e+03 2.762672305107116699e-01
6.325379999999402571e+03 2.511776387691497803e-01
6.326859999999402135e+03 2.870994508266448975e-01
6.328339999999401698e+03 2.886616885662078857e-01
6.329819999999401261e+03 3.030721545219421387e-01
6.331299999999400825e+03 2.788191437721252441e-01
6.332779999999400388e+03 2.684050500392913818e-01
6.334259999999399952e+03 2.834148406982421875e-01
6.335739999999399515e+03 2.489285171031951904e-01
6.337219999999399079e+03 2.712107300758361816e-01
6.338699999999398642e+03 2.637304961681365967e-01
6.340179999999398206e+03 2.563335299491882324e-01
6.341659999999397769e+03 2.686603665351867676e-01
6.343139999999397332e+03 2.636996209621429443e-01
6.344619999999396896e+03 2.935533523559570312e-01
6.346099999999396459e+03 2.744662165641784668e-01
6.347579999999396023e+03 2.604027688503265381e-01
6.349059999999395586e+03 2.641012072563171387e-01
6.350539999999395150e+03 2.841916382312774658e-01
6.352019999999394713e+03 2.782238721847534180e-01
6.353499999999394277e+03 2.687713801860809326e-01
6.354979999999393840e+03 3.006929755210876465e-01
6.356459999999393403e+03 2.859789133071899414e-01
6.357939999999392967e+03 2.847821712493896484e-01
6.359419999999392530e+03 2.644715905189514160e-01
6.360899999999392094e+03 2.061590552330017090e-01
6.362379999999391657e+03 2.759908437728881836e-01
6.363859999999391221e+03 3.469710648059844971e-01
6.365339999999390784e+03 2.425080835819244385e-01
6.366819999999390348e+03 2.688856124877929688e-01
6.368299999999389911e+03 2.483523339033126831e-01
6.369779999999389474e+03 2.779304385185241699e-01
6.371259999999389038e+03 3.304897844791412354e-01
6.372739999999388601e+03 2.910698950290679932e-01
6.374219999999388165e+03 2.637027204036712646e-01
6.375699999999387728e+03 3.068481683731079102e-01
6.377179999999387292e+03 2.472440451383590698e-01
6.378659999999386855e+03 2.425312250852584839e-01
6.380139999999386418e+03 2.748414874076843262e-01
6.381619999999385982e+03 2.829015851020812988e-01
6.383099999999385545e+03 3.037588298320770264e-01
6.384579999999385109e+03 2.528906166553497314e-01
6.386059999999384672e+03 2.533541023731231689e-01
6.387539999999384236e+03 2.472096830606460571e-01
6.389019999999383799e+03 2.317790240049362183e-01
6.390499999999383363e+03 2.736778259277343750e-01
6.391979999999382926e+03 2.740367650985717773e-01
6.393459999999382489e+03 2.692597508430480957e-01
6.394939999999382053e+03 2.440979927778244019e-01
6.396419999999381616e+03 2.896950542926788330e-01
6.397899999999381180e+03 3.334098756313323975e-01
6.399379999999380743e+03 2.425739169120788574e-01
6.400859999999380307e+03 2.245501726865768433e-01
6.402339999999379870e+03 2.537648677825927734e-01
6.403819999999379434e+03 2.854211032390594482e-01
6.405299999999378997e+03 2.601295113563537598e-01
6.406779999999378560e+03 2.518434226512908936e-01
6.408259999999378124e+03 2.937450408935546875e-01
6.409739999999377687e+03 2.622106075286865234e-01
6.411219999999377251e+03 2.875650227069854736e-01
6.412699999999376814e+03 2.640621066093444824e-01
6.414179999999376378e+03 2.534508705139160156e-01
6.415659999999375941e+03 2.682698965072631836e-01
6.417139999999375505e+03 2.449894547462463379e-01
6.418619999999375068e+03 2.506738007068634033e-01
6.420099999999374631e+03 2.592536211013793945e-01
6.421579999999374195e+03 2.806538343429565430e-01
6.423059999999373758e+03 3.008419871330261230e-01
6.424539999999373322e+03 2.843112647533416748e-01
6.426019999999372885e+03 2.575362622737884521e-01
6.427499999999372449e+03 2.510473132133483887e-01
6.428979999999372012e+03 2.841041684150695801e-01
6.430459999999371576e+03 2.938371598720550537e-01
6.431939999999371139e+03 2.658124268054962158e-01
6.433419999999370702e+03 2.420919984579086304e-01
6.434899999999370266e+03 2.600477933883666992e-01
6.436379999999369829e+03 2.814294099807739258e-01
6.437859999999369393e+03 2.679663002490997314e-01
6.439339999999368956e+03 2.547293007373809814e-01
6.440819999999368520e+03 2.444946616888046265e-01
6.442299999999368083e+03 2.404653728008270264e-01
6.443779999999367647e+03 2.503381073474884033e-01
6.445259999999367210e+03 2.475702762603759766e-01
6.446739999999366773e+03 2.873263061046600342e-01
6.448219999999366337e+03 3.832314312458038330e-01
6.449699999999365900e+03 4.446446299552917480e-01
6.451179999999365464e+03 3.945577740669250488e-01
6.452659999999365027e+03 2.973851859569549561e-01
6.454139999999364591e+03 3.042924404144287109e-01
6.455619999999364154e+03 2.825153470039367676e-01
6.457099999999363718e+03 2.989239096641540527e-01
6.458579999999363281e+03 3.354356288909912109e-01
6.460059999999362844e+03 3.328486084938049316e-01
6.461539999999362408e+03 2.885107696056365967e-01
6.463019999999361971e+03 2.993801832199096680e-01
6.464499999999361535e+03 2.804880440235137939e-01
6.465979999999361098e+03 2.707233726978302002e-01
6.467459999999360662e+03 2.311530262231826782e-01
6.468939999999360225e+03 2.545892596244812012e-01
6.470419999999359788e+03 2.702974677085876465e-01
6.471899999999359352e+03 2.449934184551239014e-01
6.473379999999358915e+03 2.857127487659454346e-01
6.474859999999358479e+03 2.981203794479370117e-01
6.476339999999358042e+03 2.750995755195617676e-01
6.477819999999357606e+03 2.614768743515014648e-01
6.479299999999357169e+03 2.547624111175537109e-01
6.480779999999356733e+03 2.802563905715942383e-01
6.482259999999356296e+03 2.847941815853118896e-01
6.483739999999355859e+03 2.997277379035949707e-01
6.485219999999355423e+03 2.581931948661804199e-01
6.486699999999354986e+03 2.564207315444946289e-01
6.488179999999354550e+03 2.905923426151275635e-01
6.489659999999354113e+03 2.808088362216949463e-01
6.491139999999353677e+03 2.737733423709869385e-01
6.492619999999353240e+03 2.931507825851440430e-01
6.494099999999352804e+03 2.824752926826477051e-01
6.495579999999352367e+03 2.363892644643783569e-01
6.497059999999351930e+03 2.371094822883605957e-01
6.498539999999351494e+03 2.497112601995468140e-01
6.500019999999351057e+03 2.546810209751129150e-01
6.501499999999350621e+03 2.524494528770446777e-01
6.502979999999350184e+03 2.817361652851104736e-01
6.504459999999349748e+03 2.970293164253234863e-01
6.505939999999349311e+03 2.745156288146972656e-01
6.507419999999348875e+03 2.528645396232604980e-01
6.508899999999348438e+03 2.830218672752380371e-01
6.510379999999348001e+03 2.819367647171020508e-01
6.511859999999347565e+03 2.555330693721771240e-01
6.513339999999347128e+03 2.975153326988220215e-01
6.514819999999346692e+03 3.361006081104278564e-01
6.516299999999346255e+03 3.239739239215850830e-01
6.517779999999345819e+03 3.018726110458374023e-01
6.519259999999345382e+03 2.815792262554168701e-01
6.520739999999344946e+03 2.963564395904541016e-01
6.522219999999344509e+03 2.885829508304595947e-01
6.523699999999344072e+03 2.816726565361022949e-01
6.525179999999343636e+03 2.608975172042846680e-01
6.526659999999343199e+03 2.454099208116531372e-01
6.528139999999342763e+03 2.901117503643035889e-01
6.529619999999342326e+03 2.814927697181701660e-01
6.531099999999341890e+03 2.935620546340942383e-01
6.532579999999341453e+03 2.676691114902496338e-01
6.534059999999341017e+03 2.721194028854370117e-01
6.535539999999340580e+03 3.050269782543182373e-01
6.537019999999340143e+03 3.112881183624267578e-01
6.538499999999339707e+03 2.875598669052124023e-01
6.539979999999339270e+03 2.795220017433166504e-01
6.541459999999338834e+03 2.507050931453704834e-01
6.542939999999338397e+03 2.299769818782806396e-01
6.544419999999337961e+03 2.525908052921295166e-01
6.545899999999337524e+03 2.640959918498992920e-01
6.547379999999337088e+03 2.760932445526123047e-01
6.548859999999336651e+03 2.862124443054199219e-01
6.550339999999336214e+03 2.615714669227600098e-01
6.551819999999335778e+03 2.610050141811370850e-01
6.553299999999335341e+03 3.001546859741210938e-01
6.554779999999334905e+03 2.850765287876129150e-01
6.556259999999334468e+03 2.526733279228210449e-01
6.557739999999334032e+03 2.925127148628234863e-01
6.559219999999333595e+03 2.581815719604492188e-01
6.560699999999333158e+03 2.334232330322265625e-01
6.562179999999332722e+03 2.391575574874877930e-01
6.563659999999332285e+03 2.514615356922149658e-01
6.565139999999331849e+03 2.633045315742492676e-01
6.566619999999331412e+03 2.488984763622283936e-01
6.568099999999330976e+03 2.751843929290771484e-01
6.569579999999330539e+03 2.772689163684844971e-01
6.571059999999330103e+03 2.858951091766357422e-01
6.572539999999329666e+03 2.369033694267272949e-01
6.574019999999329229e+03 2.423104643821716309e-01
6.575499999999328793e+03 2.873020172119140625e-01
6.576979999999328356e+03 2.930516600608825684e-01
6.578459999999327920e+03 2.661687135696411133e-01
6.579939999999327483e+03 2.629262804985046387e-01
6.581419999999327047e+03 2.753783762454986572e-01
6.582899999999326610e+03 2.560909688472747803e-01
6.584379999999326174e+03 2.551246583461761475e-01
6.585859999999325737e+03 2.492549717426300049e-01
6.587339999999325300e+03 2.486455738544464111e-01
6.588819999999324864e+03 3.118482232093811035e-01
6.590299999999324427e+03 2.928757667541503906e-01
6.591779999999323991e+03 2.333994656801223755e-01
6.593259999999323554e+03 2.312632203102111816e-01
6.594739999999323118e+03 2.375105321407318115e-01
6.596219999999322681e+03 2.535963356494903564e-01
6.597699999999322245e+03 2.326650917530059814e-01
6.599179999999321808e+03 2.554904818534851074e-01
6.600659999999321371e+03 2.511741816997528076e-01
6.602139999999320935e+03 2.798053920269012451e-01
6.603619999999320498e+03 2.559629380702972412e-01
6.605099999999320062e+03 2.685616016387939453e-01
6.606579999999319625e+03 2.781959176063537598e-01
6.608059999999319189e+03 2.318124175071716309e-01
6.609539999999318752e+03 2.183497101068496704e-01
6.611019999999318316e+03 2.714205980300903320e-01
6.612499999999317879e+03 2.190390825271606445e-01
6.613979999999317442e+03 2.066740095615386963e-01
6.615459999999317006e+03 2.567435204982757568e-01
6.616939999999316569e+03 2.640833258628845215e-01
6.618419999999316133e+03 2.703675329685211182e-01
6.619899999999315696e+03 2.591620087623596191e-01
6.621379999999315260e+03 2.797880172729492188e-01
6.622859999999314823e+03 3.093727529048919678e-01
6.624339999999314387e+03 2.751767337322235107e-01
6.625819999999313950e+03 2.579477429389953613e-01
6.627299999999313513e+03 2.462286651134490967e-01
6.628779999999313077e+03 2.793009579181671143e-01
6.630259999999312640e+03 2.968692481517791748e-01
6.631739999999312204e+03 2.395733147859573364e-01
6.633219999999311767e+03 2.353984862565994263e-01
6.634699999999311331e+03 2.933797240257263184e-01
6.636179999999310894e+03 2.820984721183776855e-01
6.637659999999310457e+03 2.225489467382431030e-01
6.639139999999310021e+03 2.503123283386230469e-01
6.640619999999309584e+03 3.148374855518341064e-01
6.642099999999309148e+03 2.893662452697753906e-01
6.643579999999308711e+03 2.939804792404174805e-01
6.645059999999308275e+03 2.868200838565826416e-01
6.646539999999307838e+03 2.603200376033782959e-01
6.648019999999307402e+03 2.629650831222534180e-01
6.649499999999306965e+03 2.598112225532531738e-01
6.650979999999306528e+03 2.481147646903991699e-01
6.652459999999306092e+03 2.458204478025436401e-01
6.653939999999305655e+03 2.728553414344787598e-01
6.655419999999305219e+03 2.879338860511779785e-01
6.656899999999304782e+03 2.601841092109680176e-01
6.658379999999304346e+03 2.768065929412841797e-01
6.659859999999303909e+03 2.997686266899108887e-01
6.661339999999303473e+03 2.710240781307220459e-01
6.662819999999303036e+03 2.421317249536514282e-01
6.664299999999302599e+03 2.709233760833740234e-01
6.665779999999302163e+03 2.690030634403228760e-01
6.667259999999301726e+03 2.758308351039886475e-01
6.668739999999301290e+03 2.804890275001525879e-01
6.670219999999300853e+03 2.919700145721435547e-01
6.671699999999300417e+03 2.885076999664306641e-01
6.673179999999299980e+03 2.588773369789123535e-01
6.674659999999299544e+03 2.510104477405548096e-01
6.676139999999299107e+03 2.723160088062286377e-01
6.677619999999298670e+03 2.585432827472686768e-01
6.679099999999298234e+03 2.659621238708496094e-01
6.680579999999297797e+03 2.972424626350402832e-01
6.682059999999297361e+03 2.935547828674316406e-01
6.683539999999296924e+03 2.814282476902008057e-01
6.685019999999296488e+03 2.675189971923828125e-01
6.686499999999296051e+03 2.740671038627624512e-01
6.687979999999295615e+03 2.758265435695648193e-01
6.689459999999295178e+03 2.413389980792999268e-01
6.690939999999294741e+03 2.799656987190246582e-01
6.692419999999294305e+03 2.805268466472625732e-01
6.693899999999293868e+03 2.767690122127532959e-01
6.695379999999293432e+03 2.813304960727691650e-01
6.696859999999292995e+03 2.587949633598327637e-01
6.698339999999292559e+03 2.878489792346954346e-01
6.699819999999292122e+03 2.881085872650146484e-01
6.701299999999291686e+03 7.085505127906799316e-01
6.702779999999291249e+03 1.187724351882934570e+00
6.704259999999290812e+03 1.023938775062561035e+00
6.705739999999290376e+03 5.032310485839843750e-01
6.707219999999289939e+03 2.583801746368408203e-01
6.708699999999289503e+03 2.460584342479705811e-01
6.710179999999289066e+03 2.649089097976684570e-01
6.711659999999288630e+03 2.723442018032073975e-01
6.713139999999288193e+03 2.827668190002441406e-01
6.714619999999287757e+03 3.709338605403900146e-01
6.716099999999287320e+03 4.794363021850585938e+00
6.717579999999286883e+03 1.086078262329101562e+01
6.719059999999286447e+03 9.914659500122070312e+00
6.720539999999286010e+03 3.726351261138916016e+00
6.722019999999285574e+03 6.500347852706909180e-01
6.723499999999285137e+03 3.448110520839691162e-01
6.724979999999284701e+03 2.991289198398590088e-01
6.726459999999284264e+03 2.580235898494720459e-01
6.727939999999283827e+03 2.651728391647338867e-01
6.729419999999283391e+03 2.836682200431823730e-01
6.730899999999282954e+03 2.867457866668701172e-01
6.732379999999282518e+03 2.962148785591125488e-01
6.733859999999282081e+03 2.750522792339324951e-01
6.735339999999281645e+03 2.701840400695800781e-01
6.736819999999281208e+03 9.408968091011047363e-01
6.738299999999280772e+03 2.597848176956176758e+00
6.739779999999280335e+03 2.964074134826660156e+00
6.741259999999279898e+03 1.753013730049133301e+00
6.742739999999279462e+03 4.672225713729858398e-01
6.744219999999279025e+03 3.051801323890686035e-01
6.745699999999278589e+03 2.859950363636016846e-01
6.747179999999278152e+03 2.754341661930084229e-01
6.748659999999277716e+03 2.926999628543853760e-01
6.750139999999277279e+03 3.021285533905029297e-01
6.751619999999276843e+03 2.830425500869750977e-01
6.753099999999276406e+03 2.442703694105148315e-01
6.754579999999275969e+03 2.296914011240005493e-01
6.756059999999275533e+03 2.744807600975036621e-01
6.757539999999275096e+03 2.655152976512908936e-01
6.759019999999274660e+03 2.682400047779083252e-01
6.760499999999274223e+03 2.773394584655761719e-01
6.761979999999273787e+03 2.962361872196197510e-01
6.763459999999273350e+03 2.636655271053314209e-01
6.764939999999272914e+03 2.518041133880615234e-01
6.766419999999272477e+03 2.329701185226440430e-01
6.767899999999272040e+03 2.570936679840087891e-01
6.769379999999271604e+03 2.717831134796142578e-01
6.770859999999271167e+03 2.452907562255859375e-01
6.772339999999270731e+03 2.673532366752624512e-01
6.773819999999270294e+03 2.865889072418212891e-01
6.775299999999269858e+03 2.857401669025421143e-01
6.776779999999269421e+03 2.800781428813934326e-01
6.778259999999268985e+03 2.536897063255310059e-01
6.779739999999268548e+03 2.657298743724822998e-01
6.781219999999268111e+03 2.674729228019714355e-01
6.782699999999267675e+03 2.541368901729583740e-01
6.784179999999267238e+03 2.567829489707946777e-01
6.785659999999266802e+03 2.673003673553466797e-01
6.787139999999266365e+03 2.682166397571563721e-01
6.788619999999265929e+03 2.523701190948486328e-01
6.790099999999265492e+03 2.099945545196533203e-01
6.791579999999265056e+03 2.327553778886795044e-01
6.793059999999264619e+03 2.657832801342010498e-01
6.794539999999264182e+03 2.752735614776611328e-01
6.796019999999263746e+03 2.434871941804885864e-01
6.797499999999263309e+03 2.338002026081085205e-01
6.798979999999262873e+03 2.657444477081298828e-01
6.800459999999262436e+03 2.457739710807800293e-01
6.801939999999262000e+03 2.700857222080230713e-01
6.803419999999261563e+03 2.879851460456848145e-01
6.804899999999261127e+03 2.637161314487457275e-01
6.806379999999260690e+03 2.475855350494384766e-01
6.807859999999260253e+03 2.326465249061584473e-01
6.809339999999259817e+03 2.461224049329757690e-01
6.810819999999259380e+03 2.546983659267425537e-01
6.812299999999258944e+03 2.661304473876953125e-01
6.813779999999258507e+03 2.525849342346191406e-01
6.815259999999258071e+03 2.375185936689376831e-01
6.816739999999257634e+03 2.901410460472106934e-01
6.818219999999257197e+03 2.706345617771148682e-01
6.819699999999256761e+03 2.131532579660415649e-01
6.821179999999256324e+03 2.622524797916412354e-01
6.822659999999255888e+03 2.598614692687988281e-01
6.824139999999255451e+03 2.455374747514724731e-01
6.825619999999255015e+03 2.096602171659469604e-01
6.827099999999254578e+03 2.415497750043869019e-01
6.828579999999254142e+03 2.627425193786621094e-01
6.830059999999253705e+03 2.369845211505889893e-01
6.831539999999253268e+03 2.385370433330535889e-01
6.833019999999252832e+03 2.876978516578674316e-01
6.834499999999252395e+03 3.595034778118133545e-01
6.835979999999251959e+03 3.465357124805450439e-01
6.837459999999251522e+03 2.925768792629241943e-01
6.838939999999251086e+03 2.623906135559082031e-01
6.840419999999250649e+03 2.094836980104446411e-01
6.841899999999250213e+03 2.843013107776641846e-01
6.843379999999249776e+03 2.955616414546966553e-01
6.844859999999249339e+03 2.390532940626144409e-01
6.846339999999248903e+03 2.201163619756698608e-01
6.847819999999248466e+03 2.413453757762908936e-01
6.849299999999248030e+03 2.550250291824340820e-01
6.850779999999247593e+03 2.572151422500610352e-01
6.852259999999247157e+03 2.455393522977828979e-01
6.853739999999246720e+03 2.486502826213836670e-01
6.855219999999246284e+03 2.395470440387725830e-01
6.856699999999245847e+03 2.257085442543029785e-01
6.858179999999245410e+03 2.585580050945281982e-01
6.859659999999244974e+03 2.280977070331573486e-01
6.861139999999244537e+03 2.087927013635635376e-01
6.862619999999244101e+03 3.057366013526916504e-01
6.864099999999243664e+03 3.251451849937438965e-01
6.865579999999243228e+03 2.406258434057235718e-01
6.867059999999242791e+03 2.042292058467864990e-01
6.868539999999242355e+03 2.029342949390411377e-01
6.870019999999241918e+03 1.738164275884628296e-01
6.871499999999241481e+03 1.766632795333862305e-01
6.872979999999241045e+03 6.037904024124145508e-01
6.874459999999240608e+03 1.411949157714843750e+00
6.875939999999240172e+03 1.532234072685241699e+00
6.877419999999239735e+03 8.587370514869689941e-01
6.878899999999239299e+03 3.411905169486999512e-01
6.880379999999238862e+03 2.548094987869262695e-01
6.881859999999238426e+03 2.492588907480239868e-01
6.883339999999237989e+03 2.468260377645492554e-01
6.884819999999237552e+03 2.438521683216094971e-01
6.886299999999237116e+03 2.530461847782135010e-01
6.887779999999236679e+03 6.345914006233215332e-01
6.889259999999236243e+03 1.345054626464843750e+00
6.890739999999235806e+03 1.320500373840332031e+00
6.892219999999235370e+03 6.633258461952209473e-01
6.893699999999234933e+03 2.948457896709442139e-01
6.895179999999234496e+03 2.466558218002319336e-01
6.896659999999234060e+03 2.344210147857666016e-01
6.898139999999233623e+03 2.313399463891983032e-01
6.899619999999233187e+03 2.505566477775573730e-01
6.901099999999232750e+03 2.442992776632308960e-01
6.902579999999232314e+03 2.368133813142776489e-01
6.904059999999231877e+03 2.326569557189941406e-01
6.905539999999231441e+03 2.313843965530395508e-01
6.907019999999231004e+03 2.061488032341003418e-01
6.908499999999230567e+03 2.081228196620941162e-01
6.909979999999230131e+03 2.347401678562164307e-01
6.911459999999229694e+03 2.481947392225265503e-01
6.912939999999229258e+03 2.362593710422515869e-01
6.914419999999228821e+03 2.188071906566619873e-01
6.915899999999228385e+03 2.199163287878036499e-01
6.917379999999227948e+03 2.256490588188171387e-01
6.918859999999227512e+03 2.050958275794982910e-01
6.920339999999227075e+03 2.255702763795852661e-01
6.921819999999226638e+03 2.650647461414337158e-01
6.923299999999226202e+03 2.394761592149734497e-01
6.924779999999225765e+03 2.362607419490814209e-01
6.926259999999225329e+03 2.453566640615463257e-01
6.927739999999224892e+03 2.471308559179306030e-01
6.929219999999224456e+03 2.719439566135406494e-01
6.930699999999224019e+03 2.626678943634033203e-01
6.932179999999223583e+03 2.306653559207916260e-01
6.933659999999223146e+03 2.152537703514099121e-01
6.935139999999222709e+03 2.641656398773193359e-01
6.936619999999222273e+03 2.693834900856018066e-01
6.938099999999221836e+03 2.597970366477966309e-01
6.939579999999221400e+03 2.589185237884521484e-01
6.941059999999220963e+03 2.532328963279724121e-01
6.942539999999220527e+03 2.363992780447006226e-01
6.944019999999220090e+03 2.264941334724426270e-01
6.945499999999219654e+03 2.165676355361938477e-01
6.946979999999219217e+03 2.435663342475891113e-01
6.948459999999218780e+03 2.840660214424133301e-01
6.949939999999218344e+03 2.474920749664306641e-01
6.951419999999217907e+03 2.411669343709945679e-01
6.952899999999217471e+03 2.439387440681457520e-01
6.954379999999217034e+03 2.362255752086639404e-01
6.955859999999216598e+03 2.469632327556610107e-01
6.957339999999216161e+03 2.216811478137969971e-01
6.958819999999215725e+03 2.639836370944976807e-01
6.960299999999215288e+03 2.975050508975982666e-01
6.961779999999214851e+03 2.518673539161682129e-01
6.963259999999214415e+03 2.531772553920745850e-01
