4.300739999999999782e+03 1.414563894271850586e+00
4.302219999999999345e+03 5.168455243110656738e-01
4.303699999999998909e+03 4.261103570461273193e-01
4.305179999999998472e+03 6.739997863769531250e-01
4.306659999999998035e+03 4.588923454284667969e-01
4.308139999999997599e+03 4.988822638988494873e-01
4.309619999999997162e+03 4.182208776473999023e-01
4.311099999999996726e+03 5.017621517181396484e-01
4.312579999999996289e+03 4.608955681324005127e-01
4.314059999999995853e+03 4.638048708438873291e-01
4.315539999999995416e+03 5.262834429740905762e-01
4.317019999999994980e+03 5.134488344192504883e-01
4.318499999999994543e+03 5.417774915695190430e-01
4.319979999999994106e+03 5.598360300064086914e-01
4.321459999999993670e+03 7.261055707931518555e-01
4.322939999999993233e+03 5.889791250228881836e-01
4.324419999999992797e+03 6.621927618980407715e-01
4.325899999999992360e+03 4.615705013275146484e-01
4.327379999999991924e+03 6.323428750038146973e-01
4.328859999999991487e+03 5.527164340019226074e-01
4.330339999999991051e+03 5.688683986663818359e-01
4.331819999999990614e+03 5.865972638130187988e-01
4.333299999999990177e+03 6.314492821693420410e-01
4.334779999999989741e+03 7.017786502838134766e-01
4.336259999999989304e+03 6.018128395080566406e-01
4.337739999999988868e+03 4.243811666965484619e-01
4.339219999999988431e+03 5.879689455032348633e-01
4.340699999999987995e+03 5.452177524566650391e-01
4.342179999999987558e+03 3.976889252662658691e-01
4.343659999999987122e+03 5.750054121017456055e-01
4.345139999999986685e+03 5.052695870399475098e-01
4.346619999999986248e+03 6.299247741699218750e-01
4.348099999999985812e+03 5.673998594284057617e-01
4.349579999999985375e+03 6.284160614013671875e-01
4.351059999999984939e+03 6.084952354431152344e-01
4.352539999999984502e+03 4.971922338008880615e-01
4.354019999999984066e+03 7.446367144584655762e-01
4.355499999999983629e+03 6.334222555160522461e-01
4.356979999999983193e+03 5.567978620529174805e-01
4.358459999999982756e+03 5.892786383628845215e-01
4.359939999999982319e+03 5.617476701736450195e-01
4.361419999999981883e+03 6.472917795181274414e-01
4.362899999999981446e+03 5.451059341430664062e-01
4.364379999999981010e+03 6.012021303176879883e-01
4.365859999999980573e+03 6.336441636085510254e-01
4.367339999999980137e+03 5.505630373954772949e-01
4.368819999999979700e+03 6.183670163154602051e-01
4.370299999999979264e+03 5.147885084152221680e-01
4.371779999999978827e+03 6.844459772109985352e-01
4.373259999999978390e+03 4.791398346424102783e-01
4.374739999999977954e+03 5.221982002258300781e-01
4.376219999999977517e+03 5.615155696868896484e-01
4.377699999999977081e+03 6.821353435516357422e-01
4.379179999999976644e+03 6.025744080543518066e-01
4.380659999999976208e+03 5.672746896743774414e-01
4.382139999999975771e+03 6.451440453529357910e-01
4.383619999999975335e+03 4.858471155166625977e-01
4.385099999999974898e+03 4.243538081645965576e-01
4.386579999999974461e+03 4.906167089939117432e-01
4.388059999999974025e+03 5.348786115646362305e-01
4.389539999999973588e+03 6.202165484428405762e-01
4.391019999999973152e+03 5.888569951057434082e-01
4.392499999999972715e+03 5.007733106613159180e-01
4.393979999999972279e+03 3.371488749980926514e-01
4.395459999999971842e+03 4.764488339424133301e-01
4.396939999999971405e+03 5.674673318862915039e-01
4.398419999999970969e+03 5.123627185821533203e-01
4.399899999999970532e+03 4.762369394302368164e-01
4.401379999999970096e+03 4.638694524765014648e-01
4.402859999999969659e+03 5.853924155235290527e-01
4.404339999999969223e+03 4.651925861835479736e-01
4.405819999999968786e+03 5.219402313232421875e-01
4.407299999999968350e+03 4.364526867866516113e-01
4.408779999999967913e+03 4.437307715415954590e-01
4.410259999999967476e+03 4.403697252273559570e-01
4.411739999999967040e+03 5.868158936500549316e-01
4.413219999999966603e+03 6.337343454360961914e-01
4.414699999999966167e+03 4.488998353481292725e-01
4.416179999999965730e+03 3.545815348625183105e-01
4.417659999999965294e+03 3.962542116641998291e-01
4.419139999999964857e+03 4.564152359962463379e-01
4.420619999999964421e+03 5.109954476356506348e-01
4.422099999999963984e+03 5.491873621940612793e-01
4.423579999999963547e+03 4.114498496055603027e-01
4.425059999999963111e+03 4.266162216663360596e-01
4.426539999999962674e+03 4.581142067909240723e-01
4.428019999999962238e+03 4.311237037181854248e-01
4.429499999999961801e+03 4.491794705390930176e-01
4.430979999999961365e+03 3.941687941551208496e-01
4.432459999999960928e+03 4.907683134078979492e-01
4.433939999999960492e+03 4.125810861587524414e-01
4.435419999999960055e+03 3.837831914424896240e-01
4.436899999999959618e+03 4.335438311100006104e-01
4.438379999999959182e+03 4.054938256740570068e-01
4.439859999999958745e+03 4.013607501983642578e-01
4.441339999999958309e+03 7.004383802413940430e-01
4.442819999999957872e+03 2.315613985061645508e+00
4.444299999999957436e+03 2.635585069656372070e+00
4.445779999999956999e+03 9.390561580657958984e-01
4.447259999999956563e+03 3.595204651355743408e-01
4.448739999999956126e+03 3.353763222694396973e-01
4.450219999999955689e+03 3.702506422996520996e-01
4.451699999999955253e+03 4.001183509826660156e-01
4.453179999999954816e+03 4.427643716335296631e-01
4.454659999999954380e+03 4.484832882881164551e-01
4.456139999999953943e+03 4.482565522193908691e-01
4.457619999999953507e+03 3.948498964309692383e-01
4.459099999999953070e+03 4.407918453216552734e-01
4.460579999999952634e+03 2.730863690376281738e-01
4.462059999999952197e+03 4.420483410358428955e-01
4.463539999999951760e+03 5.100823640823364258e-01
4.465019999999951324e+03 4.375172257423400879e-01
4.466499999999950887e+03 3.800102174282073975e-01
4.467979999999950451e+03 4.429557919502258301e-01
4.469459999999950014e+03 4.019553661346435547e-01
4.470939999999949578e+03 3.990494310855865479e-01
4.472419999999949141e+03 5.164132118225097656e-01
4.473899999999948704e+03 5.496570467948913574e-01
4.475379999999948268e+03 4.247069954872131348e-01
4.476859999999947831e+03 3.566900491714477539e-01
4.478339999999947395e+03 4.026824533939361572e-01
4.479819999999946958e+03 2.892152369022369385e-01
4.481299999999946522e+03 3.796127140522003174e-01
4.482779999999946085e+03 3.643787801265716553e-01
4.484259999999945649e+03 4.223343133926391602e-01
4.485739999999945212e+03 4.285084009170532227e-01
4.487219999999944775e+03 4.560928940773010254e-01
4.488699999999944339e+03 4.327916204929351807e-01
4.490179999999943902e+03 4.234115779399871826e-01
4.491659999999943466e+03 5.005361437797546387e-01
4.493139999999943029e+03 4.152696430683135986e-01
4.494619999999942593e+03 4.249437451362609863e-01
4.496099999999942156e+03 3.245663642883300781e-01
4.497579999999941720e+03 4.296470582485198975e-01
4.499059999999941283e+03 4.634310007095336914e-01
4.500539999999940846e+03 4.112539291381835938e-01
4.502019999999940410e+03 4.126639366149902344e-01
4.503499999999939973e+03 4.039799571037292480e-01
4.504979999999939537e+03 3.750869631767272949e-01
4.506459999999939100e+03 4.306950271129608154e-01
4.507939999999938664e+03 3.585474491119384766e-01
4.509419999999938227e+03 3.659930229187011719e-01
4.510899999999937791e+03 4.714857041835784912e-01
4.512379999999937354e+03 3.165914416313171387e-01
4.513859999999936917e+03 3.757198750972747803e-01
4.515339999999936481e+03 4.299712777137756348e-01
4.516819999999936044e+03 3.989845812320709229e-01
4.518299999999935608e+03 4.018363356590270996e-01
4.519779999999935171e+03 3.514215946197509766e-01
4.521259999999934735e+03 4.483408629894256592e-01
4.522739999999934298e+03 3.361822068691253662e-01
4.524219999999933862e+03 3.443647027015686035e-01
4.525699999999933425e+03 4.486133456230163574e-01
4.527179999999932988e+03 4.497105777263641357e-01
4.528659999999932552e+03 4.305174946784973145e-01
4.530139999999932115e+03 3.966536819934844971e-01
4.531619999999931679e+03 3.814330995082855225e-01
4.533099999999931242e+03 3.900097012519836426e-01
4.534579999999930806e+03 3.710796236991882324e-01
4.536059999999930369e+03 3.812124729156494141e-01
4.537539999999929933e+03 4.597459435462951660e-01
4.539019999999929496e+03 3.648288547992706299e-01
4.540499999999929059e+03 3.454275727272033691e-01
4.541979999999928623e+03 4.854369163513183594e-01
4.543459999999928186e+03 4.049180150032043457e-01
4.544939999999927750e+03 4.038035571575164795e-01
4.546419999999927313e+03 4.163952767848968506e-01
4.547899999999926877e+03 3.795368075370788574e-01
4.549379999999926440e+03 4.214052557945251465e-01
4.550859999999926004e+03 2.998310625553131104e-01
4.552339999999925567e+03 4.008870720863342285e-01
4.553819999999925130e+03 4.880137741565704346e-01
4.555299999999924694e+03 3.598534166812896729e-01
4.556779999999924257e+03 3.764642179012298584e-01
4.558259999999923821e+03 3.840318322181701660e-01
4.559739999999923384e+03 3.768371939659118652e-01
4.561219999999922948e+03 3.707274794578552246e-01
4.562699999999922511e+03 3.670329749584197998e-01
4.564179999999922074e+03 4.591048955917358398e-01
4.565659999999921638e+03 3.877198398113250732e-01
4.567139999999921201e+03 4.015438854694366455e-01
4.568619999999920765e+03 3.937189579010009766e-01
4.570099999999920328e+03 4.070231318473815918e-01
4.571579999999919892e+03 3.965080082416534424e-01
4.573059999999919455e+03 3.482401371002197266e-01
4.574539999999919019e+03 2.841957807540893555e-01
4.576019999999918582e+03 4.326483607292175293e-01
4.577499999999918145e+03 5.686384439468383789e-01
4.578979999999917709e+03 5.068772435188293457e-01
4.580459999999917272e+03 4.427168369293212891e-01
4.581939999999916836e+03 4.187868833541870117e-01
4.583419999999916399e+03 4.956551492214202881e-01
4.584899999999915963e+03 4.239886701107025146e-01
4.586379999999915526e+03 3.150070309638977051e-01
4.587859999999915090e+03 3.878215253353118896e-01
4.589339999999914653e+03 4.137500226497650146e-01
4.590819999999914216e+03 4.096953868865966797e-01
4.592299999999913780e+03 4.292164146900177002e-01
4.593779999999913343e+03 4.629642665386199951e-01
4.595259999999912907e+03 3.037628829479217529e-01
4.596739999999912470e+03 4.388453066349029541e-01
4.598219999999912034e+03 3.869122266769409180e-01
4.599699999999911597e+03 4.524797499179840088e-01
4.601179999999911161e+03 3.809887170791625977e-01
4.602659999999910724e+03 3.139722645282745361e-01
4.604139999999910287e+03 3.654363155364990234e-01
4.605619999999909851e+03 4.313375055789947510e-01
4.607099999999909414e+03 4.137513041496276855e-01
4.608579999999908978e+03 3.777440488338470459e-01
4.610059999999908541e+03 3.598577976226806641e-01
4.611539999999908105e+03 4.542085528373718262e-01
4.613019999999907668e+03 4.724606871604919434e-01
4.614499999999907232e+03 3.683542907238006592e-01
4.615979999999906795e+03 4.074862003326416016e-01
4.617459999999906358e+03 4.765942394733428955e-01
4.618939999999905922e+03 3.510131835937500000e-01
4.620419999999905485e+03 4.126475453376770020e-01
4.621899999999905049e+03 3.792562484741210938e-01
4.623379999999904612e+03 2.780109941959381104e-01
4.624859999999904176e+03 3.516749739646911621e-01
4.626339999999903739e+03 4.695287942886352539e-01
4.627819999999903303e+03 4.364722371101379395e-01
4.629299999999902866e+03 4.181787073612213135e-01
4.630779999999902429e+03 3.696832656860351562e-01
4.632259999999901993e+03 3.516037166118621826e-01
4.633739999999901556e+03 4.012071490287780762e-01
4.635219999999901120e+03 3.867869973182678223e-01
4.636699999999900683e+03 3.671709895133972168e-01
4.638179999999900247e+03 3.028676807880401611e-01
4.639659999999899810e+03 4.462699592113494873e-01
4.641139999999899374e+03 3.117779195308685303e-01
4.642619999999898937e+03 3.535750806331634521e-01
4.644099999999898500e+03 4.016758203506469727e-01
4.645579999999898064e+03 3.820528686046600342e-01
4.647059999999897627e+03 4.545700550079345703e-01
4.648539999999897191e+03 4.788694083690643311e-01
4.650019999999896754e+03 4.035516083240509033e-01
4.651499999999896318e+03 4.197793602943420410e-01
4.652979999999895881e+03 4.073037505149841309e-01
4.654459999999895444e+03 4.192079901695251465e-01
4.655939999999895008e+03 4.861117303371429443e-01
4.657419999999894571e+03 3.756720125675201416e-01
4.658899999999894135e+03 4.182283282279968262e-01
4.660379999999893698e+03 2.814814746379852295e-01
4.661859999999893262e+03 3.204231560230255127e-01
4.663339999999892825e+03 3.403738141059875488e-01
4.664819999999892389e+03 4.112239778041839600e-01
4.666299999999891952e+03 4.175656735897064209e-01
4.667779999999891515e+03 3.529049158096313477e-01
4.669259999999891079e+03 3.537675142288208008e-01
4.670739999999890642e+03 2.992762923240661621e-01
4.672219999999890206e+03 3.536284267902374268e-01
4.673699999999889769e+03 4.093110561370849609e-01
4.675179999999889333e+03 3.920738697052001953e-01
4.676659999999888896e+03 4.608570337295532227e-01
4.678139999999888460e+03 4.909857213497161865e-01
4.679619999999888023e+03 4.091524481773376465e-01
4.681099999999887586e+03 3.391066789627075195e-01
4.682579999999887150e+03 4.097391664981842041e-01
4.684059999999886713e+03 4.466767013072967529e-01
4.685539999999886277e+03 3.429763317108154297e-01
4.687019999999885840e+03 4.005443155765533447e-01
4.688499999999885404e+03 4.802812635898590088e-01
4.689979999999884967e+03 3.765865564346313477e-01
4.691459999999884531e+03 3.356691896915435791e-01
4.692939999999884094e+03 3.189280629158020020e-01
4.694419999999883657e+03 3.393029272556304932e-01
4.695899999999883221e+03 3.775367140769958496e-01
4.697379999999882784e+03 4.746573567390441895e-01
4.698859999999882348e+03 3.957082033157348633e-01
4.700339999999881911e+03 3.851251304149627686e-01
4.701819999999881475e+03 3.243971467018127441e-01
4.703299999999881038e+03 4.386050105094909668e-01
4.704779999999880602e+03 4.748421013355255127e-01
4.706259999999880165e+03 3.459932208061218262e-01
4.707739999999879728e+03 3.205426931381225586e-01
4.709219999999879292e+03 4.340777397155761719e-01
4.710699999999878855e+03 4.258809089660644531e-01
4.712179999999878419e+03 4.761987328529357910e-01
4.713659999999877982e+03 4.548146128654479980e-01
4.715139999999877546e+03 4.512635469436645508e-01
4.716619999999877109e+03 3.764505386352539062e-01
4.718099999999876673e+03 3.954860866069793701e-01
4.719579999999876236e+03 3.976010382175445557e-01
4.721059999999875799e+03 3.517192900180816650e-01
4.722539999999875363e+03 3.840376436710357666e-01
4.724019999999874926e+03 3.773989379405975342e-01
4.725499999999874490e+03 3.994773924350738525e-01
4.726979999999874053e+03 3.733616173267364502e-01
4.728459999999873617e+03 3.923146724700927734e-01
4.729939999999873180e+03 3.305544257164001465e-01
4.731419999999872744e+03 3.240787684917449951e-01
4.732899999999872307e+03 4.385074079036712646e-01
4.734379999999871870e+03 3.619590401649475098e-01
4.735859999999871434e+03 3.443148732185363770e-01
4.737339999999870997e+03 4.574590325355529785e-01
4.738819999999870561e+03 3.957467079162597656e-01
4.740299999999870124e+03 3.713765144348144531e-01
4.741779999999869688e+03 3.979235291481018066e-01
4.743259999999869251e+03 4.664424657821655273e-01
4.744739999999868814e+03 4.257017076015472412e-01
4.746219999999868378e+03 4.002436697483062744e-01
4.747699999999867941e+03 4.047513902187347412e-01
4.749179999999867505e+03 4.394525289535522461e-01
4.750659999999867068e+03 4.209377467632293701e-01
4.752139999999866632e+03 3.749732375144958496e-01
4.753619999999866195e+03 3.654325604438781738e-01
4.755099999999865759e+03 3.343720138072967529e-01
4.756579999999865322e+03 3.721481263637542725e-01
4.758059999999864885e+03 3.299830257892608643e-01
4.759539999999864449e+03 4.628049433231353760e-01
4.761019999999864012e+03 4.283343553543090820e-01
4.762499999999863576e+03 4.424237012863159180e-01
4.763979999999863139e+03 3.414629697799682617e-01
4.765459999999862703e+03 3.995906710624694824e-01
4.766939999999862266e+03 4.373782873153686523e-01
4.768419999999861830e+03 4.457771182060241699e-01
4.769899999999861393e+03 3.948717415332794189e-01
4.771379999999860956e+03 5.057198405265808105e-01
4.772859999999860520e+03 3.568724393844604492e-01
4.774339999999860083e+03 4.294050335884094238e-01
4.775819999999859647e+03 4.052512645721435547e-01
4.777299999999859210e+03 4.039275348186492920e-01
4.778779999999858774e+03 3.792487382888793945e-01
4.780259999999858337e+03 3.587614297866821289e-01
4.781739999999857901e+03 4.140634238719940186e-01
4.783219999999857464e+03 4.323960244655609131e-01
4.784699999999857027e+03 3.175281286239624023e-01
4.786179999999856591e+03 3.904301524162292480e-01
4.787659999999856154e+03 3.675386011600494385e-01
4.789139999999855718e+03 3.743885457515716553e-01
4.790619999999855281e+03 3.659372031688690186e-01
4.792099999999854845e+03 3.946266770362854004e-01
4.793579999999854408e+03 4.339686334133148193e-01
4.795059999999853972e+03 4.056406915187835693e-01
4.796539999999853535e+03 4.943129420280456543e-01
4.798019999999853098e+03 3.655694127082824707e-01
4.799499999999852662e+03 4.147097766399383545e-01
4.800979999999852225e+03 4.173442423343658447e-01
4.802459999999851789e+03 5.169927477836608887e-01
4.803939999999851352e+03 3.541433215141296387e-01
4.805419999999850916e+03 3.891127407550811768e-01
4.806899999999850479e+03 4.989376068115234375e-01
4.808379999999850043e+03 3.500940799713134766e-01
4.809859999999849606e+03 3.787650763988494873e-01
4.811339999999849169e+03 3.600940704345703125e-01
4.812819999999848733e+03 4.057320654392242432e-01
4.814299999999848296e+03 4.183942675590515137e-01
4.815779999999847860e+03 3.381217420101165771e-01
4.817259999999847423e+03 4.010717272758483887e-01
4.818739999999846987e+03 3.922978937625885010e-01
4.820219999999846550e+03 4.347162246704101562e-01
4.821699999999846113e+03 4.065242409706115723e-01
4.823179999999845677e+03 3.549357056617736816e-01
4.824659999999845240e+03 3.030391633510589600e-01
4.826139999999844804e+03 4.039058685302734375e-01
4.827619999999844367e+03 4.234175086021423340e-01
4.829099999999843931e+03 3.597710430622100830e-01
4.830579999999843494e+03 3.566117882728576660e-01
4.832059999999843058e+03 3.619295656681060791e-01
4.833539999999842621e+03 4.662443399429321289e-01
4.835019999999842184e+03 3.714063763618469238e-01
4.836499999999841748e+03 4.334704279899597168e-01
4.837979999999841311e+03 3.814878463745117188e-01
4.839459999999840875e+03 3.977670073509216309e-01
4.840939999999840438e+03 4.013596177101135254e-01
4.842419999999840002e+03 3.405681252479553223e-01
4.843899999999839565e+03 3.993747234344482422e-01
4.845379999999839129e+03 3.811755776405334473e-01
4.846859999999838692e+03 3.402136862277984619e-01
4.848339999999838255e+03 3.726892173290252686e-01
4.849819999999837819e+03 3.981998860836029053e-01
4.851299999999837382e+03 4.268877506256103516e-01
4.852779999999836946e+03 3.478557169437408447e-01
4.854259999999836509e+03 3.931708335876464844e-01
4.855739999999836073e+03 4.356408119201660156e-01
4.857219999999835636e+03 3.883474767208099365e-01
4.858699999999835200e+03 3.980323672294616699e-01
4.860179999999834763e+03 3.522008657455444336e-01
4.861659999999834326e+03 3.907912373542785645e-01
4.863139999999833890e+03 3.913443386554718018e-01
4.864619999999833453e+03 3.677524924278259277e-01
4.866099999999833017e+03 4.421564042568206787e-01
4.867579999999832580e+03 3.748755156993865967e-01
4.869059999999832144e+03 4.245449602603912354e-01
4.870539999999831707e+03 3.656693100929260254e-01
4.872019999999831271e+03 3.201098442077636719e-01
4.873499999999830834e+03 3.829435110092163086e-01
4.874979999999830397e+03 3.530119061470031738e-01
4.876459999999829961e+03 3.800609111785888672e-01
4.877939999999829524e+03 3.762874901294708252e-01
4.879419999999829088e+03 3.974938690662384033e-01
4.880899999999828651e+03 3.057235777378082275e-01
4.882379999999828215e+03 3.350836038589477539e-01
4.883859999999827778e+03 3.830613195896148682e-01
4.885339999999827342e+03 3.810546994209289551e-01
4.886819999999826905e+03 3.284773230552673340e-01
4.888299999999826468e+03 3.217463791370391846e-01
4.889779999999826032e+03 3.616343140602111816e-01
4.891259999999825595e+03 3.645373284816741943e-01
4.892739999999825159e+03 3.781099617481231689e-01
4.894219999999824722e+03 3.765462934970855713e-01
4.895699999999824286e+03 3.723748326301574707e-01
4.897179999999823849e+03 3.867343962192535400e-01
4.898659999999823413e+03 4.429343044757843018e-01
4.900139999999822976e+03 3.896587491035461426e-01
4.901619999999822539e+03 3.387303352355957031e-01
4.903099999999822103e+03 3.901586532592773438e-01
4.904579999999821666e+03 3.755699396133422852e-01
4.906059999999821230e+03 3.543381094932556152e-01
4.907539999999820793e+03 3.194640874862670898e-01
4.909019999999820357e+03 3.784233927726745605e-01
4.910499999999819920e+03 4.060699343681335449e-01
4.911979999999819483e+03 4.060179889202117920e-01
4.913459999999819047e+03 3.929772675037384033e-01
4.914939999999818610e+03 4.116930365562438965e-01
4.916419999999818174e+03 4.241109192371368408e-01
4.917899999999817737e+03 3.889367878437042236e-01
4.919379999999817301e+03 3.486155271530151367e-01
4.920859999999816864e+03 3.771045207977294922e-01
4.922339999999816428e+03 4.087802767753601074e-01
4.923819999999815991e+03 3.295585811138153076e-01
4.925299999999815554e+03 3.019234538078308105e-01
4.926779999999815118e+03 4.492264091968536377e-01
4.928259999999814681e+03 3.520864248275756836e-01
4.929739999999814245e+03 3.209441900253295898e-01
4.931219999999813808e+03 3.725898265838623047e-01
4.932699999999813372e+03 3.853640556335449219e-01
4.934179999999812935e+03 3.578776717185974121e-01
4.935659999999812499e+03 4.102810025215148926e-01
4.937139999999812062e+03 3.817267715930938721e-01
4.938619999999811625e+03 3.133911788463592529e-01
4.940099999999811189e+03 3.526670932769775391e-01
4.941579999999810752e+03 3.541567623615264893e-01
4.943059999999810316e+03 3.936975002288818359e-01
4.944539999999809879e+03 4.270514249801635742e-01
4.946019999999809443e+03 3.855645656585693359e-01
4.947499999999809006e+03 4.135825634002685547e-01
4.948979999999808570e+03 3.399353623390197754e-01
4.950459999999808133e+03 3.826873302459716797e-01
4.951939999999807696e+03 3.485607504844665527e-01
4.953419999999807260e+03 3.368190824985504150e-01
4.954899999999806823e+03 3.875931799411773682e-01
4.956379999999806387e+03 3.159257173538208008e-01
4.957859999999805950e+03 4.202643334865570068e-01
4.959339999999805514e+03 3.754122257232666016e-01
4.960819999999805077e+03 3.791652321815490723e-01
4.962299999999804641e+03 3.519889712333679199e-01
4.963779999999804204e+03 3.985627889633178711e-01
4.965259999999803767e+03 3.831273317337036133e-01
4.966739999999803331e+03 3.690678775310516357e-01
4.968219999999802894e+03 3.649916052818298340e-01
4.969699999999802458e+03 3.174158632755279541e-01
4.971179999999802021e+03 3.371637165546417236e-01
4.972659999999801585e+03 3.538405597209930420e-01
4.974139999999801148e+03 1.203880071640014648e+00
4.975619999999800712e+03 4.706580162048339844e+00
4.977099999999800275e+03 5.564074516296386719e+00
4.978579999999799838e+03 1.843220829963684082e+00
4.980059999999799402e+03 3.646692037582397461e-01
4.981539999999798965e+03 3.328652381896972656e-01
4.983019999999798529e+03 3.827157020568847656e-01
4.984499999999798092e+03 3.551409840583801270e-01
4.985979999999797656e+03 3.555259108543395996e-01
4.987459999999797219e+03 3.745122849941253662e-01
4.988939999999796783e+03 3.408579528331756592e-01
4.990419999999796346e+03 3.375683724880218506e-01
4.991899999999795909e+03 3.510518074035644531e-01
4.993379999999795473e+03 3.539482355117797852e-01
4.994859999999795036e+03 4.542097151279449463e-01
4.996339999999794600e+03 4.286050200462341309e-01
4.997819999999794163e+03 3.441936969757080078e-01
4.999299999999793727e+03 3.397008180618286133e-01
5.000779999999793290e+03 3.448002636432647705e-01
5.002259999999792853e+03 3.854343295097351074e-01
5.003739999999792417e+03 4.221644103527069092e-01
5.005219999999791980e+03 3.718543052673339844e-01
5.006699999999791544e+03 4.006090164184570312e-01
5.008179999999791107e+03 4.042977690696716309e-01
5.009659999999790671e+03 3.703368604183197021e-01
5.011139999999790234e+03 3.779517114162445068e-01
5.012619999999789798e+03 3.848228156566619873e-01
5.014099999999789361e+03 3.949032425880432129e-01
5.015579999999788924e+03 3.553363978862762451e-01
5.017059999999788488e+03 4.268385171890258789e-01
5.018539999999788051e+03 3.662484884262084961e-01
5.020019999999787615e+03 4.296045303344726562e-01
5.021499999999787178e+03 4.294985532760620117e-01
5.022979999999786742e+03 4.321671128273010254e-01
5.024459999999786305e+03 3.919009864330291748e-01
5.025939999999785869e+03 3.924353718757629395e-01
5.027419999999785432e+03 4.332381188869476318e-01
5.028899999999784995e+03 4.439503550529479980e-01
5.030379999999784559e+03 3.523089289665222168e-01
5.031859999999784122e+03 4.017930328845977783e-01
5.033339999999783686e+03 3.867121934890747070e-01
5.034819999999783249e+03 3.828064799308776855e-01
5.036299999999782813e+03 3.326101303100585938e-01
5.037779999999782376e+03 3.644677400588989258e-01
5.039259999999781940e+03 3.603825867176055908e-01
5.040739999999781503e+03 3.970185518264770508e-01
5.042219999999781066e+03 4.376825988292694092e-01
5.043699999999780630e+03 4.333580732345581055e-01
5.045179999999780193e+03 4.481472373008728027e-01
5.046659999999779757e+03 4.334760010242462158e-01
5.048139999999779320e+03 3.731797337532043457e-01
5.049619999999778884e+03 3.967376351356506348e-01
5.051099999999778447e+03 3.375267684459686279e-01
5.052579999999778011e+03 3.781311511993408203e-01
5.054059999999777574e+03 4.073000252246856689e-01
5.055539999999777137e+03 3.928315043449401855e-01
5.057019999999776701e+03 4.087142944335937500e-01
5.058499999999776264e+03 3.854047358036041260e-01
5.059979999999775828e+03 3.918768465518951416e-01
5.061459999999775391e+03 4.101012945175170898e-01
5.062939999999774955e+03 3.935602605342864990e-01
5.064419999999774518e+03 3.283148109912872314e-01
5.065899999999774082e+03 4.196390509605407715e-01
5.067379999999773645e+03 4.193733334541320801e-01
5.068859999999773208e+03 3.821630775928497314e-01
5.070339999999772772e+03 4.817436635494232178e-01
5.071819999999772335e+03 3.641790449619293213e-01
5.073299999999771899e+03 4.949735701084136963e-01
5.074779999999771462e+03 1.461318254470825195e+00
5.076259999999771026e+03 2.520220994949340820e+00
5.077739999999770589e+03 1.849629163742065430e+00
5.079219999999770152e+03 4.693763554096221924e-01
5.080699999999769716e+03 3.820266127586364746e-01
5.082179999999769279e+03 3.974111080169677734e-01
5.083659999999768843e+03 4.086656570434570312e-01
5.085139999999768406e+03 3.755579888820648193e-01
5.086619999999767970e+03 3.782752156257629395e-01
5.088099999999767533e+03 4.263472259044647217e-01
5.089579999999767097e+03 4.386294186115264893e-01
5.091059999999766660e+03 4.268170595169067383e-01
5.092539999999766223e+03 4.716488122940063477e-01
5.094019999999765787e+03 3.988140523433685303e-01
5.095499999999765350e+03 3.565657734870910645e-01
5.096979999999764914e+03 3.876291215419769287e-01
5.098459999999764477e+03 3.531149625778198242e-01
5.099939999999764041e+03 4.121276438236236572e-01
5.101419999999763604e+03 4.081004261970520020e-01
5.102899999999763168e+03 4.156454801559448242e-01
5.104379999999762731e+03 4.455504119396209717e-01
5.105859999999762294e+03 4.463855326175689697e-01
5.107339999999761858e+03 3.778136968612670898e-01
5.108819999999761421e+03 3.696694970130920410e-01
5.110299999999760985e+03 3.558449149131774902e-01
5.111779999999760548e+03 4.078008532524108887e-01
5.113259999999760112e+03 4.096922874450683594e-01
5.114739999999759675e+03 4.527299702167510986e-01
5.116219999999759239e+03 4.331303238868713379e-01
5.117699999999758802e+03 3.558099865913391113e-01
5.119179999999758365e+03 3.999959826469421387e-01
5.120659999999757929e+03 3.957734405994415283e-01
5.122139999999757492e+03 5.561105012893676758e-01
5.123619999999757056e+03 3.103362083435058594e+00
5.125099999999756619e+03 7.247152805328369141e+00
5.126579999999756183e+03 5.552173137664794922e+00
5.128059999999755746e+03 1.133782625198364258e+00
5.129539999999755310e+03 3.315735161304473877e-01
5.131019999999754873e+03 3.570048511028289795e-01
5.132499999999754436e+03 4.301193356513977051e-01
5.133979999999754000e+03 5.100312829017639160e-01
5.135459999999753563e+03 5.108044147491455078e-01
5.136939999999753127e+03 4.027659296989440918e-01
5.138419999999752690e+03 4.107463359832763672e-01
5.139899999999752254e+03 4.643179178237915039e-01
5.141379999999751817e+03 4.965010285377502441e-01
5.142859999999751381e+03 4.016477763652801514e-01
5.144339999999750944e+03 4.432571530342102051e-01
5.145819999999750507e+03 4.004798233509063721e-01
5.147299999999750071e+03 3.832169175148010254e-01
5.148779999999749634e+03 3.974020183086395264e-01
5.150259999999749198e+03 4.057802259922027588e-01
5.151739999999748761e+03 4.389950633049011230e-01
5.153219999999748325e+03 3.998297452926635742e-01
5.154699999999747888e+03 3.828226923942565918e-01
5.156179999999747452e+03 3.925207555294036865e-01
5.157659999999747015e+03 3.971966803073883057e-01
5.159139999999746578e+03 4.102962911128997803e-01
5.160619999999746142e+03 3.545756936073303223e-01
5.162099999999745705e+03 3.984236717224121094e-01
5.163579999999745269e+03 4.470161497592926025e-01
5.165059999999744832e+03 3.656415939331054688e-01
5.166539999999744396e+03 3.808363676071166992e-01
5.168019999999743959e+03 3.946112096309661865e-01
5.169499999999743522e+03 4.386185109615325928e-01
5.170979999999743086e+03 4.182893335819244385e-01
5.172459999999742649e+03 3.795087933540344238e-01
5.173939999999742213e+03 4.306255280971527100e-01
5.175419999999741776e+03 4.632330238819122314e-01
5.176899999999741340e+03 4.202702641487121582e-01
5.178379999999740903e+03 3.935946226119995117e-01
5.179859999999740467e+03 4.371979832649230957e-01
5.181339999999740030e+03 4.872966706752777100e-01
5.182819999999739593e+03 3.955007791519165039e-01
5.184299999999739157e+03 3.678877353668212891e-01
5.185779999999738720e+03 3.855853080749511719e-01
5.187259999999738284e+03 3.947192132472991943e-01
5.188739999999737847e+03 3.884979486465454102e-01
5.190219999999737411e+03 4.496905505657196045e-01
5.191699999999736974e+03 4.302777051925659180e-01
5.193179999999736538e+03 4.042555987834930420e-01
5.194659999999736101e+03 3.893333077430725098e-01
5.196139999999735664e+03 3.890522718429565430e-01
5.197619999999735228e+03 4.343418776988983154e-01
5.199099999999734791e+03 4.236950278282165527e-01
5.200579999999734355e+03 4.069337546825408936e-01
5.202059999999733918e+03 4.245159029960632324e-01
5.203539999999733482e+03 4.682570993900299072e-01
5.205019999999733045e+03 4.302726686000823975e-01
5.206499999999732609e+03 3.989965021610260010e-01
5.207979999999732172e+03 3.877775669097900391e-01
5.209459999999731735e+03 4.063363671302795410e-01
5.210939999999731299e+03 4.693309664726257324e-01
5.212419999999730862e+03 4.088694155216217041e-01
5.213899999999730426e+03 4.866395592689514160e-01
5.215379999999729989e+03 4.687671065330505371e-01
5.216859999999729553e+03 4.468206763267517090e-01
5.218339999999729116e+03 3.845262229442596436e-01
5.219819999999728680e+03 4.076924026012420654e-01
5.221299999999728243e+03 4.408233165740966797e-01
5.222779999999727806e+03 3.907054066658020020e-01
5.224259999999727370e+03 4.459567368030548096e-01
5.225739999999726933e+03 4.715127348899841309e-01
5.227219999999726497e+03 3.907209634780883789e-01
5.228699999999726060e+03 4.199984371662139893e-01
5.230179999999725624e+03 3.800594508647918701e-01
5.231659999999725187e+03 3.795623779296875000e-01
5.233139999999724751e+03 4.189155995845794678e-01
5.234619999999724314e+03 3.864102661609649658e-01
5.236099999999723877e+03 3.821403682231903076e-01
5.237579999999723441e+03 3.937633931636810303e-01
5.239059999999723004e+03 4.278569817543029785e-01
5.240539999999722568e+03 4.160105586051940918e-01
5.242019999999722131e+03 4.256341755390167236e-01
5.243499999999721695e+03 4.486838877201080322e-01
5.244979999999721258e+03 4.529789090156555176e-01
5.246459999999720822e+03 4.357029199600219727e-01
5.247939999999720385e+03 4.133473634719848633e-01
5.249419999999719948e+03 3.885109126567840576e-01
5.250899999999719512e+03 3.621588647365570068e-01
5.252379999999719075e+03 3.600235581398010254e-01
5.253859999999718639e+03 4.333640038967132568e-01
5.255339999999718202e+03 4.683938026428222656e-01
5.256819999999717766e+03 4.130186438560485840e-01
5.258299999999717329e+03 3.883011937141418457e-01
5.259779999999716892e+03 5.264901518821716309e-01
5.261259999999716456e+03 5.571111440658569336e-01
5.262739999999716019e+03 5.229698419570922852e-01
5.264219999999715583e+03 4.487995207309722900e-01
5.265699999999715146e+03 3.712102770805358887e-01
5.267179999999714710e+03 3.971747756004333496e-01
5.268659999999714273e+03 3.914523124694824219e-01
5.270139999999713837e+03 4.216431677341461182e-01
5.271619999999713400e+03 3.800700306892395020e-01
5.273099999999712963e+03 4.604558050632476807e-01
5.274579999999712527e+03 3.652469813823699951e-01
5.276059999999712090e+03 4.010039865970611572e-01
5.277539999999711654e+03 4.136346578598022461e-01
5.279019999999711217e+03 4.353185892105102539e-01
5.280499999999710781e+03 3.823679685592651367e-01
5.281979999999710344e+03 4.147819876670837402e-01
5.283459999999709908e+03 4.192452430725097656e-01
5.284939999999709471e+03 4.128464460372924805e-01
5.286419999999709034e+03 3.849855959415435791e-01
5.287899999999708598e+03 3.698154687881469727e-01
5.289379999999708161e+03 3.816424608230590820e-01
5.290859999999707725e+03 3.803441524505615234e-01
5.292339999999707288e+03 4.044863879680633545e-01
5.293819999999706852e+03 3.834915161132812500e-01
5.295299999999706415e+03 3.895518481731414795e-01
5.296779999999705979e+03 3.916738331317901611e-01
5.298259999999705542e+03 4.087318778038024902e-01
5.299739999999705105e+03 4.475962817668914795e-01
5.301219999999704669e+03 3.720286786556243896e-01
5.302699999999704232e+03 3.888636529445648193e-01
5.304179999999703796e+03 3.960136771202087402e-01
5.305659999999703359e+03 4.222736358642578125e-01
5.307139999999702923e+03 4.010849893093109131e-01
5.308619999999702486e+03 3.860340416431427002e-01
5.310099999999702050e+03 4.109821915626525879e-01
5.311579999999701613e+03 4.404324293136596680e-01
5.313059999999701176e+03 4.292800128459930420e-01
5.314539999999700740e+03 3.683160841464996338e-01
5.316019999999700303e+03 3.930742740631103516e-01
5.317499999999699867e+03 4.192816615104675293e-01
5.318979999999699430e+03 4.080256521701812744e-01
5.320459999999698994e+03 4.727592766284942627e-01
5.321939999999698557e+03 5.248172283172607422e-01
5.323419999999698121e+03 4.367807507514953613e-01
5.324899999999697684e+03 4.255326688289642334e-01
5.326379999999697247e+03 3.911281228065490723e-01
5.327859999999696811e+03 3.678207695484161377e-01
5.329339999999696374e+03 3.899431824684143066e-01
5.330819999999695938e+03 4.578237533569335938e-01
5.332299999999695501e+03 4.473995268344879150e-01
5.333779999999695065e+03 4.134785234928131104e-01
5.335259999999694628e+03 3.681674897670745850e-01
5.336739999999694192e+03 3.926832079887390137e-01
5.338219999999693755e+03 3.733639717102050781e-01
5.339699999999693318e+03 3.906983137130737305e-01
5.341179999999692882e+03 4.117833971977233887e-01
5.342659999999692445e+03 4.121395349502563477e-01
5.344139999999692009e+03 3.346975445747375488e-01
5.345619999999691572e+03 3.366176187992095947e-01
5.347099999999691136e+03 4.290509521961212158e-01
5.348579999999690699e+03 3.289895355701446533e-01
5.350059999999690262e+03 3.604225516319274902e-01
5.351539999999689826e+03 4.299057722091674805e-01
5.353019999999689389e+03 3.632551431655883789e-01
5.354499999999688953e+03 3.597455322742462158e-01
5.355979999999688516e+03 4.169465005397796631e-01
5.357459999999688080e+03 3.848905563354492188e-01
5.358939999999687643e+03 3.665853142738342285e-01
5.360419999999687207e+03 3.790871202945709229e-01
5.361899999999686770e+03 3.931289315223693848e-01
5.363379999999686333e+03 3.964108526706695557e-01
5.364859999999685897e+03 4.033895134925842285e-01
5.366339999999685460e+03 4.444312751293182373e-01
5.367819999999685024e+03 4.526546597480773926e-01
5.369299999999684587e+03 3.800095319747924805e-01
5.370779999999684151e+03 3.625128865242004395e-01
5.372259999999683714e+03 4.134329855442047119e-01
5.373739999999683278e+03 4.076417982578277588e-01
5.375219999999682841e+03 3.266250789165496826e-01
5.376699999999682404e+03 3.824080526828765869e-01
5.378179999999681968e+03 3.856994509696960449e-01
5.379659999999681531e+03 3.839636743068695068e-01
5.381139999999681095e+03 4.124520123004913330e-01
5.382619999999680658e+03 3.696424663066864014e-01
5.384099999999680222e+03 3.937788307666778564e-01
5.385579999999679785e+03 4.265121519565582275e-01
5.387059999999679349e+03 4.130885601043701172e-01
5.388539999999678912e+03 3.985303044319152832e-01
5.390019999999678475e+03 3.894888162612915039e-01
5.391499999999678039e+03 3.842597603797912598e-01
5.392979999999677602e+03 4.107928276062011719e-01
5.394459999999677166e+03 3.730072975158691406e-01
5.395939999999676729e+03 3.971880376338958740e-01
5.397419999999676293e+03 4.016212224960327148e-01
5.398899999999675856e+03 3.803340494632720947e-01
5.400379999999675420e+03 3.926407992839813232e-01
5.401859999999674983e+03 4.008448123931884766e-01
5.403339999999674546e+03 4.140276908874511719e-01
5.404819999999674110e+03 3.928340971469879150e-01
5.406299999999673673e+03 3.971722424030303955e-01
5.407779999999673237e+03 4.121973514556884766e-01
5.409259999999672800e+03 4.181339740753173828e-01
5.410739999999672364e+03 3.811244666576385498e-01
5.412219999999671927e+03 4.122918844223022461e-01
5.413699999999671491e+03 4.210466146469116211e-01
5.415179999999671054e+03 4.384917616844177246e-01
5.416659999999670617e+03 4.496963024139404297e-01
5.418139999999670181e+03 4.083255827426910400e-01
5.419619999999669744e+03 3.625518083572387695e-01
5.421099999999669308e+03 3.667874932289123535e-01
5.422579999999668871e+03 3.602645099163055420e-01
5.424059999999668435e+03 3.735547363758087158e-01
5.425539999999667998e+03 4.129737615585327148e-01
5.427019999999667561e+03 4.053387045860290527e-01
5.428499999999667125e+03 4.162620007991790771e-01
5.429979999999666688e+03 3.997093141078948975e-01
5.431459999999666252e+03 4.047729969024658203e-01
5.432939999999665815e+03 4.389931559562683105e-01
5.434419999999665379e+03 3.996346592903137207e-01
5.435899999999664942e+03 3.878288865089416504e-01
5.437379999999664506e+03 4.485127925872802734e-01
5.438859999999664069e+03 4.436355233192443848e-01
5.440339999999663632e+03 4.036940336227416992e-01
5.441819999999663196e+03 4.240380525588989258e-01
5.443299999999662759e+03 4.163590967655181885e-01
5.444779999999662323e+03 3.878067731857299805e-01
5.446259999999661886e+03 3.560246825218200684e-01
5.447739999999661450e+03 3.816453814506530762e-01
5.449219999999661013e+03 3.800301253795623779e-01
5.450699999999660577e+03 3.810456097126007080e-01
5.452179999999660140e+03 3.536922037601470947e-01
5.453659999999659703e+03 3.569602072238922119e-01
5.455139999999659267e+03 4.166429340839385986e-01
5.456619999999658830e+03 3.495067954063415527e-01
5.458099999999658394e+03 3.780903518199920654e-01
5.459579999999657957e+03 3.811965584754943848e-01
5.461059999999657521e+03 3.957340717315673828e-01
5.462539999999657084e+03 4.575886428356170654e-01
5.464019999999656648e+03 4.154235124588012695e-01
5.465499999999656211e+03 3.429328203201293945e-01
5.466979999999655774e+03 3.677107393741607666e-01
5.468459999999655338e+03 3.933117985725402832e-01
5.469939999999654901e+03 4.053191244602203369e-01
5.471419999999654465e+03 3.703220486640930176e-01
5.472899999999654028e+03 3.333035707473754883e-01
5.474379999999653592e+03 3.937720358371734619e-01
5.475859999999653155e+03 4.111974835395812988e-01
5.477339999999652719e+03 3.927590250968933105e-01
5.478819999999652282e+03 3.628599941730499268e-01
5.480299999999651845e+03 3.764369487762451172e-01
5.481779999999651409e+03 3.978923857212066650e-01
5.483259999999650972e+03 4.182219803333282471e-01
5.484739999999650536e+03 4.212267696857452393e-01
5.486219999999650099e+03 3.881170749664306641e-01
5.487699999999649663e+03 3.793414533138275146e-01
5.489179999999649226e+03 3.575566709041595459e-01
5.490659999999648790e+03 4.155525565147399902e-01
5.492139999999648353e+03 3.924283981323242188e-01
5.493619999999647916e+03 4.161419868469238281e-01
5.495099999999647480e+03 4.088912308216094971e-01
5.496579999999647043e+03 3.551823794841766357e-01
5.498059999999646607e+03 4.025843739509582520e-01
5.499539999999646170e+03 3.724396228790283203e-01
5.501019999999645734e+03 4.227868914604187012e-01
5.502499999999645297e+03 4.047847390174865723e-01
5.503979999999644861e+03 3.288102746009826660e-01
5.505459999999644424e+03 3.872227370738983154e-01
5.506939999999643987e+03 3.601002395153045654e-01
5.508419999999643551e+03 3.707638978958129883e-01
5.509899999999643114e+03 3.626847267150878906e-01
5.511379999999642678e+03 3.600765168666839600e-01
5.512859999999642241e+03 4.101967215538024902e-01
5.514339999999641805e+03 4.022622704505920410e-01
5.515819999999641368e+03 3.298767805099487305e-01
5.517299999999640931e+03 3.802283108234405518e-01
5.518779999999640495e+03 4.044460654258728027e-01
5.520259999999640058e+03 3.837112784385681152e-01
5.521739999999639622e+03 3.993584215641021729e-01
5.523219999999639185e+03 3.246948421001434326e-01
5.524699999999638749e+03 3.629840016365051270e-01
5.526179999999638312e+03 4.354298710823059082e-01
5.527659999999637876e+03 4.293819069862365723e-01
5.529139999999637439e+03 3.880194425582885742e-01
5.530619999999637002e+03 3.965986371040344238e-01
5.532099999999636566e+03 3.754146099090576172e-01
5.533579999999636129e+03 3.759231865406036377e-01
5.535059999999635693e+03 3.834631443023681641e-01
5.536539999999635256e+03 3.804246485233306885e-01
5.538019999999634820e+03 4.008146226406097412e-01
5.539499999999634383e+03 4.019955396652221680e-01
5.540979999999633947e+03 4.097417593002319336e-01
5.542459999999633510e+03 3.615639805793762207e-01
5.543939999999633073e+03 3.615286350250244141e-01
5.545419999999632637e+03 4.085881412029266357e-01
5.546899999999632200e+03 3.889653086662292480e-01
5.548379999999631764e+03 3.639674484729766846e-01
5.549859999999631327e+03 3.653149306774139404e-01
5.551339999999630891e+03 3.546769320964813232e-01
5.552819999999630454e+03 4.030956029891967773e-01
5.554299999999630018e+03 3.860143125057220459e-01
5.555779999999629581e+03 3.767743110656738281e-01
5.557259999999629144e+03 3.959599137306213379e-01
5.558739999999628708e+03 3.758996427059173584e-01
5.560219999999628271e+03 3.183492720127105713e-01
5.561699999999627835e+03 3.724424242973327637e-01
5.563179999999627398e+03 3.922429084777832031e-01
5.564659999999626962e+03 3.519799113273620605e-01
5.566139999999626525e+03 3.953438401222229004e-01
5.567619999999626089e+03 3.780294060707092285e-01
5.569099999999625652e+03 4.159018695354461670e-01
5.570579999999625215e+03 3.810755014419555664e-01
5.572059999999624779e+03 3.386668562889099121e-01
5.573539999999624342e+03 3.668050765991210938e-01
5.575019999999623906e+03 2.514925897121429443e-01
5.576499999999623469e+03 4.910691976547241211e-01
5.577979999999623033e+03 4.592401981353759766e-01
5.579459999999622596e+03 3.233591318130493164e-01
5.580939999999622160e+03 3.898701071739196777e-01
5.582419999999621723e+03 3.789971172809600830e-01
5.583899999999621286e+03 3.638996183872222900e-01
5.585379999999620850e+03 4.156067967414855957e-01
5.586859999999620413e+03 4.068442285060882568e-01
5.588339999999619977e+03 3.962503969669342041e-01
5.589819999999619540e+03 3.622631728649139404e-01
5.591299999999619104e+03 3.025855123996734619e-01
5.592779999999618667e+03 3.887961208820343018e-01
5.594259999999618231e+03 3.824740648269653320e-01
5.595739999999617794e+03 3.434617519378662109e-01
5.597219999999617357e+03 3.659974336624145508e-01
5.598699999999616921e+03 3.792546689510345459e-01
5.600179999999616484e+03 3.723387718200683594e-01
5.601659999999616048e+03 3.865210711956024170e-01
5.603139999999615611e+03 3.726466596126556396e-01
5.604619999999615175e+03 3.971158266067504883e-01
5.606099999999614738e+03 3.416498303413391113e-01
5.607579999999614301e+03 3.303088843822479248e-01
5.609059999999613865e+03 3.073043227195739746e-01
5.610539999999613428e+03 2.983103096485137939e-01
5.612019999999612992e+03 3.258824348449707031e-01
5.613499999999612555e+03 3.534033298492431641e-01
5.614979999999612119e+03 3.427540957927703857e-01
5.616459999999611682e+03 3.280966877937316895e-01
5.617939999999611246e+03 3.515178561210632324e-01
5.619419999999610809e+03 3.335220813751220703e-01
5.620899999999610372e+03 3.721083700656890869e-01
5.622379999999609936e+03 4.061626195907592773e-01
5.623859999999609499e+03 3.939331471920013428e-01
5.625339999999609063e+03 3.761457800865173340e-01
5.626819999999608626e+03 3.738874793052673340e-01
5.628299999999608190e+03 3.939344584941864014e-01
5.629779999999607753e+03 3.330692648887634277e-01
5.631259999999607317e+03 2.842089831829071045e-01
5.632739999999606880e+03 3.648520708084106445e-01
5.634219999999606443e+03 3.827056884765625000e-01
5.635699999999606007e+03 3.691807985305786133e-01
5.637179999999605570e+03 3.827700912952423096e-01
5.638659999999605134e+03 3.975228369235992432e-01
5.640139999999604697e+03 3.619556128978729248e-01
5.641619999999604261e+03 3.778039515018463135e-01
5.643099999999603824e+03 3.927824795246124268e-01
5.644579999999603388e+03 3.690874278545379639e-01
5.646059999999602951e+03 3.748981058597564697e-01
5.647539999999602514e+03 4.050863087177276611e-01
5.649019999999602078e+03 4.000680446624755859e-01
5.650499999999601641e+03 3.841267228126525879e-01
5.651979999999601205e+03 3.633092939853668213e-01
5.653459999999600768e+03 3.380311131477355957e-01
5.654939999999600332e+03 3.700653314590454102e-01
5.656419999999599895e+03 3.746166825294494629e-01
5.657899999999599459e+03 3.969925642013549805e-01
5.659379999999599022e+03 3.881546854972839355e-01
5.660859999999598585e+03 3.390738666057586670e-01
5.662339999999598149e+03 3.239229321479797363e-01
5.663819999999597712e+03 3.423868119716644287e-01
5.665299999999597276e+03 3.445650339126586914e-01
5.666779999999596839e+03 3.569666147232055664e-01
5.668259999999596403e+03 3.891171216964721680e-01
5.669739999999595966e+03 3.997664451599121094e-01
5.671219999999595530e+03 3.896149098873138428e-01
5.672699999999595093e+03 3.995136916637420654e-01
5.674179999999594656e+03 3.587607443332672119e-01
5.675659999999594220e+03 3.271710872650146484e-01
5.677139999999593783e+03 4.087888598442077637e-01
5.678619999999593347e+03 3.771661818027496338e-01
5.680099999999592910e+03 3.283131718635559082e-01
5.681579999999592474e+03 3.633198440074920654e-01
5.683059999999592037e+03 3.460091054439544678e-01
5.684539999999591600e+03 3.622145950794219971e-01
5.686019999999591164e+03 3.540967106819152832e-01
5.687499999999590727e+03 3.362037539482116699e-01
5.688979999999590291e+03 3.501848578453063965e-01
5.690459999999589854e+03 3.667524456977844238e-01
5.691939999999589418e+03 3.499144017696380615e-01
5.693419999999588981e+03 3.691558837890625000e-01
5.694899999999588545e+03 3.469834625720977783e-01
5.696379999999588108e+03 3.827208280563354492e-01
5.697859999999587671e+03 3.885922133922576904e-01
5.699339999999587235e+03 3.308506011962890625e-01
5.700819999999586798e+03 3.179383277893066406e-01
5.702299999999586362e+03 3.588181734085083008e-01
5.703779999999585925e+03 3.739441037178039551e-01
5.705259999999585489e+03 3.365153968334197998e-01
5.706739999999585052e+03 3.518272042274475098e-01
5.708219999999584616e+03 3.943033516407012939e-01
5.709699999999584179e+03 3.947499096393585205e-01
5.711179999999583742e+03 3.043473362922668457e-01
5.712659999999583306e+03 3.522117435932159424e-01
5.714139999999582869e+03 3.323304653167724609e-01
5.715619999999582433e+03 3.677989244461059570e-01
5.717099999999581996e+03 3.485041260719299316e-01
5.718579999999581560e+03 3.296424746513366699e-01
5.720059999999581123e+03 3.384360074996948242e-01
5.721539999999580687e+03 3.552912473678588867e-01
5.723019999999580250e+03 3.226156234741210938e-01
5.724499999999579813e+03 3.491208851337432861e-01
5.725979999999579377e+03 3.451069295406341553e-01
5.727459999999578940e+03 3.591918945312500000e-01
5.728939999999578504e+03 3.956386446952819824e-01
5.730419999999578067e+03 3.560820817947387695e-01
5.731899999999577631e+03 3.427695930004119873e-01
5.733379999999577194e+03 3.437435925006866455e-01
5.734859999999576758e+03 3.539091944694519043e-01
5.736339999999576321e+03 3.665689229965209961e-01
5.737819999999575884e+03 3.817090690135955811e-01
5.739299999999575448e+03 3.393911719322204590e-01
5.740779999999575011e+03 3.475082516670227051e-01
5.742259999999574575e+03 3.407602608203887939e-01
5.743739999999574138e+03 3.450769782066345215e-01
5.745219999999573702e+03 3.494750857353210449e-01
5.746699999999573265e+03 3.278897702693939209e-01
5.748179999999572829e+03 3.283461630344390869e-01
5.749659999999572392e+03 3.491204977035522461e-01
5.751139999999571955e+03 3.478641510009765625e-01
5.752619999999571519e+03 4.018931984901428223e-01
5.754099999999571082e+03 3.985626101493835449e-01
5.755579999999570646e+03 3.781842589378356934e-01
5.757059999999570209e+03 3.317596912384033203e-01
5.758539999999569773e+03 3.222660124301910400e-01
5.760019999999569336e+03 3.365081548690795898e-01
5.761499999999568900e+03 3.585096895694732666e-01
5.762979999999568463e+03 3.453265130519866943e-01
5.764459999999568026e+03 3.406727015972137451e-01
5.765939999999567590e+03 3.242764174938201904e-01
5.767419999999567153e+03 3.379759788513183594e-01
5.768899999999566717e+03 3.870549798011779785e-01
5.770379999999566280e+03 3.703248202800750732e-01
5.771859999999565844e+03 3.604949712753295898e-01
5.773339999999565407e+03 3.818772137165069580e-01
5.774819999999564970e+03 3.750829398632049561e-01
5.776299999999564534e+03 3.504998683929443359e-01
5.777779999999564097e+03 3.666657507419586182e-01
5.779259999999563661e+03 3.745700716972351074e-01
5.780739999999563224e+03 3.385559320449829102e-01
5.782219999999562788e+03 3.597323596477508545e-01
5.783699999999562351e+03 3.679588139057159424e-01
5.785179999999561915e+03 3.606527149677276611e-01
5.786659999999561478e+03 3.787500560283660889e-01
5.788139999999561041e+03 3.194724023342132568e-01
5.789619999999560605e+03 3.212550282478332520e-01
5.791099999999560168e+03 3.653788268566131592e-01
5.792579999999559732e+03 3.684409260749816895e-01
5.794059999999559295e+03 3.369631171226501465e-01
5.795539999999558859e+03 3.437632322311401367e-01
5.797019999999558422e+03 3.496035933494567871e-01
5.798499999999557986e+03 3.029614090919494629e-01
5.799979999999557549e+03 3.555207252502441406e-01
5.801459999999557112e+03 3.851821124553680420e-01
5.802939999999556676e+03 3.790790140628814697e-01
5.804419999999556239e+03 3.298612833023071289e-01
5.805899999999555803e+03 3.374091982841491699e-01
5.807379999999555366e+03 3.221097290515899658e-01
5.808859999999554930e+03 3.462969660758972168e-01
5.810339999999554493e+03 3.666840195655822754e-01
5.811819999999554057e+03 3.040302693843841553e-01
5.813299999999553620e+03 3.458611667156219482e-01
5.814779999999553183e+03 3.667699396610260010e-01
5.816259999999552747e+03 3.679078817367553711e-01
5.817739999999552310e+03 3.221543431282043457e-01
5.819219999999551874e+03 3.261208832263946533e-01
5.820699999999551437e+03 3.746057152748107910e-01
5.822179999999551001e+03 4.024876356124877930e-01
5.823659999999550564e+03 3.270949125289916992e-01
5.825139999999550128e+03 3.697414994239807129e-01
5.826619999999549691e+03 3.278764784336090088e-01
5.828099999999549254e+03 3.371684551239013672e-01
5.829579999999548818e+03 3.413400948047637939e-01
5.831059999999548381e+03 3.411272466182708740e-01
5.832539999999547945e+03 3.390280902385711670e-01
5.834019999999547508e+03 3.633867800235748291e-01
5.835499999999547072e+03 3.768803477287292480e-01
5.836979999999546635e+03 3.485410809516906738e-01
5.838459999999546199e+03 3.598188161849975586e-01
5.839939999999545762e+03 3.765963315963745117e-01
5.841419999999545325e+03 3.402380943298339844e-01
5.842899999999544889e+03 3.537659645080566406e-01
5.844379999999544452e+03 3.650263249874114990e-01
5.845859999999544016e+03 3.380970358848571777e-01
5.847339999999543579e+03 3.360134959220886230e-01
5.848819999999543143e+03 3.480650186538696289e-01
5.850299999999542706e+03 3.386564552783966064e-01
5.851779999999542270e+03 3.755385577678680420e-01
5.853259999999541833e+03 3.492327928543090820e-01
5.854739999999541396e+03 3.296662569046020508e-01
5.856219999999540960e+03 3.333323597908020020e-01
5.857699999999540523e+03 3.614918887615203857e-01
5.859179999999540087e+03 3.576951324939727783e-01
5.860659999999539650e+03 3.411111831665039062e-01
5.862139999999539214e+03 3.412824571132659912e-01
5.863619999999538777e+03 3.554078936576843262e-01
5.865099999999538340e+03 3.788014352321624756e-01
5.866579999999537904e+03 3.650877773761749268e-01
5.868059999999537467e+03 3.408583700656890869e-01
5.869539999999537031e+03 3.204227983951568604e-01
5.871019999999536594e+03 3.703854382038116455e-01
5.872499999999536158e+03 3.963941931724548340e-01
5.873979999999535721e+03 3.772319257259368896e-01
5.875459999999535285e+03 3.877714872360229492e-01
5.876939999999534848e+03 3.519650697708129883e-01
5.878419999999534411e+03 3.248779773712158203e-01
5.879899999999533975e+03 3.616597056388854980e-01
5.881379999999533538e+03 3.811296820640563965e-01
5.882859999999533102e+03 3.751465976238250732e-01
5.884339999999532665e+03 3.462377190589904785e-01
5.885819999999532229e+03 3.546711802482604980e-01
5.887299999999531792e+03 3.305878937244415283e-01
5.888779999999531356e+03 3.543814420700073242e-01
5.890259999999530919e+03 4.436298012733459473e-01
5.891739999999530482e+03 3.870590031147003174e-01
5.893219999999530046e+03 3.325983881950378418e-01
5.894699999999529609e+03 3.600795269012451172e-01
5.896179999999529173e+03 3.867831230163574219e-01
5.897659999999528736e+03 3.679806888103485107e-01
5.899139999999528300e+03 3.432624936103820801e-01
5.900619999999527863e+03 3.225551247596740723e-01
5.902099999999527427e+03 3.725643157958984375e-01
5.903579999999526990e+03 3.743287026882171631e-01
5.905059999999526553e+03 3.574888706207275391e-01
5.906539999999526117e+03 3.869442939758300781e-01
5.908019999999525680e+03 3.632436990737915039e-01
5.909499999999525244e+03 3.487775921821594238e-01
5.910979999999524807e+03 3.584705889225006104e-01
5.912459999999524371e+03 3.351738452911376953e-01
5.913939999999523934e+03 3.488852381706237793e-01
5.915419999999523498e+03 3.491565287113189697e-01
5.916899999999523061e+03 3.407125473022460938e-01
5.918379999999522624e+03 3.068626224994659424e-01
5.919859999999522188e+03 2.959547936916351318e-01
5.921339999999521751e+03 3.587661087512969971e-01
5.922819999999521315e+03 3.396342694759368896e-01
5.924299999999520878e+03 3.332406878471374512e-01
5.925779999999520442e+03 3.264535367488861084e-01
5.927259999999520005e+03 3.462064564228057861e-01
5.928739999999519569e+03 3.381702601909637451e-01
5.930219999999519132e+03 3.433787524700164795e-01
5.931699999999518695e+03 3.400316834449768066e-01
5.933179999999518259e+03 3.461560904979705811e-01
5.934659999999517822e+03 3.256279230117797852e-01
5.936139999999517386e+03 3.754003047943115234e-01
5.937619999999516949e+03 3.807445466518402100e-01
5.939099999999516513e+03 3.495725095272064209e-01
5.940579999999516076e+03 3.766956925392150879e-01
5.942059999999515640e+03 3.232862651348114014e-01
5.943539999999515203e+03 3.254818618297576904e-01
5.945019999999514766e+03 3.129264712333679199e-01
5.946499999999514330e+03 3.292081058025360107e-01
5.947979999999513893e+03 2.797367572784423828e-01
5.949459999999513457e+03 3.897637426853179932e-01
5.950939999999513020e+03 4.011650383472442627e-01
5.952419999999512584e+03 4.060379564762115479e-01
5.953899999999512147e+03 3.528049588203430176e-01
5.955379999999511710e+03 3.213256299495697021e-01
5.956859999999511274e+03 4.055365324020385742e-01
5.958339999999510837e+03 4.079141318798065186e-01
5.959819999999510401e+03 3.822942078113555908e-01
5.961299999999509964e+03 4.036523103713989258e-01
5.962779999999509528e+03 3.924109637737274170e-01
5.964259999999509091e+03 3.475952744483947754e-01
5.965739999999508655e+03 3.493500947952270508e-01
5.967219999999508218e+03 3.238333761692047119e-01
5.968699999999507781e+03 3.605088889598846436e-01
5.970179999999507345e+03 3.775167167186737061e-01
5.971659999999506908e+03 3.667471110820770264e-01
5.973139999999506472e+03 3.785680532455444336e-01
5.974619999999506035e+03 3.869627714157104492e-01
5.976099999999505599e+03 3.572405874729156494e-01
5.977579999999505162e+03 3.473029732704162598e-01
5.979059999999504726e+03 3.071248531341552734e-01
5.980539999999504289e+03 3.245342969894409180e-01
5.982019999999503852e+03 3.523564934730529785e-01
5.983499999999503416e+03 3.480291366577148438e-01
5.984979999999502979e+03 3.448392450809478760e-01
5.986459999999502543e+03 3.455846607685089111e-01
5.987939999999502106e+03 3.365499973297119141e-01
5.989419999999501670e+03 3.686307370662689209e-01
5.990899999999501233e+03 3.387518525123596191e-01
5.992379999999500797e+03 3.319070339202880859e-01
5.993859999999500360e+03 3.293107151985168457e-01
5.995339999999499923e+03 3.328202664852142334e-01
5.996819999999499487e+03 3.420900404453277588e-01
5.998299999999499050e+03 3.151393830776214600e-01
5.999779999999498614e+03 2.915828526020050049e-01
6.001259999999498177e+03 3.205964863300323486e-01
6.002739999999497741e+03 3.349451124668121338e-01
6.004219999999497304e+03 3.342766761779785156e-01
6.005699999999496868e+03 3.279571235179901123e-01
6.007179999999496431e+03 3.058987557888031006e-01
6.008659999999495994e+03 3.557939529418945312e-01
6.010139999999495558e+03 3.331910073757171631e-01
6.011619999999495121e+03 2.943385541439056396e-01
6.013099999999494685e+03 5.595419406890869141e-01
6.014579999999494248e+03 1.019487023353576660e+00
6.016059999999493812e+03 9.787223935127258301e-01
6.017539999999493375e+03 5.032414197921752930e-01
6.019019999999492939e+03 3.469554185867309570e-01
6.020499999999492502e+03 3.112157881259918213e-01
6.021979999999492065e+03 3.553963601589202881e-01
6.023459999999491629e+03 3.522892594337463379e-01
6.024939999999491192e+03 3.305106163024902344e-01
6.026419999999490756e+03 3.469729423522949219e-01
6.027899999999490319e+03 3.290269672870635986e-01
6.029379999999489883e+03 3.172967135906219482e-01
6.030859999999489446e+03 2.874887585639953613e-01
6.032339999999489009e+03 3.373786509037017822e-01
6.033819999999488573e+03 3.684880137443542480e-01
6.035299999999488136e+03 3.212723731994628906e-01
6.036779999999487700e+03 3.126599192619323730e-01
6.038259999999487263e+03 3.478611409664154053e-01
6.039739999999486827e+03 3.529533743858337402e-01
6.041219999999486390e+03 3.633028566837310791e-01
6.042699999999485954e+03 3.223967552185058594e-01
6.044179999999485517e+03 3.341522812843322754e-01
6.045659999999485080e+03 3.383548855781555176e-01
6.047139999999484644e+03 3.446867763996124268e-01
6.048619999999484207e+03 3.122423291206359863e-01
6.050099999999483771e+03 3.535373806953430176e-01
6.051579999999483334e+03 3.404218256473541260e-01
6.053059999999482898e+03 3.259037435054779053e-01
6.054539999999482461e+03 3.295832276344299316e-01
6.056019999999482025e+03 3.104988038539886475e-01
6.057499999999481588e+03 3.584982454776763916e-01
6.058979999999481151e+03 3.613108098506927490e-01
6.060459999999480715e+03 3.689599335193634033e-01
6.061939999999480278e+03 3.248885869979858398e-01
6.063419999999479842e+03 3.365385532379150391e-01
6.064899999999479405e+03 3.402817845344543457e-01
6.066379999999478969e+03 3.659492731094360352e-01
6.067859999999478532e+03 3.712324202060699463e-01
6.069339999999478096e+03 3.401376307010650635e-01
6.070819999999477659e+03 3.373229801654815674e-01
6.072299999999477222e+03 3.198408484458923340e-01
6.073779999999476786e+03 3.254067003726959229e-01
6.075259999999476349e+03 3.520568013191223145e-01
6.076739999999475913e+03 3.149467408657073975e-01
6.078219999999475476e+03 2.799758315086364746e-01
6.079699999999475040e+03 2.899514734745025635e-01
6.081179999999474603e+03 3.226968348026275635e-01
6.082659999999474167e+03 3.270040154457092285e-01
6.084139999999473730e+03 3.585761189460754395e-01
6.085619999999473293e+03 3.631117641925811768e-01
6.087099999999472857e+03 3.479675054550170898e-01
6.088579999999472420e+03 3.386173844337463379e-01
6.090059999999471984e+03 2.795567512512207031e-01
6.091539999999471547e+03 3.420885205268859863e-01
6.093019999999471111e+03 3.472025692462921143e-01
6.094499999999470674e+03 3.112323284149169922e-01
6.095979999999470238e+03 3.270724713802337646e-01
6.097459999999469801e+03 3.134894371032714844e-01
6.098939999999469364e+03 3.488314151763916016e-01
6.100419999999468928e+03 3.805608153343200684e-01
6.101899999999468491e+03 3.360599279403686523e-01
6.103379999999468055e+03 3.350541591644287109e-01
6.104859999999467618e+03 3.585707545280456543e-01
6.106339999999467182e+03 3.554885387420654297e-01
6.107819999999466745e+03 3.357058465480804443e-01
6.109299999999466309e+03 3.170276880264282227e-01
6.110779999999465872e+03 3.765473663806915283e-01
6.112259999999465435e+03 3.354597687721252441e-01
6.113739999999464999e+03 3.374750614166259766e-01
6.115219999999464562e+03 3.300783634185791016e-01
6.116699999999464126e+03 3.294247984886169434e-01
6.118179999999463689e+03 3.335827887058258057e-01
6.119659999999463253e+03 3.655146062374114990e-01
6.121139999999462816e+03 3.514211773872375488e-01
6.122619999999462379e+03 3.287612199783325195e-01
6.124099999999461943e+03 3.525243997573852539e-01
6.125579999999461506e+03 3.496946096420288086e-01
6.127059999999461070e+03 3.461194634437561035e-01
6.128539999999460633e+03 3.486858904361724854e-01
6.130019999999460197e+03 3.273684978485107422e-01
6.131499999999459760e+03 3.272585868835449219e-01
6.132979999999459324e+03 3.370217978954315186e-01
6.134459999999458887e+03 3.056030273437500000e-01
6.135939999999458450e+03 3.102198243141174316e-01
6.137419999999458014e+03 2.842211425304412842e-01
6.138899999999457577e+03 3.065842986106872559e-01
6.140379999999457141e+03 3.113655447959899902e-01
6.141859999999456704e+03 3.269582092761993408e-01
6.143339999999456268e+03 3.378630876541137695e-01
6.144819999999455831e+03 3.135796189308166504e-01
6.146299999999455395e+03 3.243456482887268066e-01
6.147779999999454958e+03 3.306102752685546875e-01
6.149259999999454521e+03 2.929101586341857910e-01
6.150739999999454085e+03 2.820226848125457764e-01
6.152219999999453648e+03 2.582967877388000488e-01
6.153699999999453212e+03 2.656450271606445312e-01
6.155179999999452775e+03 3.224279880523681641e-01
6.156659999999452339e+03 3.191764354705810547e-01
6.158139999999451902e+03 3.470240235328674316e-01
6.159619999999451466e+03 3.560380041599273682e-01
6.161099999999451029e+03 3.288295865058898926e-01
6.162579999999450592e+03 2.923421859741210938e-01
6.164059999999450156e+03 3.078568577766418457e-01
6.165539999999449719e+03 3.147980868816375732e-01
6.167019999999449283e+03 3.289386332035064697e-01
6.168499999999448846e+03 2.630366683006286621e-01
6.169979999999448410e+03 3.489469587802886963e-01
6.171459999999447973e+03 3.194990754127502441e-01
6.172939999999447537e+03 3.735182881355285645e-01
6.174419999999447100e+03 3.219519853591918945e-01
6.175899999999446663e+03 3.348274827003479004e-01
6.177379999999446227e+03 3.333888053894042969e-01
6.178859999999445790e+03 3.273668289184570312e-01
6.180339999999445354e+03 3.127148449420928955e-01
6.181819999999444917e+03 2.872560918331146240e-01
6.183299999999444481e+03 3.179136514663696289e-01
6.184779999999444044e+03 3.394892811775207520e-01
6.186259999999443608e+03 3.157936930656433105e-01
6.187739999999443171e+03 3.184421062469482422e-01
6.189219999999442734e+03 3.488151729106903076e-01
6.190699999999442298e+03 3.100569546222686768e-01
6.192179999999441861e+03 3.278725743293762207e-01
6.193659999999441425e+03 3.265789151191711426e-01
6.195139999999440988e+03 3.169743418693542480e-01
6.196619999999440552e+03 3.128391504287719727e-01
6.198099999999440115e+03 3.149776756763458252e-01
6.199579999999439679e+03 3.009071052074432373e-01
6.201059999999439242e+03 3.267043828964233398e-01
6.202539999999438805e+03 3.455365598201751709e-01
6.204019999999438369e+03 3.353791832923889160e-01
6.205499999999437932e+03 3.382859230041503906e-01
6.206979999999437496e+03 3.516508042812347412e-01
6.208459999999437059e+03 3.503588438034057617e-01
6.209939999999436623e+03 3.521593511104583740e-01
6.211419999999436186e+03 3.618999421596527100e-01
6.212899999999435749e+03 3.385311961174011230e-01
6.214379999999435313e+03 3.395276665687561035e-01
6.215859999999434876e+03 3.231208324432373047e-01
6.217339999999434440e+03 3.255108594894409180e-01
6.218819999999434003e+03 3.470119237899780273e-01
6.220299999999433567e+03 3.367747962474822998e-01
6.221779999999433130e+03 3.198264837265014648e-01
6.223259999999432694e+03 3.167081177234649658e-01
6.224739999999432257e+03 3.052418231964111328e-01
6.226219999999431820e+03 3.078352808952331543e-01
6.227699999999431384e+03 2.803821563720703125e-01
6.229179999999430947e+03 2.683239579200744629e-01
6.230659999999430511e+03 3.410980105400085449e-01
6.232139999999430074e+03 3.311895430088043213e-01
6.233619999999429638e+03 3.362243473529815674e-01
6.235099999999429201e+03 3.336998224258422852e-01
6.236579999999428765e+03 3.458668589591979980e-01
6.238059999999428328e+03 3.448923230171203613e-01
6.239539999999427891e+03 3.044394850730895996e-01
6.241019999999427455e+03 3.321031928062438965e-01
6.242499999999427018e+03 3.316092491149902344e-01
6.243979999999426582e+03 3.242045044898986816e-01
6.245459999999426145e+03 3.053700029850006104e-01
6.246939999999425709e+03 2.840117216110229492e-01
6.248419999999425272e+03 2.902904450893402100e-01
6.249899999999424836e+03 3.094119429588317871e-01
6.251379999999424399e+03 3.200392127037048340e-01
6.252859999999423962e+03 3.342047333717346191e-01
6.254339999999423526e+03 2.697151005268096924e-01
6.255819999999423089e+03 2.733760774135589600e-01
6.257299999999422653e+03 3.452136218547821045e-01
6.258779999999422216e+03 3.011243641376495361e-01
6.260259999999421780e+03 3.063396513462066650e-01
6.261739999999421343e+03 3.334830105304718018e-01
6.263219999999420907e+03 3.102944791316986084e-01
6.264699999999420470e+03 3.106566071510314941e-01
6.266179999999420033e+03 3.021966814994812012e-01
6.267659999999419597e+03 3.212361335754394531e-01
6.269139999999419160e+03 3.235829174518585205e-01
6.270619999999418724e+03 3.167749047279357910e-01
6.272099999999418287e+03 3.102340698242187500e-01
6.273579999999417851e+03 3.141528367996215820e-01
6.275059999999417414e+03 3.389793336391448975e-01
6.276539999999416978e+03 3.144612014293670654e-01
6.278019999999416541e+03 2.660096883773803711e-01
6.279499999999416104e+03 3.120600879192352295e-01
6.280979999999415668e+03 2.925655841827392578e-01
6.282459999999415231e+03 3.191048204898834229e-01
6.283939999999414795e+03 2.484341710805892944e-01
6.285419999999414358e+03 2.683738470077514648e-01
6.286899999999413922e+03 3.358565866947174072e-01
6.288379999999413485e+03 2.918302118778228760e-01
6.289859999999413048e+03 3.200900256633758545e-01
6.291339999999412612e+03 3.388608992099761963e-01
6.292819999999412175e+03 2.934957444667816162e-01
6.294299999999411739e+03 3.115661740303039551e-01
6.295779999999411302e+03 3.157691061496734619e-01
6.297259999999410866e+03 1.964205205440521240e-01
6.298739999999410429e+03 3.667740225791931152e-01
6.300219999999409993e+03 4.672348499298095703e-01
6.301699999999409556e+03 3.323832750320434570e-01
6.303179999999409119e+03 2.631853222846984863e-01
6.304659999999408683e+03 2.898372709751129150e-01
6.306139999999408246e+03 3.268973231315612793e-01
6.307619999999407810e+03 3.286159038543701172e-01
6.309099999999407373e+03 3.077127039432525635e-01
6.310579999999406937e+03 2.680456638336181641e-01
6.312059999999406500e+03 2.591773867607116699e-01
6.313539999999406064e+03 2.921121716499328613e-01
6.315019999999405627e+03 2.964052855968475342e-01
6.316499999999405190e+03 2.895553708076477051e-01
6.317979999999404754e+03 2.900712788105010986e-01
6.319459999999404317e+03 2.916595637798309326e-01
6.320939999999403881e+03 2.847601473331451416e-01
6.322419999999403444e+03 3.051059246063232422e-01
6.323899999999403008e+03 2.885361611843109131e-01
6.325379999999402571e+03 2.667160332202911377e-01
6.326859999999402135e+03 2.796248197555541992e-01
6.328339999999401698e+03 3.007098734378814697e-01
6.329819999999401261e+03 2.927283644676208496e-01
6.331299999999400825e+03 3.049860894680023193e-01
6.332779999999400388e+03 3.116673231124877930e-01
6.334259999999399952e+03 2.941450774669647217e-01
6.335739999999399515e+03 2.907689511775970459e-01
6.337219999999399079e+03 2.382067441940307617e-01
6.338699999999398642e+03 2.590839862823486328e-01
6.340179999999398206e+03 2.864995896816253662e-01
6.341659999999397769e+03 3.169941902160644531e-01
6.343139999999397332e+03 3.050308823585510254e-01
6.344619999999396896e+03 2.955336272716522217e-01
6.346099999999396459e+03 2.785197794437408447e-01
6.347579999999396023e+03 3.139958679676055908e-01
6.349059999999395586e+03 3.411419689655303955e-01
6.350539999999395150e+03 3.085954785346984863e-01
6.352019999999394713e+03 2.992449402809143066e-01
6.353499999999394277e+03 2.722335755825042725e-01
6.354979999999393840e+03 2.900816202163696289e-01
6.356459999999393403e+03 3.060494363307952881e-01
6.357939999999392967e+03 2.575423717498779297e-01
6.359419999999392530e+03 2.805732786655426025e-01
6.360899999999392094e+03 2.581252753734588623e-01
6.362379999999391657e+03 2.482910156250000000e-01
6.363859999999391221e+03 2.898452281951904297e-01
6.365339999999390784e+03 2.907339632511138916e-01
6.366819999999390348e+03 2.916380167007446289e-01
6.368299999999389911e+03 3.112530410289764404e-01
6.369779999999389474e+03 3.571756780147552490e-01
6.371259999999389038e+03 3.203471302986145020e-01
6.372739999999388601e+03 2.917343974113464355e-01
6.374219999999388165e+03 3.570678234100341797e-01
6.375699999999387728e+03 2.801222801208496094e-01
6.377179999999387292e+03 2.851781249046325684e-01
6.378659999999386855e+03 2.923440933227539062e-01
6.380139999999386418e+03 2.822906374931335449e-01
6.381619999999385982e+03 2.953574657440185547e-01
6.383099999999385545e+03 2.939056456089019775e-01
6.384579999999385109e+03 2.742713689804077148e-01
6.386059999999384672e+03 2.982639074325561523e-01
6.387539999999384236e+03 2.705910205841064453e-01
6.389019999999383799e+03 2.875273823738098145e-01
6.390499999999383363e+03 2.846185564994812012e-01
6.391979999999382926e+03 2.510943412780761719e-01
6.393459999999382489e+03 2.607065439224243164e-01
6.394939999999382053e+03 2.586183249950408936e-01
6.396419999999381616e+03 2.925009131431579590e-01
6.397899999999381180e+03 3.275735974311828613e-01
6.399379999999380743e+03 3.068713545799255371e-01
6.400859999999380307e+03 2.899530231952667236e-01
6.402339999999379870e+03 2.678324580192565918e-01
6.403819999999379434e+03 2.831453084945678711e-01
6.405299999999378997e+03 2.876908183097839355e-01
6.406779999999378560e+03 2.497134953737258911e-01
6.408259999999378124e+03 3.039311766624450684e-01
6.409739999999377687e+03 2.985796630382537842e-01
6.411219999999377251e+03 3.155286908149719238e-01
6.412699999999376814e+03 3.330279588699340820e-01
6.414179999999376378e+03 2.895213663578033447e-01
6.415659999999375941e+03 3.151932656764984131e-01
6.417139999999375505e+03 3.049892485141754150e-01
6.418619999999375068e+03 2.939438223838806152e-01
6.420099999999374631e+03 2.925623357295989990e-01
6.421579999999374195e+03 3.181086480617523193e-01
6.423059999999373758e+03 3.128663897514343262e-01
6.424539999999373322e+03 3.225871622562408447e-01
6.426019999999372885e+03 2.817043364048004150e-01
6.427499999999372449e+03 2.757740914821624756e-01
6.428979999999372012e+03 2.982283234596252441e-01
6.430459999999371576e+03 2.831696867942810059e-01
6.431939999999371139e+03 2.835198938846588135e-01
6.433419999999370702e+03 3.155821561813354492e-01
6.434899999999370266e+03 3.155916929244995117e-01
6.436379999999369829e+03 3.235560953617095947e-01
6.437859999999369393e+03 3.011204600334167480e-01
6.439339999999368956e+03 2.889583706855773926e-01
6.440819999999368520e+03 3.194074630737304688e-01
6.442299999999368083e+03 2.800684273242950439e-01
6.443779999999367647e+03 2.724439501762390137e-01
6.445259999999367210e+03 2.817174792289733887e-01
6.446739999999366773e+03 3.086370825767517090e-01
6.448219999999366337e+03 4.257168173789978027e-01
6.449699999999365900e+03 4.485109448432922363e-01
6.451179999999365464e+03 4.122547805309295654e-01
6.452659999999365027e+03 3.256748020648956299e-01
6.454139999999364591e+03 2.869378328323364258e-01
6.455619999999364154e+03 3.016984462738037109e-01
6.457099999999363718e+03 3.277329504489898682e-01
6.458579999999363281e+03 3.132793009281158447e-01
6.460059999999362844e+03 3.007920682430267334e-01
6.461539999999362408e+03 3.246783912181854248e-01
6.463019999999361971e+03 3.118115961551666260e-01
6.464499999999361535e+03 2.885319292545318604e-01
6.465979999999361098e+03 3.247949481010437012e-01
6.467459999999360662e+03 2.890466749668121338e-01
6.468939999999360225e+03 2.560908496379852295e-01
6.470419999999359788e+03 2.957217991352081299e-01
6.471899999999359352e+03 2.855676412582397461e-01
6.473379999999358915e+03 2.829613685607910156e-01
6.474859999999358479e+03 3.106785714626312256e-01
6.476339999999358042e+03 3.099647164344787598e-01
6.477819999999357606e+03 2.897625863552093506e-01
6.479299999999357169e+03 2.801330387592315674e-01
6.480779999999356733e+03 3.158121705055236816e-01
6.482259999999356296e+03 2.854861617088317871e-01
6.483739999999355859e+03 2.757880091667175293e-01
6.485219999999355423e+03 2.999929189682006836e-01
6.486699999999354986e+03 2.940016686916351318e-01
6.488179999999354550e+03 2.806859612464904785e-01
6.489659999999354113e+03 2.862597703933715820e-01
6.491139999999353677e+03 2.686519324779510498e-01
6.492619999999353240e+03 3.170973956584930420e-01
6.494099999999352804e+03 2.944941818714141846e-01
6.495579999999352367e+03 2.966444194316864014e-01
6.497059999999351930e+03 3.014379739761352539e-01
6.498539999999351494e+03 3.129088878631591797e-01
6.500019999999351057e+03 2.976042926311492920e-01
6.501499999999350621e+03 2.754822373390197754e-01
6.502979999999350184e+03 3.343890607357025146e-01
6.504459999999349748e+03 3.376834094524383545e-01
6.505939999999349311e+03 2.992360889911651611e-01
6.507419999999348875e+03 2.899473309516906738e-01
6.508899999999348438e+03 3.170685172080993652e-01
6.510379999999348001e+03 2.962378263473510742e-01
6.511859999999347565e+03 2.790654599666595459e-01
6.513339999999347128e+03 3.440733253955841064e-01
6.514819999999346692e+03 3.833888769149780273e-01
6.516299999999346255e+03 3.739881813526153564e-01
6.517779999999345819e+03 3.287579715251922607e-01
6.519259999999345382e+03 2.721741795539855957e-01
6.520739999999344946e+03 2.729644179344177246e-01
6.522219999999344509e+03 3.262208104133605957e-01
6.523699999999344072e+03 3.230819106101989746e-01
6.525179999999343636e+03 3.039699792861938477e-01
6.526659999999343199e+03 2.861677110195159912e-01
6.528139999999342763e+03 3.059463202953338623e-01
6.529619999999342326e+03 3.262472450733184814e-01
6.531099999999341890e+03 2.736920714378356934e-01
6.532579999999341453e+03 3.070218563079833984e-01
6.534059999999341017e+03 3.108962476253509521e-01
6.535539999999340580e+03 3.041817545890808105e-01
6.537019999999340143e+03 3.113791048526763916e-01
6.538499999999339707e+03 2.833689749240875244e-01
6.539979999999339270e+03 3.222741484642028809e-01
6.541459999999338834e+03 3.163166046142578125e-01
6.542939999999338397e+03 2.900599837303161621e-01
6.544419999999337961e+03 2.940188050270080566e-01
6.545899999999337524e+03 2.733040750026702881e-01
6.547379999999337088e+03 3.047635257244110107e-01
6.548859999999336651e+03 3.146604895591735840e-01
6.550339999999336214e+03 2.465914189815521240e-01
6.551819999999335778e+03 2.660699784755706787e-01
6.553299999999335341e+03 3.144694864749908447e-01
6.554779999999334905e+03 2.938414216041564941e-01
6.556259999999334468e+03 2.950019240379333496e-01
6.557739999999334032e+03 2.923055291175842285e-01
6.559219999999333595e+03 2.738098502159118652e-01
6.560699999999333158e+03 2.864056229591369629e-01
6.562179999999332722e+03 2.995928227901458740e-01
6.563659999999332285e+03 2.610410451889038086e-01
6.565139999999331849e+03 3.096898496150970459e-01
6.566619999999331412e+03 3.142530620098114014e-01
6.568099999999330976e+03 3.124801516532897949e-01
6.569579999999330539e+03 2.821971476078033447e-01
6.571059999999330103e+03 3.009107410907745361e-01
6.572539999999329666e+03 2.882498204708099365e-01
6.574019999999329229e+03 2.494516819715499878e-01
6.575499999999328793e+03 2.779837250709533691e-01
6.576979999999328356e+03 2.966365814208984375e-01
6.578459999999327920e+03 2.865258455276489258e-01
6.579939999999327483e+03 2.982175052165985107e-01
6.581419999999327047e+03 3.286031186580657959e-01
6.582899999999326610e+03 3.095138072967529297e-01
6.584379999999326174e+03 3.080077767372131348e-01
6.585859999999325737e+03 3.064326047897338867e-01
6.587339999999325300e+03 2.852285802364349365e-01
6.588819999999324864e+03 3.063883185386657715e-01
6.590299999999324427e+03 2.873430848121643066e-01
6.591779999999323991e+03 3.039240241050720215e-01
6.593259999999323554e+03 2.848745584487915039e-01
6.594739999999323118e+03 2.821344137191772461e-01
6.596219999999322681e+03 3.086066246032714844e-01
6.597699999999322245e+03 2.770215272903442383e-01
6.599179999999321808e+03 3.097972869873046875e-01
6.600659999999321371e+03 2.858821749687194824e-01
6.602139999999320935e+03 3.089736998081207275e-01
6.603619999999320498e+03 3.049346804618835449e-01
6.605099999999320062e+03 3.085679709911346436e-01
6.606579999999319625e+03 2.853327095508575439e-01
6.608059999999319189e+03 2.474377751350402832e-01
6.609539999999318752e+03 2.732748687267303467e-01
6.611019999999318316e+03 3.110467493534088135e-01
6.612499999999317879e+03 2.826642394065856934e-01
6.613979999999317442e+03 2.676371932029724121e-01
6.615459999999317006e+03 2.867981195449829102e-01
6.616939999999316569e+03 3.217333555221557617e-01
6.618419999999316133e+03 3.166623711585998535e-01
6.619899999999315696e+03 2.767312526702880859e-01
6.621379999999315260e+03 3.002610802650451660e-01
6.622859999999314823e+03 3.071752190589904785e-01
6.624339999999314387e+03 2.637965083122253418e-01
6.625819999999313950e+03 2.919728457927703857e-01
6.627299999999313513e+03 2.973832190036773682e-01
6.628779999999313077e+03 3.074543476104736328e-01
6.630259999999312640e+03 2.657039165496826172e-01
6.631739999999312204e+03 3.104268610477447510e-01
6.633219999999311767e+03 2.899773418903350830e-01
6.634699999999311331e+03 2.829872071743011475e-01
6.636179999999310894e+03 2.957127690315246582e-01
6.637659999999310457e+03 2.557595372200012207e-01
6.639139999999310021e+03 2.881821990013122559e-01
6.640619999999309584e+03 2.764049172401428223e-01
6.642099999999309148e+03 2.690958082675933838e-01
6.643579999999308711e+03 2.855563461780548096e-01
6.645059999999308275e+03 2.853953540325164795e-01
6.646539999999307838e+03 3.040613234043121338e-01
6.648019999999307402e+03 2.812076807022094727e-01
6.649499999999306965e+03 2.437500506639480591e-01
6.650979999999306528e+03 2.799627780914306641e-01
6.652459999999306092e+03 2.680796086788177490e-01
6.653939999999305655e+03 2.730360627174377441e-01
6.655419999999305219e+03 3.020336329936981201e-01
6.656899999999304782e+03 2.275440990924835205e-01
6.658379999999304346e+03 2.667341232299804688e-01
6.659859999999303909e+03 3.038332164287567139e-01
6.661339999999303473e+03 3.007355928421020508e-01
6.662819999999303036e+03 2.808580398559570312e-01
6.664299999999302599e+03 3.036800622940063477e-01
6.665779999999302163e+03 3.109116852283477783e-01
6.667259999999301726e+03 3.042402863502502441e-01
6.668739999999301290e+03 2.829219400882720947e-01
6.670219999999300853e+03 2.617111504077911377e-01
6.671699999999300417e+03 2.968243658542633057e-01
6.673179999999299980e+03 3.112534880638122559e-01
6.674659999999299544e+03 2.962460517883300781e-01
6.676139999999299107e+03 2.894625067710876465e-01
6.677619999999298670e+03 2.983927130699157715e-01
6.679099999999298234e+03 2.859556674957275391e-01
6.680579999999297797e+03 3.156888484954833984e-01
6.682059999999297361e+03 3.295687735080718994e-01
6.683539999999296924e+03 3.036036789417266846e-01
6.685019999999296488e+03 2.839462161064147949e-01
6.686499999999296051e+03 2.857355177402496338e-01
6.687979999999295615e+03 2.985494434833526611e-01
6.689459999999295178e+03 2.864214479923248291e-01
6.690939999999294741e+03 2.991803288459777832e-01
6.692419999999294305e+03 2.996165156364440918e-01
6.693899999999293868e+03 3.249444067478179932e-01
6.695379999999293432e+03 3.017730116844177246e-01
6.696859999999292995e+03 2.967027127742767334e-01
6.698339999999292559e+03 2.989325523376464844e-01
6.699819999999292122e+03 3.533928692340850830e-01
6.701299999999291686e+03 9.384948015213012695e-01
6.702779999999291249e+03 1.624302148818969727e+00
6.704259999999290812e+03 1.406950950622558594e+00
6.705739999999290376e+03 6.455973386764526367e-01
6.707219999999289939e+03 3.410424888134002686e-01
6.708699999999289503e+03 2.889579236507415771e-01
6.710179999999289066e+03 2.771236300468444824e-01
6.711659999999288630e+03 3.233870565891265869e-01
6.713139999999288193e+03 3.705629408359527588e-01
6.714619999999287757e+03 5.235249996185302734e-01
6.716099999999287320e+03 7.717892646789550781e+00
6.717579999999286883e+03 1.873249053955078125e+01
6.719059999999286447e+03 1.755454254150390625e+01
6.720539999999286010e+03 6.220273971557617188e+00
6.722019999999285574e+03 9.001238346099853516e-01
6.723499999999285137e+03 4.421518445014953613e-01
6.724979999999284701e+03 3.485961556434631348e-01
6.726459999999284264e+03 2.764576375484466553e-01
6.727939999999283827e+03 3.388699293136596680e-01
6.729419999999283391e+03 3.255754709243774414e-01
6.730899999999282954e+03 3.027212023735046387e-01
6.732379999999282518e+03 3.144577443599700928e-01
6.733859999999282081e+03 3.418892621994018555e-01
6.735339999999281645e+03 3.431110978126525879e-01
6.736819999999281208e+03 1.244516611099243164e+00
6.738299999999280772e+03 3.591336011886596680e+00
6.739779999999280335e+03 4.094196319580078125e+00
6.741259999999279898e+03 2.270388841629028320e+00
6.742739999999279462e+03 5.079503655433654785e-01
6.744219999999279025e+03 3.092662394046783447e-01
6.745699999999278589e+03 2.754615247249603271e-01
6.747179999999278152e+03 2.853998541831970215e-01
6.748659999999277716e+03 3.060944378376007080e-01
6.750139999999277279e+03 2.714671492576599121e-01
6.751619999999276843e+03 2.727786302566528320e-01
6.753099999999276406e+03 2.938632369041442871e-01
6.754579999999275969e+03 2.874531447887420654e-01
6.756059999999275533e+03 3.001149296760559082e-01
6.757539999999275096e+03 2.872245311737060547e-01
6.759019999999274660e+03 3.192881345748901367e-01
6.760499999999274223e+03 3.041954040527343750e-01
6.761979999999273787e+03 2.678271830081939697e-01
6.763459999999273350e+03 2.902761101722717285e-01
6.764939999999272914e+03 2.534940838813781738e-01
6.766419999999272477e+03 2.607867717742919922e-01
6.767899999999272040e+03 2.741047143936157227e-01
6.769379999999271604e+03 2.842257618904113770e-01
6.770859999999271167e+03 3.042407035827636719e-01
6.772339999999270731e+03 3.065190017223358154e-01
6.773819999999270294e+03 2.935769855976104736e-01
6.775299999999269858e+03 2.805015146732330322e-01
6.776779999999269421e+03 2.723285257816314697e-01
6.778259999999268985e+03 2.836056351661682129e-01
6.779739999999268548e+03 2.869418859481811523e-01
6.781219999999268111e+03 2.679420113563537598e-01
6.782699999999267675e+03 2.543737292289733887e-01
6.784179999999267238e+03 2.550515830516815186e-01
6.785659999999266802e+03 2.904370129108428955e-01
6.787139999999266365e+03 2.814083993434906006e-01
6.788619999999265929e+03 2.485602498054504395e-01
6.790099999999265492e+03 2.527069151401519775e-01
6.791579999999265056e+03 2.315134704113006592e-01
6.793059999999264619e+03 2.912822067737579346e-01
6.794539999999264182e+03 3.031799793243408203e-01
6.796019999999263746e+03 3.052001595497131348e-01
6.797499999999263309e+03 2.737925052642822266e-01
6.798979999999262873e+03 2.711424231529235840e-01
6.800459999999262436e+03 2.949556708335876465e-01
6.801939999999262000e+03 2.965447306632995605e-01
6.803419999999261563e+03 2.905570268630981445e-01
6.804899999999261127e+03 2.797992229461669922e-01
6.806379999999260690e+03 2.812067270278930664e-01
6.807859999999260253e+03 2.840884327888488770e-01
6.809339999999259817e+03 2.723035514354705811e-01
6.810819999999259380e+03 2.670255899429321289e-01
6.812299999999258944e+03 2.570835351943969727e-01
6.813779999999258507e+03 2.805628776550292969e-01
6.815259999999258071e+03 2.756570577621459961e-01
6.816739999999257634e+03 2.793513834476470947e-01
6.818219999999257197e+03 2.848106622695922852e-01
6.819699999999256761e+03 2.682905793190002441e-01
6.821179999999256324e+03 2.611998021602630615e-01
6.822659999999255888e+03 2.730194628238677979e-01
6.824139999999255451e+03 2.541385889053344727e-01
6.825619999999255015e+03 2.707746922969818115e-01
6.827099999999254578e+03 2.811103761196136475e-01
6.828579999999254142e+03 2.812418341636657715e-01
6.830059999999253705e+03 2.756947278976440430e-01
6.831539999999253268e+03 2.806508541107177734e-01
6.833019999999252832e+03 3.063594698905944824e-01
6.834499999999252395e+03 4.073477387428283691e-01
6.835979999999251959e+03 4.945931434631347656e-01
6.837459999999251522e+03 4.315989911556243896e-01
6.838939999999251086e+03 3.011458516120910645e-01
6.840419999999250649e+03 2.722114622592926025e-01
6.841899999999250213e+03 2.986075878143310547e-01
6.843379999999249776e+03 3.177905082702636719e-01
6.844859999999249339e+03 2.459601908922195435e-01
6.846339999999248903e+03 2.540693879127502441e-01
6.847819999999248466e+03 2.659190297126770020e-01
6.849299999999248030e+03 2.898848950862884521e-01
6.850779999999247593e+03 2.489178329706192017e-01
6.852259999999247157e+03 2.999332249164581299e-01
6.853739999999246720e+03 2.944692671298980713e-01
6.855219999999246284e+03 3.088064789772033691e-01
6.856699999999245847e+03 2.952201962471008301e-01
6.858179999999245410e+03 2.881905734539031982e-01
6.859659999999244974e+03 2.677040100097656250e-01
6.861139999999244537e+03 2.422413975000381470e-01
6.862619999999244101e+03 2.970990836620330811e-01
6.864099999999243664e+03 3.308282792568206787e-01
6.865579999999243228e+03 2.650237679481506348e-01
6.867059999999242791e+03 2.230448722839355469e-01
6.868539999999242355e+03 2.196506410837173462e-01
6.870019999999241918e+03 2.236699014902114868e-01
6.871499999999241481e+03 2.316408604383468628e-01
6.872979999999241045e+03 7.315564155578613281e-01
6.874459999999240608e+03 1.777740001678466797e+00
6.875939999999240172e+03 1.797914028167724609e+00
6.877419999999239735e+03 9.206824302673339844e-01
6.878899999999239299e+03 3.535644114017486572e-01
6.880379999999238862e+03 2.544237971305847168e-01
6.881859999999238426e+03 2.758497297763824463e-01
6.883339999999237989e+03 2.694486677646636963e-01
6.884819999999237552e+03 2.457472532987594604e-01
6.886299999999237116e+03 2.575120925903320312e-01
6.887779999999236679e+03 7.808977961540222168e-01
6.889259999999236243e+03 1.658416152000427246e+00
6.890739999999235806e+03 1.613876104354858398e+00
6.892219999999235370e+03 7.752060294151306152e-01
6.893699999999234933e+03 3.223479390144348145e-01
6.895179999999234496e+03 2.831791043281555176e-01
6.896659999999234060e+03 2.456202208995819092e-01
6.898139999999233623e+03 2.260874658823013306e-01
6.899619999999233187e+03 2.367858886718750000e-01
6.901099999999232750e+03 2.725899517536163330e-01
6.902579999999232314e+03 2.546135187149047852e-01
6.904059999999231877e+03 2.501379847526550293e-01
6.905539999999231441e+03 2.369775921106338501e-01
6.907019999999231004e+03 2.445372492074966431e-01
6.908499999999230567e+03 2.458953708410263062e-01
6.909979999999230131e+03 2.635205090045928955e-01
6.911459999999229694e+03 2.543834149837493896e-01
6.912939999999229258e+03 2.385825365781784058e-01
6.914419999999228821e+03 2.547350823879241943e-01
6.915899999999228385e+03 2.602075040340423584e-01
6.917379999999227948e+03 2.639374136924743652e-01
6.918859999999227512e+03 2.382662147283554077e-01
6.920339999999227075e+03 2.259199321269989014e-01
6.921819999999226638e+03 2.915137708187103271e-01
6.923299999999226202e+03 2.647324204444885254e-01
6.924779999999225765e+03 2.357444465160369873e-01
6.926259999999225329e+03 2.757876515388488770e-01
6.927739999999224892e+03 2.484018057584762573e-01
6.929219999999224456e+03 2.755084633827209473e-01
6.930699999999224019e+03 2.438672780990600586e-01
6.932179999999223583e+03 2.477615475654602051e-01
6.933659999999223146e+03 2.388778626918792725e-01
6.935139999999222709e+03 2.637090384960174561e-01
6.936619999999222273e+03 2.521949410438537598e-01
6.938099999999221836e+03 2.715075612068176270e-01
6.939579999999221400e+03 2.575450241565704346e-01
6.941059999999220963e+03 2.604517936706542969e-01
6.942539999999220527e+03 2.544441819190979004e-01
6.944019999999220090e+03 2.320825457572937012e-01
6.945499999999219654e+03 2.202341258525848389e-01
6.946979999999219217e+03 2.230006754398345947e-01
6.948459999999218780e+03 2.688354253768920898e-01
6.949939999999218344e+03 2.500457167625427246e-01
6.951419999999217907e+03 2.264047116041183472e-01
6.952899999999217471e+03 2.400105595588684082e-01
6.954379999999217034e+03 2.807387709617614746e-01
6.955859999999216598e+03 3.015336394309997559e-01
6.957339999999216161e+03 2.758511006832122803e-01
6.958819999999215725e+03 2.782202363014221191e-01
6.960299999999215288e+03 2.682291567325592041e-01
6.961779999999214851e+03 2.720982134342193604e-01
6.963259999999214415e+03 2.757087349891662598e-01
