4.300739999999999782e+03 1.212252616882324219e+00
4.302219999999999345e+03 6.685289144515991211e-01
4.303699999999998909e+03 7.192440032958984375e-01
4.305179999999998472e+03 8.081980943679809570e-01
4.306659999999998035e+03 7.642729878425598145e-01
4.308139999999997599e+03 8.076910972595214844e-01
4.309619999999997162e+03 7.490754127502441406e-01
4.311099999999996726e+03 8.165071010589599609e-01
4.312579999999996289e+03 8.243861198425292969e-01
4.314059999999995853e+03 7.227915525436401367e-01
4.315539999999995416e+03 7.542366981506347656e-01
4.317019999999994980e+03 9.731857180595397949e-01
4.318499999999994543e+03 1.002859354019165039e+00
4.319979999999994106e+03 8.539124131202697754e-01
4.321459999999993670e+03 9.817736148834228516e-01
4.322939999999993233e+03 1.103658556938171387e+00
4.324419999999992797e+03 8.905320763587951660e-01
4.325899999999992360e+03 6.585804224014282227e-01
4.327379999999991924e+03 9.915442466735839844e-01
4.328859999999991487e+03 1.025556206703186035e+00
4.330339999999991051e+03 9.211528301239013672e-01
4.331819999999990614e+03 7.565917372703552246e-01
4.333299999999990177e+03 9.655669927597045898e-01
4.334779999999989741e+03 9.483863115310668945e-01
4.336259999999989304e+03 8.318374752998352051e-01
4.337739999999988868e+03 1.064052462577819824e+00
4.339219999999988431e+03 8.417634963989257812e-01
4.340699999999987995e+03 6.874474883079528809e-01
4.342179999999987558e+03 9.177726507186889648e-01
4.343659999999987122e+03 9.587539434432983398e-01
4.345139999999986685e+03 1.063734054565429688e+00
4.346619999999986248e+03 9.501550793647766113e-01
4.348099999999985812e+03 9.569748044013977051e-01
4.349579999999985375e+03 9.841706752777099609e-01
4.351059999999984939e+03 9.805915951728820801e-01
4.352539999999984502e+03 8.264588117599487305e-01
4.354019999999984066e+03 1.079071879386901855e+00
4.355499999999983629e+03 9.339836239814758301e-01
4.356979999999983193e+03 9.223909974098205566e-01
4.358459999999982756e+03 9.556170105934143066e-01
4.359939999999982319e+03 9.264911413192749023e-01
4.361419999999981883e+03 6.191720962524414062e-01
4.362899999999981446e+03 7.638413906097412109e-01
4.364379999999981010e+03 1.071198225021362305e+00
4.365859999999980573e+03 1.008979439735412598e+00
4.367339999999980137e+03 1.051942706108093262e+00
4.368819999999979700e+03 9.577640295028686523e-01
4.370299999999979264e+03 8.800234794616699219e-01
4.371779999999978827e+03 9.565594792366027832e-01
4.373259999999978390e+03 8.497797846794128418e-01
4.374739999999977954e+03 7.743713259696960449e-01
4.376219999999977517e+03 9.817237854003906250e-01
4.377699999999977081e+03 8.278343081474304199e-01
4.379179999999976644e+03 9.662324786186218262e-01
4.380659999999976208e+03 1.115119695663452148e+00
4.382139999999975771e+03 1.067513465881347656e+00
4.383619999999975335e+03 8.990993499755859375e-01
4.385099999999974898e+03 8.461415171623229980e-01
4.386579999999974461e+03 9.435790181159973145e-01
4.388059999999974025e+03 8.977407813072204590e-01
4.389539999999973588e+03 7.377520799636840820e-01
4.391019999999973152e+03 7.662576436996459961e-01
4.392499999999972715e+03 8.418669104576110840e-01
4.393979999999972279e+03 8.929271697998046875e-01
4.395459999999971842e+03 8.011805415153503418e-01
4.396939999999971405e+03 8.694727420806884766e-01
4.398419999999970969e+03 8.810431957244873047e-01
4.399899999999970532e+03 7.794666886329650879e-01
4.401379999999970096e+03 7.496082782745361328e-01
4.402859999999969659e+03 7.692126631736755371e-01
4.404339999999969223e+03 6.363942027091979980e-01
4.405819999999968786e+03 8.526794910430908203e-01
4.407299999999968350e+03 7.680503129959106445e-01
4.408779999999967913e+03 6.015113592147827148e-01
4.410259999999967476e+03 7.283341288566589355e-01
4.411739999999967040e+03 8.762767910957336426e-01
4.413219999999966603e+03 6.361203193664550781e-01
4.414699999999966167e+03 7.268913388252258301e-01
4.416179999999965730e+03 7.981107234954833984e-01
4.417659999999965294e+03 8.681190013885498047e-01
4.419139999999964857e+03 8.431724905967712402e-01
4.420619999999964421e+03 9.005258083343505859e-01
4.422099999999963984e+03 8.817521929740905762e-01
4.423579999999963547e+03 8.100748658180236816e-01
4.425059999999963111e+03 8.339937329292297363e-01
4.426539999999962674e+03 7.395964860916137695e-01
4.428019999999962238e+03 7.352234721183776855e-01
4.429499999999961801e+03 6.739282608032226562e-01
4.430979999999961365e+03 7.808485031127929688e-01
4.432459999999960928e+03 8.525222539901733398e-01
4.433939999999960492e+03 6.854799389839172363e-01
4.435419999999960055e+03 6.984162926673889160e-01
4.436899999999959618e+03 7.296065092086791992e-01
4.438379999999959182e+03 8.146815299987792969e-01
4.439859999999958745e+03 6.566303372383117676e-01
4.441339999999958309e+03 5.875967741012573242e-01
4.442819999999957872e+03 8.956182003021240234e-01
4.444299999999957436e+03 1.086522698402404785e+00
4.445779999999956999e+03 7.008914947509765625e-01
4.447259999999956563e+03 5.765569210052490234e-01
4.448739999999956126e+03 6.528016924858093262e-01
4.450219999999955689e+03 6.971597671508789062e-01
4.451699999999955253e+03 7.762271165847778320e-01
4.453179999999954816e+03 7.812785506248474121e-01
4.454659999999954380e+03 6.634774804115295410e-01
4.456139999999953943e+03 6.419156789779663086e-01
4.457619999999953507e+03 7.208129763603210449e-01
4.459099999999953070e+03 8.100118041038513184e-01
4.460579999999952634e+03 7.317157983779907227e-01
4.462059999999952197e+03 7.475419044494628906e-01
4.463539999999951760e+03 7.785711288452148438e-01
4.465019999999951324e+03 7.039047479629516602e-01
4.466499999999950887e+03 7.248227596282958984e-01
4.467979999999950451e+03 8.839136362075805664e-01
4.469459999999950014e+03 7.186893224716186523e-01
4.470939999999949578e+03 7.408063411712646484e-01
4.472419999999949141e+03 7.087189555168151855e-01
4.473899999999948704e+03 7.925164699554443359e-01
4.475379999999948268e+03 6.893966197967529297e-01
4.476859999999947831e+03 6.661158800125122070e-01
4.478339999999947395e+03 8.222345113754272461e-01
4.479819999999946958e+03 7.031344771385192871e-01
4.481299999999946522e+03 6.791901588439941406e-01
4.482779999999946085e+03 9.445710182189941406e-01
4.484259999999945649e+03 1.027416229248046875e+00
4.485739999999945212e+03 1.153714299201965332e+00
4.487219999999944775e+03 6.110131740570068359e-01
4.488699999999944339e+03 5.768768787384033203e-01
4.490179999999943902e+03 6.638599038124084473e-01
4.491659999999943466e+03 8.229322433471679688e-01
4.493139999999943029e+03 8.097256422042846680e-01
4.494619999999942593e+03 7.555340528488159180e-01
4.496099999999942156e+03 7.316182851791381836e-01
4.497579999999941720e+03 7.033637762069702148e-01
4.499059999999941283e+03 6.727206707000732422e-01
4.500539999999940846e+03 6.575943827629089355e-01
4.502019999999940410e+03 8.586212992668151855e-01
4.503499999999939973e+03 7.596819996833801270e-01
4.504979999999939537e+03 6.700186133384704590e-01
4.506459999999939100e+03 6.980904936790466309e-01
4.507939999999938664e+03 8.022300004959106445e-01
4.509419999999938227e+03 7.753456234931945801e-01
4.510899999999937791e+03 7.080671787261962891e-01
4.512379999999937354e+03 7.090932726860046387e-01
4.513859999999936917e+03 7.363199591636657715e-01
4.515339999999936481e+03 7.435028553009033203e-01
4.516819999999936044e+03 8.037379384040832520e-01
4.518299999999935608e+03 8.064818382263183594e-01
4.519779999999935171e+03 6.186006069183349609e-01
4.521259999999934735e+03 6.948332786560058594e-01
4.522739999999934298e+03 7.263674139976501465e-01
4.524219999999933862e+03 8.406834006309509277e-01
4.525699999999933425e+03 8.357647657394409180e-01
4.527179999999932988e+03 7.587422728538513184e-01
4.528659999999932552e+03 7.591562867164611816e-01
4.530139999999932115e+03 6.895605325698852539e-01
4.531619999999931679e+03 8.272888660430908203e-01
4.533099999999931242e+03 7.289965152740478516e-01
4.534579999999930806e+03 7.665901184082031250e-01
4.536059999999930369e+03 7.782154679298400879e-01
4.537539999999929933e+03 7.390487194061279297e-01
4.539019999999929496e+03 7.251396179199218750e-01
4.540499999999929059e+03 8.031480312347412109e-01
4.541979999999928623e+03 8.505143523216247559e-01
4.543459999999928186e+03 8.717969059944152832e-01
4.544939999999927750e+03 8.262374401092529297e-01
4.546419999999927313e+03 7.376747727394104004e-01
4.547899999999926877e+03 7.960798740386962891e-01
4.549379999999926440e+03 7.576428651809692383e-01
4.550859999999926004e+03 7.981554269790649414e-01
4.552339999999925567e+03 7.925781011581420898e-01
4.553819999999925130e+03 8.226240873336791992e-01
4.555299999999924694e+03 7.865957021713256836e-01
4.556779999999924257e+03 7.494711875915527344e-01
4.558259999999923821e+03 7.340396642684936523e-01
4.559739999999923384e+03 7.396503090858459473e-01
4.561219999999922948e+03 7.038361430168151855e-01
4.562699999999922511e+03 7.115560173988342285e-01
4.564179999999922074e+03 6.805500388145446777e-01
4.565659999999921638e+03 7.688547372817993164e-01
4.567139999999921201e+03 7.158934473991394043e-01
4.568619999999920765e+03 7.083538770675659180e-01
4.570099999999920328e+03 7.734315991401672363e-01
4.571579999999919892e+03 7.936527729034423828e-01
4.573059999999919455e+03 7.935391664505004883e-01
4.574539999999919019e+03 8.890967965126037598e-01
4.576019999999918582e+03 7.841206192970275879e-01
4.577499999999918145e+03 8.794468045234680176e-01
4.578979999999917709e+03 7.848701477050781250e-01
4.580459999999917272e+03 7.859485149383544922e-01
4.581939999999916836e+03 8.408221006393432617e-01
4.583419999999916399e+03 8.595561981201171875e-01
4.584899999999915963e+03 8.201236724853515625e-01
4.586379999999915526e+03 8.080151677131652832e-01
4.587859999999915090e+03 6.089642047882080078e-01
4.589339999999914653e+03 7.138537168502807617e-01
4.590819999999914216e+03 8.913622498512268066e-01
4.592299999999913780e+03 8.446027040481567383e-01
4.593779999999913343e+03 8.021492362022399902e-01
4.595259999999912907e+03 7.918440699577331543e-01
4.596739999999912470e+03 7.432572841644287109e-01
4.598219999999912034e+03 8.753927946090698242e-01
4.599699999999911597e+03 8.558582663536071777e-01
4.601179999999911161e+03 7.641856670379638672e-01
4.602659999999910724e+03 8.011261224746704102e-01
4.604139999999910287e+03 8.352398276329040527e-01
4.605619999999909851e+03 7.525062561035156250e-01
4.607099999999909414e+03 8.271642327308654785e-01
4.608579999999908978e+03 7.312238216400146484e-01
4.610059999999908541e+03 8.594541549682617188e-01
4.611539999999908105e+03 8.239905238151550293e-01
4.613019999999907668e+03 9.015743136405944824e-01
4.614499999999907232e+03 8.922218084335327148e-01
4.615979999999906795e+03 8.814164400100708008e-01
4.617459999999906358e+03 8.929984569549560547e-01
4.618939999999905922e+03 8.342845439910888672e-01
4.620419999999905485e+03 9.192332029342651367e-01
4.621899999999905049e+03 8.509813547134399414e-01
4.623379999999904612e+03 8.426839709281921387e-01
4.624859999999904176e+03 8.743932247161865234e-01
4.626339999999903739e+03 7.496423125267028809e-01
4.627819999999903303e+03 8.780585527420043945e-01
4.629299999999902866e+03 8.429090380668640137e-01
4.630779999999902429e+03 7.694015502929687500e-01
4.632259999999901993e+03 8.598891496658325195e-01
4.633739999999901556e+03 8.084638118743896484e-01
4.635219999999901120e+03 7.886108160018920898e-01
4.636699999999900683e+03 8.443840742111206055e-01
4.638179999999900247e+03 6.726244688034057617e-01
4.639659999999899810e+03 7.665309906005859375e-01
4.641139999999899374e+03 7.422597408294677734e-01
4.642619999999898937e+03 7.367007732391357422e-01
4.644099999999898500e+03 8.187994360923767090e-01
4.645579999999898064e+03 8.393121957778930664e-01
4.647059999999897627e+03 8.780612945556640625e-01
4.648539999999897191e+03 8.199725151062011719e-01
4.650019999999896754e+03 8.816310763359069824e-01
4.651499999999896318e+03 8.464251160621643066e-01
4.652979999999895881e+03 9.173316359519958496e-01
4.654459999999895444e+03 8.770033121109008789e-01
4.655939999999895008e+03 9.041914343833923340e-01
4.657419999999894571e+03 7.125002145767211914e-01
4.658899999999894135e+03 7.539541721343994141e-01
4.660379999999893698e+03 9.546461701393127441e-01
4.661859999999893262e+03 8.711473941802978516e-01
4.663339999999892825e+03 8.121770620346069336e-01
4.664819999999892389e+03 8.010165691375732422e-01
4.666299999999891952e+03 8.847654461860656738e-01
4.667779999999891515e+03 8.129924535751342773e-01
4.669259999999891079e+03 9.710527658462524414e-01
4.670739999999890642e+03 9.081745743751525879e-01
4.672219999999890206e+03 8.068952560424804688e-01
4.673699999999889769e+03 7.458870410919189453e-01
4.675179999999889333e+03 9.098403453826904297e-01
4.676659999999888896e+03 9.105260372161865234e-01
4.678139999999888460e+03 8.316726684570312500e-01
4.679619999999888023e+03 8.718158006668090820e-01
4.681099999999887586e+03 8.549243807792663574e-01
4.682579999999887150e+03 8.882943987846374512e-01
4.684059999999886713e+03 8.518660664558410645e-01
4.685539999999886277e+03 8.977150917053222656e-01
4.687019999999885840e+03 8.650787472724914551e-01
4.688499999999885404e+03 7.912304401397705078e-01
4.689979999999884967e+03 8.921869993209838867e-01
4.691459999999884531e+03 7.563781142234802246e-01
4.692939999999884094e+03 7.720417976379394531e-01
4.694419999999883657e+03 8.798896074295043945e-01
4.695899999999883221e+03 8.349061608314514160e-01
4.697379999999882784e+03 8.493380546569824219e-01
4.698859999999882348e+03 8.146688938140869141e-01
4.700339999999881911e+03 8.235335350036621094e-01
4.701819999999881475e+03 8.524276018142700195e-01
4.703299999999881038e+03 8.331404924392700195e-01
4.704779999999880602e+03 8.953723311424255371e-01
4.706259999999880165e+03 8.945319652557373047e-01
4.707739999999879728e+03 7.529163956642150879e-01
4.709219999999879292e+03 8.352416157722473145e-01
4.710699999999878855e+03 8.447931408882141113e-01
4.712179999999878419e+03 7.912414073944091797e-01
4.713659999999877982e+03 8.875598907470703125e-01
4.715139999999877546e+03 7.718786001205444336e-01
4.716619999999877109e+03 8.104332685470581055e-01
4.718099999999876673e+03 8.142472505569458008e-01
4.719579999999876236e+03 9.135560393333435059e-01
4.721059999999875799e+03 9.345415234565734863e-01
4.722539999999875363e+03 7.846182584762573242e-01
4.724019999999874926e+03 8.750242590904235840e-01
4.725499999999874490e+03 8.518254160881042480e-01
4.726979999999874053e+03 8.777566552162170410e-01
4.728459999999873617e+03 8.614563941955566406e-01
4.729939999999873180e+03 8.716232776641845703e-01
4.731419999999872744e+03 8.114011287689208984e-01
4.732899999999872307e+03 9.316682815551757812e-01
4.734379999999871870e+03 9.454838037490844727e-01
4.735859999999871434e+03 8.384084105491638184e-01
4.737339999999870997e+03 8.760009407997131348e-01
4.738819999999870561e+03 8.431913256645202637e-01
4.740299999999870124e+03 8.467199802398681641e-01
4.741779999999869688e+03 7.959243655204772949e-01
4.743259999999869251e+03 8.084456920623779297e-01
4.744739999999868814e+03 7.314721345901489258e-01
4.746219999999868378e+03 9.088798761367797852e-01
4.747699999999867941e+03 7.772621512413024902e-01
4.749179999999867505e+03 7.818086147308349609e-01
4.750659999999867068e+03 9.257174134254455566e-01
4.752139999999866632e+03 8.288977146148681641e-01
4.753619999999866195e+03 8.154388070106506348e-01
4.755099999999865759e+03 7.788580060005187988e-01
4.756579999999865322e+03 7.950982451438903809e-01
4.758059999999864885e+03 7.887263298034667969e-01
4.759539999999864449e+03 7.336127161979675293e-01
4.761019999999864012e+03 8.049391508102416992e-01
4.762499999999863576e+03 8.283308744430541992e-01
4.763979999999863139e+03 7.999446988105773926e-01
4.765459999999862703e+03 8.257075548171997070e-01
4.766939999999862266e+03 8.269410133361816406e-01
4.768419999999861830e+03 8.821495771408081055e-01
4.769899999999861393e+03 9.355634450912475586e-01
4.771379999999860956e+03 9.011663198471069336e-01
4.772859999999860520e+03 9.253274202346801758e-01
4.774339999999860083e+03 8.856887221336364746e-01
4.775819999999859647e+03 9.341597557067871094e-01
4.777299999999859210e+03 8.051184415817260742e-01
4.778779999999858774e+03 7.626115083694458008e-01
4.780259999999858337e+03 8.276047706604003906e-01
4.781739999999857901e+03 8.490338325500488281e-01
4.783219999999857464e+03 7.582483291625976562e-01
4.784699999999857027e+03 8.709838390350341797e-01
4.786179999999856591e+03 8.174076676368713379e-01
4.787659999999856154e+03 9.098842740058898926e-01
4.789139999999855718e+03 8.581660389900207520e-01
4.790619999999855281e+03 8.679454922676086426e-01
4.792099999999854845e+03 9.109449386596679688e-01
4.793579999999854408e+03 8.457750082015991211e-01
4.795059999999853972e+03 8.555181026458740234e-01
4.796539999999853535e+03 7.774651050567626953e-01
4.798019999999853098e+03 8.196582198143005371e-01
4.799499999999852662e+03 9.044499397277832031e-01
4.800979999999852225e+03 8.227778673171997070e-01
4.802459999999851789e+03 8.436303138732910156e-01
4.803939999999851352e+03 8.404812812805175781e-01
4.805419999999850916e+03 8.302537798881530762e-01
4.806899999999850479e+03 7.651652097702026367e-01
4.808379999999850043e+03 8.321493268013000488e-01
4.809859999999849606e+03 8.030689954757690430e-01
4.811339999999849169e+03 7.679557204246520996e-01
4.812819999999848733e+03 8.274022936820983887e-01
4.814299999999848296e+03 7.188355922698974609e-01
4.815779999999847860e+03 7.473379969596862793e-01
4.817259999999847423e+03 8.501856327056884766e-01
4.818739999999846987e+03 8.761148452758789062e-01
4.820219999999846550e+03 8.029568791389465332e-01
4.821699999999846113e+03 7.772962450981140137e-01
4.823179999999845677e+03 8.495342135429382324e-01
4.824659999999845240e+03 7.471262812614440918e-01
4.826139999999844804e+03 7.899175882339477539e-01
4.827619999999844367e+03 7.912691235542297363e-01
4.829099999999843931e+03 7.719025015830993652e-01
4.830579999999843494e+03 7.778601050376892090e-01
4.832059999999843058e+03 8.607754707336425781e-01
4.833539999999842621e+03 8.500055670738220215e-01
4.835019999999842184e+03 9.502364397048950195e-01
4.836499999999841748e+03 8.506045341491699219e-01
4.837979999999841311e+03 9.933069944381713867e-01
4.839459999999840875e+03 8.245652914047241211e-01
4.840939999999840438e+03 8.585990667343139648e-01
4.842419999999840002e+03 7.727044820785522461e-01
4.843899999999839565e+03 7.782478332519531250e-01
4.845379999999839129e+03 8.861312270164489746e-01
4.846859999999838692e+03 8.555024862289428711e-01
4.848339999999838255e+03 8.788504004478454590e-01
4.849819999999837819e+03 8.046005368232727051e-01
4.851299999999837382e+03 8.677574396133422852e-01
4.852779999999836946e+03 8.163027763366699219e-01
4.854259999999836509e+03 8.324806690216064453e-01
4.855739999999836073e+03 8.887073993682861328e-01
4.857219999999835636e+03 9.654801487922668457e-01
4.858699999999835200e+03 8.884830474853515625e-01
4.860179999999834763e+03 8.916217088699340820e-01
4.861659999999834326e+03 8.793864846229553223e-01
4.863139999999833890e+03 8.597694635391235352e-01
4.864619999999833453e+03 9.148163199424743652e-01
4.866099999999833017e+03 7.968209981918334961e-01
4.867579999999832580e+03 8.587036132812500000e-01
4.869059999999832144e+03 7.978288531303405762e-01
4.870539999999831707e+03 8.684620857238769531e-01
4.872019999999831271e+03 8.108339905738830566e-01
4.873499999999830834e+03 8.162193298339843750e-01
4.874979999999830397e+03 8.754552006721496582e-01
4.876459999999829961e+03 8.439908027648925781e-01
4.877939999999829524e+03 7.848061323165893555e-01
4.879419999999829088e+03 8.127233982086181641e-01
4.880899999999828651e+03 7.746697664260864258e-01
4.882379999999828215e+03 7.683069109916687012e-01
4.883859999999827778e+03 8.993014097213745117e-01
4.885339999999827342e+03 8.894503116607666016e-01
4.886819999999826905e+03 8.423738479614257812e-01
4.888299999999826468e+03 8.934338092803955078e-01
4.889779999999826032e+03 8.691040277481079102e-01
4.891259999999825595e+03 8.641945123672485352e-01
4.892739999999825159e+03 7.811860442161560059e-01
4.894219999999824722e+03 8.776460289955139160e-01
4.895699999999824286e+03 8.365251421928405762e-01
4.897179999999823849e+03 7.620074152946472168e-01
4.898659999999823413e+03 8.058661222457885742e-01
4.900139999999822976e+03 8.205212354660034180e-01
4.901619999999822539e+03 7.981745004653930664e-01
4.903099999999822103e+03 8.086577653884887695e-01
4.904579999999821666e+03 6.899597048759460449e-01
4.906059999999821230e+03 8.564076423645019531e-01
4.907539999999820793e+03 9.143312573432922363e-01
4.909019999999820357e+03 8.687500357627868652e-01
4.910499999999819920e+03 8.452723026275634766e-01
4.911979999999819483e+03 8.220034837722778320e-01
4.913459999999819047e+03 7.659914493560791016e-01
4.914939999999818610e+03 8.538170456886291504e-01
4.916419999999818174e+03 8.180572986602783203e-01
4.917899999999817737e+03 8.821844458580017090e-01
4.919379999999817301e+03 8.223988413810729980e-01
4.920859999999816864e+03 8.470607399940490723e-01
4.922339999999816428e+03 9.287635684013366699e-01
4.923819999999815991e+03 7.706373929977416992e-01
4.925299999999815554e+03 8.579104542732238770e-01
4.926779999999815118e+03 8.701524734497070312e-01
4.928259999999814681e+03 8.985347747802734375e-01
4.929739999999814245e+03 8.092057704925537109e-01
4.931219999999813808e+03 8.597965836524963379e-01
4.932699999999813372e+03 8.695155382156372070e-01
4.934179999999812935e+03 8.362479805946350098e-01
4.935659999999812499e+03 8.025673627853393555e-01
4.937139999999812062e+03 8.294068574905395508e-01
4.938619999999811625e+03 8.060711622238159180e-01
4.940099999999811189e+03 7.920191287994384766e-01
4.941579999999810752e+03 7.997305393218994141e-01
4.943059999999810316e+03 8.946518898010253906e-01
4.944539999999809879e+03 8.059136271476745605e-01
4.946019999999809443e+03 8.703005313873291016e-01
4.947499999999809006e+03 7.966530919075012207e-01
4.948979999999808570e+03 7.799172997474670410e-01
4.950459999999808133e+03 8.158136606216430664e-01
4.951939999999807696e+03 8.224772214889526367e-01
4.953419999999807260e+03 7.889815568923950195e-01
4.954899999999806823e+03 7.592678070068359375e-01
4.956379999999806387e+03 8.081061840057373047e-01
4.957859999999805950e+03 7.512971162796020508e-01
4.959339999999805514e+03 8.119069337844848633e-01
4.960819999999805077e+03 7.950334548950195312e-01
4.962299999999804641e+03 7.846943140029907227e-01
4.963779999999804204e+03 7.778086066246032715e-01
4.965259999999803767e+03 7.804279327392578125e-01
4.966739999999803331e+03 8.010497689247131348e-01
4.968219999999802894e+03 7.479345798492431641e-01
4.969699999999802458e+03 6.242725849151611328e-01
4.971179999999802021e+03 7.034212946891784668e-01
4.972659999999801585e+03 6.652684807777404785e-01
4.974139999999801148e+03 8.193545341491699219e-01
4.975619999999800712e+03 1.401193499565124512e+00
4.977099999999800275e+03 1.853962659835815430e+00
4.978579999999799838e+03 1.176844239234924316e+00
4.980059999999799402e+03 7.163270711898803711e-01
4.981539999999798965e+03 6.147710680961608887e-01
4.983019999999798529e+03 7.383294701576232910e-01
4.984499999999798092e+03 6.825097203254699707e-01
4.985979999999797656e+03 7.082937955856323242e-01
4.987459999999797219e+03 7.417154312133789062e-01
4.988939999999796783e+03 7.862652540206909180e-01
4.990419999999796346e+03 7.800818681716918945e-01
4.991899999999795909e+03 7.116678357124328613e-01
4.993379999999795473e+03 7.717423439025878906e-01
4.994859999999795036e+03 8.859575390815734863e-01
4.996339999999794600e+03 8.147841691970825195e-01
4.997819999999794163e+03 8.443250060081481934e-01
4.999299999999793727e+03 7.880245447158813477e-01
5.000779999999793290e+03 8.131706714630126953e-01
5.002259999999792853e+03 7.638409733772277832e-01
5.003739999999792417e+03 7.944954037666320801e-01
5.005219999999791980e+03 8.531939983367919922e-01
5.006699999999791544e+03 8.490976095199584961e-01
5.008179999999791107e+03 8.295229673385620117e-01
5.009659999999790671e+03 8.410503864288330078e-01
5.011139999999790234e+03 8.492096066474914551e-01
5.012619999999789798e+03 8.733376860618591309e-01
5.014099999999789361e+03 8.773889541625976562e-01
5.015579999999788924e+03 8.539250493049621582e-01
5.017059999999788488e+03 7.950904965400695801e-01
5.018539999999788051e+03 8.569682836532592773e-01
5.020019999999787615e+03 8.605198264122009277e-01
5.021499999999787178e+03 8.200026750564575195e-01
5.022979999999786742e+03 8.617679476737976074e-01
5.024459999999786305e+03 9.298829436302185059e-01
5.025939999999785869e+03 8.072072267532348633e-01
5.027419999999785432e+03 8.328077793121337891e-01
5.028899999999784995e+03 8.356755971908569336e-01
5.030379999999784559e+03 7.672934532165527344e-01
5.031859999999784122e+03 8.585776686668395996e-01
5.033339999999783686e+03 8.367290496826171875e-01
5.034819999999783249e+03 8.058752417564392090e-01
5.036299999999782813e+03 7.670855522155761719e-01
5.037779999999782376e+03 7.429121732711791992e-01
5.039259999999781940e+03 7.902654409408569336e-01
5.040739999999781503e+03 7.712264657020568848e-01
5.042219999999781066e+03 8.525727987289428711e-01
5.043699999999780630e+03 9.020310044288635254e-01
5.045179999999780193e+03 9.123486280441284180e-01
5.046659999999779757e+03 9.107682108879089355e-01
5.048139999999779320e+03 7.847024202346801758e-01
5.049619999999778884e+03 8.593405485153198242e-01
5.051099999999778447e+03 7.572296261787414551e-01
5.052579999999778011e+03 8.928476572036743164e-01
5.054059999999777574e+03 8.583768010139465332e-01
5.055539999999777137e+03 8.248015642166137695e-01
5.057019999999776701e+03 8.065984845161437988e-01
5.058499999999776264e+03 8.890581130981445312e-01
5.059979999999775828e+03 9.241207838058471680e-01
5.061459999999775391e+03 9.015997052192687988e-01
5.062939999999774955e+03 9.132592082023620605e-01
5.064419999999774518e+03 8.363261222839355469e-01
5.065899999999774082e+03 8.840643167495727539e-01
5.067379999999773645e+03 8.450420498847961426e-01
5.068859999999773208e+03 8.820319175720214844e-01
5.070339999999772772e+03 8.603079319000244141e-01
5.071819999999772335e+03 9.027701616287231445e-01
5.073299999999771899e+03 9.245425462722778320e-01
5.074779999999771462e+03 9.107144474983215332e-01
5.076259999999771026e+03 1.110642910003662109e+00
5.077739999999770589e+03 1.127130270004272461e+00
5.079219999999770152e+03 9.119585752487182617e-01
5.080699999999769716e+03 9.072030782699584961e-01
5.082179999999769279e+03 8.676704168319702148e-01
5.083659999999768843e+03 9.061568975448608398e-01
5.085139999999768406e+03 8.567783832550048828e-01
5.086619999999767970e+03 8.257480263710021973e-01
5.088099999999767533e+03 8.940117359161376953e-01
5.089579999999767097e+03 9.013493657112121582e-01
5.091059999999766660e+03 9.007668495178222656e-01
5.092539999999766223e+03 8.502336144447326660e-01
5.094019999999765787e+03 8.859402537345886230e-01
5.095499999999765350e+03 9.085822105407714844e-01
5.096979999999764914e+03 8.406424522399902344e-01
5.098459999999764477e+03 8.471357822418212891e-01
5.099939999999764041e+03 8.662714958190917969e-01
5.101419999999763604e+03 7.326748967170715332e-01
5.102899999999763168e+03 8.471836447715759277e-01
5.104379999999762731e+03 9.061909914016723633e-01
5.105859999999762294e+03 8.980801105499267578e-01
5.107339999999761858e+03 8.962371349334716797e-01
5.108819999999761421e+03 8.430817723274230957e-01
5.110299999999760985e+03 8.022390604019165039e-01
5.111779999999760548e+03 8.534336090087890625e-01
5.113259999999760112e+03 8.504866361618041992e-01
5.114739999999759675e+03 8.466877937316894531e-01
5.116219999999759239e+03 8.780717849731445312e-01
5.117699999999758802e+03 9.054912924766540527e-01
5.119179999999758365e+03 8.102980852127075195e-01
5.120659999999757929e+03 8.406071066856384277e-01
5.122139999999757492e+03 8.977581262588500977e-01
5.123619999999757056e+03 1.137520790100097656e+00
5.125099999999756619e+03 1.568363428115844727e+00
5.126579999999756183e+03 1.562316656112670898e+00
5.128059999999755746e+03 1.020768404006958008e+00
5.129539999999755310e+03 8.890960216522216797e-01
5.131019999999754873e+03 8.325592279434204102e-01
5.132499999999754436e+03 7.913712263107299805e-01
5.133979999999754000e+03 8.343575000762939453e-01
5.135459999999753563e+03 9.196377396583557129e-01
5.136939999999753127e+03 7.758387327194213867e-01
5.138419999999752690e+03 7.550690174102783203e-01
5.139899999999752254e+03 8.603522181510925293e-01
5.141379999999751817e+03 7.917311191558837891e-01
5.142859999999751381e+03 9.026480317115783691e-01
5.144339999999750944e+03 9.392314553260803223e-01
5.145819999999750507e+03 8.139328360557556152e-01
5.147299999999750071e+03 7.924778461456298828e-01
5.148779999999749634e+03 8.260234594345092773e-01
5.150259999999749198e+03 8.960018157958984375e-01
5.151739999999748761e+03 9.161304235458374023e-01
5.153219999999748325e+03 8.848255276679992676e-01
5.154699999999747888e+03 8.413224816322326660e-01
5.156179999999747452e+03 8.782493472099304199e-01
5.157659999999747015e+03 8.351030349731445312e-01
5.159139999999746578e+03 7.950611114501953125e-01
5.160619999999746142e+03 8.329346776008605957e-01
5.162099999999745705e+03 8.920039534568786621e-01
5.163579999999745269e+03 8.578271269798278809e-01
5.165059999999744832e+03 9.834972620010375977e-01
5.166539999999744396e+03 8.763815164566040039e-01
5.168019999999743959e+03 8.859276771545410156e-01
5.169499999999743522e+03 8.617111444473266602e-01
5.170979999999743086e+03 8.881339430809020996e-01
5.172459999999742649e+03 8.145633339881896973e-01
5.173939999999742213e+03 8.690623044967651367e-01
5.175419999999741776e+03 9.320427179336547852e-01
5.176899999999741340e+03 9.008798599243164062e-01
5.178379999999740903e+03 9.315429925918579102e-01
5.179859999999740467e+03 9.256973862648010254e-01
5.181339999999740030e+03 1.003893256187438965e+00
5.182819999999739593e+03 9.285353422164916992e-01
5.184299999999739157e+03 8.167084455490112305e-01
5.185779999999738720e+03 8.422113656997680664e-01
5.187259999999738284e+03 8.291985988616943359e-01
5.188739999999737847e+03 8.932906985282897949e-01
5.190219999999737411e+03 8.949993252754211426e-01
5.191699999999736974e+03 7.860183119773864746e-01
5.193179999999736538e+03 8.422995209693908691e-01
5.194659999999736101e+03 9.193841814994812012e-01
5.196139999999735664e+03 8.619227409362792969e-01
5.197619999999735228e+03 8.664445877075195312e-01
5.199099999999734791e+03 7.599973678588867188e-01
5.200579999999734355e+03 8.289802670478820801e-01
5.202059999999733918e+03 8.937318325042724609e-01
5.203539999999733482e+03 8.582727313041687012e-01
5.205019999999733045e+03 8.804000020027160645e-01
5.206499999999732609e+03 8.335411548614501953e-01
5.207979999999732172e+03 8.898675441741943359e-01
5.209459999999731735e+03 9.105576872825622559e-01
5.210939999999731299e+03 9.086939096450805664e-01
5.212419999999730862e+03 9.201747179031372070e-01
5.213899999999730426e+03 9.041769504547119141e-01
5.215379999999729989e+03 9.903032779693603516e-01
5.216859999999729553e+03 8.107160329818725586e-01
5.218339999999729116e+03 8.725152015686035156e-01
5.219819999999728680e+03 8.493105769157409668e-01
5.221299999999728243e+03 8.109940886497497559e-01
5.222779999999727806e+03 8.880281448364257812e-01
5.224259999999727370e+03 8.895636200904846191e-01
5.225739999999726933e+03 8.916076421737670898e-01
5.227219999999726497e+03 9.182639122009277344e-01
5.228699999999726060e+03 8.320326209068298340e-01
5.230179999999725624e+03 8.433326482772827148e-01
5.231659999999725187e+03 8.867535591125488281e-01
5.233139999999724751e+03 8.866481184959411621e-01
5.234619999999724314e+03 9.260283112525939941e-01
5.236099999999723877e+03 1.013604998588562012e+00
5.237579999999723441e+03 9.401053786277770996e-01
5.239059999999723004e+03 8.975017666816711426e-01
5.240539999999722568e+03 8.762410879135131836e-01
5.242019999999722131e+03 8.399778008460998535e-01
5.243499999999721695e+03 9.044404029846191406e-01
5.244979999999721258e+03 9.123430252075195312e-01
5.246459999999720822e+03 8.182209134101867676e-01
5.247939999999720385e+03 8.864877820014953613e-01
5.249419999999719948e+03 8.300585150718688965e-01
5.250899999999719512e+03 8.462542891502380371e-01
5.252379999999719075e+03 8.733367919921875000e-01
5.253859999999718639e+03 8.614750504493713379e-01
5.255339999999718202e+03 8.843734860420227051e-01
5.256819999999717766e+03 9.023692011833190918e-01
5.258299999999717329e+03 9.144828319549560547e-01
5.259779999999716892e+03 9.365356564521789551e-01
5.261259999999716456e+03 8.687382340431213379e-01
5.262739999999716019e+03 8.187102675437927246e-01
5.264219999999715583e+03 8.362122178077697754e-01
5.265699999999715146e+03 8.541782498359680176e-01
5.267179999999714710e+03 8.735944628715515137e-01
5.268659999999714273e+03 8.263171911239624023e-01
5.270139999999713837e+03 8.320825695991516113e-01
5.271619999999713400e+03 8.928903341293334961e-01
5.273099999999712963e+03 9.109819531440734863e-01
5.274579999999712527e+03 8.636317849159240723e-01
5.276059999999712090e+03 8.957481384277343750e-01
5.277539999999711654e+03 9.096499681472778320e-01
5.279019999999711217e+03 9.311083555221557617e-01
5.280499999999710781e+03 9.317495226860046387e-01
5.281979999999710344e+03 8.634122610092163086e-01
5.283459999999709908e+03 9.304752945899963379e-01
5.284939999999709471e+03 8.758612871170043945e-01
5.286419999999709034e+03 8.041573762893676758e-01
5.287899999999708598e+03 8.209987878799438477e-01
5.289379999999708161e+03 7.718143463134765625e-01
5.290859999999707725e+03 7.080569267272949219e-01
5.292339999999707288e+03 7.039965391159057617e-01
5.293819999999706852e+03 7.148659229278564453e-01
5.295299999999706415e+03 7.744953036308288574e-01
5.296779999999705979e+03 8.040568232536315918e-01
5.298259999999705542e+03 8.405553698539733887e-01
5.299739999999705105e+03 8.770112991333007812e-01
5.301219999999704669e+03 8.211187124252319336e-01
5.302699999999704232e+03 9.173803925514221191e-01
5.304179999999703796e+03 8.527466654777526855e-01
5.305659999999703359e+03 7.204775810241699219e-01
5.307139999999702923e+03 7.240356206893920898e-01
5.308619999999702486e+03 8.692790269851684570e-01
5.310099999999702050e+03 8.733376860618591309e-01
5.311579999999701613e+03 9.167234897613525391e-01
5.313059999999701176e+03 8.529165387153625488e-01
5.314539999999700740e+03 8.028674125671386719e-01
5.316019999999700303e+03 8.502108454704284668e-01
5.317499999999699867e+03 8.669171333312988281e-01
5.318979999999699430e+03 8.373213410377502441e-01
5.320459999999698994e+03 8.557803034782409668e-01
5.321939999999698557e+03 9.183050394058227539e-01
5.323419999999698121e+03 9.091041088104248047e-01
5.324899999999697684e+03 8.835618495941162109e-01
5.326379999999697247e+03 8.608180284500122070e-01
5.327859999999696811e+03 7.469990849494934082e-01
5.329339999999696374e+03 7.969934344291687012e-01
5.330819999999695938e+03 8.527091741561889648e-01
5.332299999999695501e+03 8.572586178779602051e-01
5.333779999999695065e+03 8.489368557929992676e-01
5.335259999999694628e+03 8.309844732284545898e-01
5.336739999999694192e+03 8.127216696739196777e-01
5.338219999999693755e+03 8.667953014373779297e-01
5.339699999999693318e+03 7.812167406082153320e-01
5.341179999999692882e+03 9.489606022834777832e-01
5.342659999999692445e+03 9.516490101814270020e-01
5.344139999999692009e+03 8.926233053207397461e-01
5.345619999999691572e+03 8.749545216560363770e-01
5.347099999999691136e+03 8.707915544509887695e-01
5.348579999999690699e+03 7.949429750442504883e-01
5.350059999999690262e+03 7.871140837669372559e-01
5.351539999999689826e+03 7.559286355972290039e-01
5.353019999999689389e+03 8.165883421897888184e-01
5.354499999999688953e+03 8.550422191619873047e-01
5.355979999999688516e+03 8.351845741271972656e-01
5.357459999999688080e+03 8.701503872871398926e-01
5.358939999999687643e+03 8.541929125785827637e-01
5.360419999999687207e+03 8.451183438301086426e-01
5.361899999999686770e+03 8.917970657348632812e-01
5.363379999999686333e+03 9.091791510581970215e-01
5.364859999999685897e+03 8.828956484794616699e-01
5.366339999999685460e+03 9.495138525962829590e-01
5.367819999999685024e+03 9.529590606689453125e-01
5.369299999999684587e+03 9.254448413848876953e-01
5.370779999999684151e+03 8.698535561561584473e-01
5.372259999999683714e+03 8.729836940765380859e-01
5.373739999999683278e+03 9.023131132125854492e-01
5.375219999999682841e+03 8.906106352806091309e-01
5.376699999999682404e+03 8.997334837913513184e-01
5.378179999999681968e+03 8.622316122055053711e-01
5.379659999999681531e+03 8.899255394935607910e-01
5.381139999999681095e+03 9.066312909126281738e-01
5.382619999999680658e+03 8.812189102172851562e-01
5.384099999999680222e+03 8.807159066200256348e-01
5.385579999999679785e+03 8.907318115234375000e-01
5.387059999999679349e+03 7.982890605926513672e-01
5.388539999999678912e+03 8.627251982688903809e-01
5.390019999999678475e+03 7.747416496276855469e-01
5.391499999999678039e+03 8.120773434638977051e-01
5.392979999999677602e+03 8.327450156211853027e-01
5.394459999999677166e+03 8.221327662467956543e-01
5.395939999999676729e+03 8.086181879043579102e-01
5.397419999999676293e+03 8.705565333366394043e-01
5.398899999999675856e+03 8.944907188415527344e-01
5.400379999999675420e+03 8.526003956794738770e-01
5.401859999999674983e+03 8.804679512977600098e-01
5.403339999999674546e+03 9.422318339347839355e-01
5.404819999999674110e+03 9.186385273933410645e-01
5.406299999999673673e+03 8.627381324768066406e-01
5.407779999999673237e+03 8.937058448791503906e-01
5.409259999999672800e+03 8.954659700393676758e-01
5.410739999999672364e+03 8.849516510963439941e-01
5.412219999999671927e+03 9.100397229194641113e-01
5.413699999999671491e+03 9.459689855575561523e-01
5.415179999999671054e+03 9.399290084838867188e-01
5.416659999999670617e+03 9.057545065879821777e-01
5.418139999999670181e+03 9.357602596282958984e-01
5.419619999999669744e+03 8.744513392448425293e-01
5.421099999999669308e+03 8.620452284812927246e-01
5.422579999999668871e+03 8.669185042381286621e-01
5.424059999999668435e+03 8.658568263053894043e-01
5.425539999999667998e+03 8.496720790863037109e-01
5.427019999999667561e+03 8.230269551277160645e-01
5.428499999999667125e+03 8.860803246498107910e-01
5.429979999999666688e+03 8.995925188064575195e-01
5.431459999999666252e+03 9.443641901016235352e-01
5.432939999999665815e+03 8.835192918777465820e-01
5.434419999999665379e+03 8.977292776107788086e-01
5.435899999999664942e+03 9.211203455924987793e-01
5.437379999999664506e+03 9.333404302597045898e-01
5.438859999999664069e+03 9.648444652557373047e-01
5.440339999999663632e+03 9.717425704002380371e-01
5.441819999999663196e+03 9.313163161277770996e-01
5.443299999999662759e+03 8.694615364074707031e-01
5.444779999999662323e+03 8.962468504905700684e-01
5.446259999999661886e+03 8.967764973640441895e-01
5.447739999999661450e+03 9.203212261199951172e-01
5.449219999999661013e+03 9.140667319297790527e-01
5.450699999999660577e+03 8.367978334426879883e-01
5.452179999999660140e+03 7.912263870239257812e-01
5.453659999999659703e+03 7.492852210998535156e-01
5.455139999999659267e+03 8.371554613113403320e-01
5.456619999999658830e+03 8.806502819061279297e-01
5.458099999999658394e+03 9.019359946250915527e-01
5.459579999999657957e+03 8.871943354606628418e-01
5.461059999999657521e+03 8.850147128105163574e-01
5.462539999999657084e+03 8.784143924713134766e-01
5.464019999999656648e+03 8.564242720603942871e-01
5.465499999999656211e+03 8.662997484207153320e-01
5.466979999999655774e+03 8.544716835021972656e-01
5.468459999999655338e+03 8.098239898681640625e-01
5.469939999999654901e+03 9.008989334106445312e-01
5.471419999999654465e+03 8.836357593536376953e-01
5.472899999999654028e+03 8.876930475234985352e-01
5.474379999999653592e+03 8.944561481475830078e-01
5.475859999999653155e+03 8.898238539695739746e-01
5.477339999999652719e+03 8.999450206756591797e-01
5.478819999999652282e+03 8.989975452423095703e-01
5.480299999999651845e+03 8.967164158821105957e-01
5.481779999999651409e+03 9.269519448280334473e-01
5.483259999999650972e+03 9.720236659049987793e-01
5.484739999999650536e+03 9.603376984596252441e-01
5.486219999999650099e+03 8.888986110687255859e-01
5.487699999999649663e+03 9.269624352455139160e-01
5.489179999999649226e+03 8.683906793594360352e-01
5.490659999999648790e+03 8.505432605743408203e-01
5.492139999999648353e+03 8.917554616928100586e-01
5.493619999999647916e+03 8.829226493835449219e-01
5.495099999999647480e+03 8.992872834205627441e-01
5.496579999999647043e+03 8.121093511581420898e-01
5.498059999999646607e+03 8.374971747398376465e-01
5.499539999999646170e+03 8.379354476928710938e-01
5.501019999999645734e+03 9.586621522903442383e-01
5.502499999999645297e+03 1.009945988655090332e+00
5.503979999999644861e+03 9.347822666168212891e-01
5.505459999999644424e+03 8.846298456192016602e-01
5.506939999999643987e+03 9.027873873710632324e-01
5.508419999999643551e+03 9.626818299293518066e-01
5.509899999999643114e+03 8.378896713256835938e-01
5.511379999999642678e+03 8.644153475761413574e-01
5.512859999999642241e+03 9.523383378982543945e-01
5.514339999999641805e+03 9.020759463310241699e-01
5.515819999999641368e+03 8.297846913337707520e-01
5.517299999999640931e+03 8.829332590103149414e-01
5.518779999999640495e+03 8.719871044158935547e-01
5.520259999999640058e+03 8.191924691200256348e-01
5.521739999999639622e+03 8.665779829025268555e-01
5.523219999999639185e+03 8.528012037277221680e-01
5.524699999999638749e+03 8.119972944259643555e-01
5.526179999999638312e+03 8.603081703186035156e-01
5.527659999999637876e+03 8.856723308563232422e-01
5.529139999999637439e+03 8.965617418289184570e-01
5.530619999999637002e+03 8.743425011634826660e-01
5.532099999999636566e+03 8.665045499801635742e-01
5.533579999999636129e+03 8.517509698867797852e-01
5.535059999999635693e+03 8.170748949050903320e-01
5.536539999999635256e+03 8.266897797584533691e-01
5.538019999999634820e+03 8.653669357299804688e-01
5.539499999999634383e+03 8.647156953811645508e-01
5.540979999999633947e+03 8.603073954582214355e-01
5.542459999999633510e+03 9.020258188247680664e-01
5.543939999999633073e+03 8.992584347724914551e-01
5.545419999999632637e+03 8.857252001762390137e-01
5.546899999999632200e+03 9.148194193840026855e-01
5.548379999999631764e+03 9.041336178779602051e-01
5.549859999999631327e+03 8.568483591079711914e-01
5.551339999999630891e+03 8.919883966445922852e-01
5.552819999999630454e+03 8.768137097358703613e-01
5.554299999999630018e+03 8.890227079391479492e-01
5.555779999999629581e+03 9.042950272560119629e-01
5.557259999999629144e+03 8.653423786163330078e-01
5.558739999999628708e+03 8.484289050102233887e-01
5.560219999999628271e+03 8.548403382301330566e-01
5.561699999999627835e+03 8.449190855026245117e-01
5.563179999999627398e+03 8.791370987892150879e-01
5.564659999999626962e+03 8.590978384017944336e-01
5.566139999999626525e+03 8.307986259460449219e-01
5.567619999999626089e+03 9.671336412429809570e-01
5.569099999999625652e+03 9.295175075531005859e-01
5.570579999999625215e+03 9.866762161254882812e-01
5.572059999999624779e+03 9.117296338081359863e-01
5.573539999999624342e+03 8.774166107177734375e-01
5.575019999999623906e+03 7.309870719909667969e-01
5.576499999999623469e+03 9.072046279907226562e-01
5.577979999999623033e+03 9.078968167304992676e-01
5.579459999999622596e+03 8.623408675193786621e-01
5.580939999999622160e+03 9.171893000602722168e-01
5.582419999999621723e+03 8.635456562042236328e-01
5.583899999999621286e+03 8.371770977973937988e-01
5.585379999999620850e+03 8.432698845863342285e-01
5.586859999999620413e+03 8.950290083885192871e-01
5.588339999999619977e+03 8.615143895149230957e-01
5.589819999999619540e+03 8.771013617515563965e-01
5.591299999999619104e+03 9.050551652908325195e-01
5.592779999999618667e+03 8.548469543457031250e-01
5.594259999999618231e+03 8.330482840538024902e-01
5.595739999999617794e+03 8.816086053848266602e-01
5.597219999999617357e+03 8.940421938896179199e-01
5.598699999999616921e+03 8.844496607780456543e-01
5.600179999999616484e+03 9.083201885223388672e-01
5.601659999999616048e+03 8.877185583114624023e-01
5.603139999999615611e+03 8.581485748291015625e-01
5.604619999999615175e+03 8.604850769042968750e-01
5.606099999999614738e+03 8.223141431808471680e-01
5.607579999999614301e+03 8.338845968246459961e-01
5.609059999999613865e+03 8.568828701972961426e-01
5.610539999999613428e+03 8.334255814552307129e-01
5.612019999999612992e+03 8.269674181938171387e-01
5.613499999999612555e+03 8.799400925636291504e-01
5.614979999999612119e+03 8.798588514328002930e-01
5.616459999999611682e+03 8.475575447082519531e-01
5.617939999999611246e+03 7.969260215759277344e-01
5.619419999999610809e+03 8.809073567390441895e-01
5.620899999999610372e+03 8.527291417121887207e-01
5.622379999999609936e+03 8.545416593551635742e-01
5.623859999999609499e+03 9.229708909988403320e-01
5.625339999999609063e+03 8.777247071266174316e-01
5.626819999999608626e+03 8.939758539199829102e-01
5.628299999999608190e+03 8.861612677574157715e-01
5.629779999999607753e+03 9.241774678230285645e-01
5.631259999999607317e+03 9.345415234565734863e-01
5.632739999999606880e+03 8.644376397132873535e-01
5.634219999999606443e+03 8.396993279457092285e-01
5.635699999999606007e+03 8.581124544143676758e-01
5.637179999999605570e+03 8.629462718963623047e-01
5.638659999999605134e+03 8.891200423240661621e-01
5.640139999999604697e+03 8.883007764816284180e-01
5.641619999999604261e+03 8.973804712295532227e-01
5.643099999999603824e+03 8.648730516433715820e-01
5.644579999999603388e+03 8.540350794792175293e-01
5.646059999999602951e+03 8.569933176040649414e-01
5.647539999999602514e+03 8.647854328155517578e-01
5.649019999999602078e+03 8.720977306365966797e-01
5.650499999999601641e+03 8.648695945739746094e-01
5.651979999999601205e+03 9.159784913063049316e-01
5.653459999999600768e+03 9.084768891334533691e-01
5.654939999999600332e+03 8.773849606513977051e-01
5.656419999999599895e+03 8.450390696525573730e-01
5.657899999999599459e+03 8.327617645263671875e-01
5.659379999999599022e+03 8.310973048210144043e-01
5.660859999999598585e+03 8.126913309097290039e-01
5.662339999999598149e+03 8.689005374908447266e-01
5.663819999999597712e+03 8.855335712432861328e-01
5.665299999999597276e+03 8.926092386245727539e-01
5.666779999999596839e+03 8.672514557838439941e-01
5.668259999999596403e+03 8.447097539901733398e-01
5.669739999999595966e+03 8.838049769401550293e-01
5.671219999999595530e+03 8.844456672668457031e-01
5.672699999999595093e+03 8.462039828300476074e-01
5.674179999999594656e+03 8.886766433715820312e-01
5.675659999999594220e+03 8.605552315711975098e-01
5.677139999999593783e+03 8.435580134391784668e-01
5.678619999999593347e+03 8.734642267227172852e-01
5.680099999999592910e+03 9.041239619255065918e-01
5.681579999999592474e+03 9.167748093605041504e-01
5.683059999999592037e+03 9.248972535133361816e-01
5.684539999999591600e+03 8.730504512786865234e-01
5.686019999999591164e+03 8.713365197181701660e-01
5.687499999999590727e+03 8.497249484062194824e-01
5.688979999999590291e+03 8.688062429428100586e-01
5.690459999999589854e+03 9.463042020797729492e-01
5.691939999999589418e+03 8.726801872253417969e-01
5.693419999999588981e+03 8.666514754295349121e-01
5.694899999999588545e+03 8.844708800315856934e-01
5.696379999999588108e+03 8.907653689384460449e-01
5.697859999999587671e+03 8.829632401466369629e-01
5.699339999999587235e+03 8.779979348182678223e-01
5.700819999999586798e+03 9.093315005302429199e-01
5.702299999999586362e+03 8.603838682174682617e-01
5.703779999999585925e+03 8.668129444122314453e-01
5.705259999999585489e+03 8.705111742019653320e-01
5.706739999999585052e+03 8.761065006256103516e-01
5.708219999999584616e+03 8.518499135971069336e-01
5.709699999999584179e+03 8.650317788124084473e-01
5.711179999999583742e+03 8.595681190490722656e-01
5.712659999999583306e+03 9.097893834114074707e-01
5.714139999999582869e+03 8.990805149078369141e-01
5.715619999999582433e+03 9.443689584732055664e-01
5.717099999999581996e+03 8.889524340629577637e-01
5.718579999999581560e+03 8.926393985748291016e-01
5.720059999999581123e+03 9.115288257598876953e-01
5.721539999999580687e+03 8.602346777915954590e-01
5.723019999999580250e+03 7.600806951522827148e-01
5.724499999999579813e+03 8.170938491821289062e-01
5.725979999999579377e+03 8.468586802482604980e-01
5.727459999999578940e+03 8.714978694915771484e-01
5.728939999999578504e+03 8.458108901977539062e-01
5.730419999999578067e+03 8.608126640319824219e-01
5.731899999999577631e+03 8.653023838996887207e-01
5.733379999999577194e+03 8.492848873138427734e-01
5.734859999999576758e+03 8.221216201782226562e-01
5.736339999999576321e+03 8.414375782012939453e-01
5.737819999999575884e+03 9.094568490982055664e-01
5.739299999999575448e+03 9.152920246124267578e-01
5.740779999999575011e+03 8.689064383506774902e-01
5.742259999999574575e+03 8.926478028297424316e-01
5.743739999999574138e+03 8.366916179656982422e-01
5.745219999999573702e+03 9.043397903442382812e-01
5.746699999999573265e+03 9.298598766326904297e-01
5.748179999999572829e+03 8.587141036987304688e-01
5.749659999999572392e+03 8.350471854209899902e-01
5.751139999999571955e+03 8.401073813438415527e-01
5.752619999999571519e+03 8.618462085723876953e-01
5.754099999999571082e+03 8.535667061805725098e-01
5.755579999999570646e+03 8.525335788726806641e-01
5.757059999999570209e+03 8.159072399139404297e-01
5.758539999999569773e+03 8.731167316436767578e-01
5.760019999999569336e+03 8.704857230186462402e-01
5.761499999999568900e+03 8.269937038421630859e-01
5.762979999999568463e+03 8.966641426086425781e-01
5.764459999999568026e+03 8.712072968482971191e-01
5.765939999999567590e+03 8.736565113067626953e-01
5.767419999999567153e+03 8.735885024070739746e-01
5.768899999999566717e+03 8.544641733169555664e-01
5.770379999999566280e+03 8.587877750396728516e-01
5.771859999999565844e+03 8.841962218284606934e-01
5.773339999999565407e+03 8.585454225540161133e-01
5.774819999999564970e+03 8.938136100769042969e-01
5.776299999999564534e+03 9.121443033218383789e-01
5.777779999999564097e+03 8.793810009956359863e-01
5.779259999999563661e+03 8.724374175071716309e-01
5.780739999999563224e+03 8.641324639320373535e-01
5.782219999999562788e+03 8.644199371337890625e-01
5.783699999999562351e+03 8.445575237274169922e-01
5.785179999999561915e+03 8.094726204872131348e-01
5.786659999999561478e+03 8.679902553558349609e-01
5.788139999999561041e+03 8.781807422637939453e-01
5.789619999999560605e+03 8.767828941345214844e-01
5.791099999999560168e+03 8.496608138084411621e-01
5.792579999999559732e+03 8.053345680236816406e-01
5.794059999999559295e+03 8.237320184707641602e-01
5.795539999999558859e+03 8.785678148269653320e-01
5.797019999999558422e+03 8.188635706901550293e-01
5.798499999999557986e+03 8.058205842971801758e-01
5.799979999999557549e+03 8.347801566123962402e-01
5.801459999999557112e+03 8.624650239944458008e-01
5.802939999999556676e+03 8.557615876197814941e-01
5.804419999999556239e+03 8.586033582687377930e-01
5.805899999999555803e+03 8.671416044235229492e-01
5.807379999999555366e+03 8.914729952812194824e-01
5.808859999999554930e+03 8.881641626358032227e-01
5.810339999999554493e+03 8.915475606918334961e-01
5.811819999999554057e+03 8.924965858459472656e-01
5.813299999999553620e+03 8.397206068038940430e-01
5.814779999999553183e+03 8.084151744842529297e-01
5.816259999999552747e+03 8.210759758949279785e-01
5.817739999999552310e+03 8.772132396697998047e-01
5.819219999999551874e+03 8.977786302566528320e-01
5.820699999999551437e+03 8.679854869842529297e-01
5.822179999999551001e+03 8.735366463661193848e-01
5.823659999999550564e+03 8.479669690132141113e-01
5.825139999999550128e+03 8.260861635208129883e-01
5.826619999999549691e+03 8.739944696426391602e-01
5.828099999999549254e+03 8.702552318572998047e-01
5.829579999999548818e+03 8.907762765884399414e-01
5.831059999999548381e+03 8.789409399032592773e-01
5.832539999999547945e+03 8.434673547744750977e-01
5.834019999999547508e+03 7.938194870948791504e-01
5.835499999999547072e+03 8.335693478584289551e-01
5.836979999999546635e+03 8.348563313484191895e-01
5.838459999999546199e+03 8.227636814117431641e-01
5.839939999999545762e+03 7.966948151588439941e-01
5.841419999999545325e+03 8.185183405876159668e-01
5.842899999999544889e+03 8.475024104118347168e-01
5.844379999999544452e+03 8.128031492233276367e-01
5.845859999999544016e+03 8.514403700828552246e-01
5.847339999999543579e+03 8.491898179054260254e-01
5.848819999999543143e+03 8.610234856605529785e-01
5.850299999999542706e+03 8.724183440208435059e-01
5.851779999999542270e+03 8.534479737281799316e-01
5.853259999999541833e+03 8.554525971412658691e-01
5.854739999999541396e+03 8.483486175537109375e-01
5.856219999999540960e+03 8.658196926116943359e-01
5.857699999999540523e+03 8.464903831481933594e-01
5.859179999999540087e+03 9.661802649497985840e-01
5.860659999999539650e+03 1.003494143486022949e+00
5.862139999999539214e+03 9.214197993278503418e-01
5.863619999999538777e+03 8.650251626968383789e-01
5.865099999999538340e+03 8.859364986419677734e-01
5.866579999999537904e+03 8.497121930122375488e-01
5.868059999999537467e+03 8.739887475967407227e-01
5.869539999999537031e+03 9.632744193077087402e-01
5.871019999999536594e+03 9.163889288902282715e-01
5.872499999999536158e+03 9.205756783485412598e-01
5.873979999999535721e+03 9.360811114311218262e-01
5.875459999999535285e+03 8.938869833946228027e-01
5.876939999999534848e+03 8.604440093040466309e-01
5.878419999999534411e+03 9.119125604629516602e-01
5.879899999999533975e+03 9.401891231536865234e-01
5.881379999999533538e+03 9.018573164939880371e-01
5.882859999999533102e+03 9.034118056297302246e-01
5.884339999999532665e+03 8.808785676956176758e-01
5.885819999999532229e+03 8.715357184410095215e-01
5.887299999999531792e+03 8.674997091293334961e-01
5.888779999999531356e+03 8.949897289276123047e-01
5.890259999999530919e+03 9.202023148536682129e-01
5.891739999999530482e+03 9.087573289871215820e-01
5.893219999999530046e+03 9.372044801712036133e-01
5.894699999999529609e+03 8.997478485107421875e-01
5.896179999999529173e+03 8.704798817634582520e-01
5.897659999999528736e+03 8.653614521026611328e-01
5.899139999999528300e+03 8.520936369895935059e-01
5.900619999999527863e+03 8.808479309082031250e-01
5.902099999999527427e+03 9.057282805442810059e-01
5.903579999999526990e+03 9.556800127029418945e-01
5.905059999999526553e+03 9.239591360092163086e-01
5.906539999999526117e+03 8.703442215919494629e-01
5.908019999999525680e+03 8.769294619560241699e-01
5.909499999999525244e+03 9.080951809883117676e-01
5.910979999999524807e+03 8.949109315872192383e-01
5.912459999999524371e+03 8.957351446151733398e-01
5.913939999999523934e+03 9.038479924201965332e-01
5.915419999999523498e+03 8.734855651855468750e-01
5.916899999999523061e+03 8.810616135597229004e-01
5.918379999999522624e+03 8.477619290351867676e-01
5.919859999999522188e+03 7.649503350257873535e-01
5.921339999999521751e+03 8.132709264755249023e-01
5.922819999999521315e+03 8.864616155624389648e-01
5.924299999999520878e+03 8.445519208908081055e-01
5.925779999999520442e+03 9.072945117950439453e-01
5.927259999999520005e+03 8.832148909568786621e-01
5.928739999999519569e+03 8.577735424041748047e-01
5.930219999999519132e+03 8.600559234619140625e-01
5.931699999999518695e+03 8.704258799552917480e-01
5.933179999999518259e+03 8.681374788284301758e-01
5.934659999999517822e+03 8.886195421218872070e-01
5.936139999999517386e+03 8.962587714195251465e-01
5.937619999999516949e+03 9.207490086555480957e-01
5.939099999999516513e+03 9.420636296272277832e-01
5.940579999999516076e+03 8.826862573623657227e-01
5.942059999999515640e+03 8.594127893447875977e-01
5.943539999999515203e+03 8.538055419921875000e-01
5.945019999999514766e+03 8.526440858840942383e-01
5.946499999999514330e+03 8.549493551254272461e-01
5.947979999999513893e+03 8.652219772338867188e-01
5.949459999999513457e+03 9.140750169754028320e-01
5.950939999999513020e+03 9.247348308563232422e-01
5.952419999999512584e+03 9.100909233093261719e-01
5.953899999999512147e+03 9.074232578277587891e-01
5.955379999999511710e+03 8.572123050689697266e-01
5.956859999999511274e+03 8.757979273796081543e-01
5.958339999999510837e+03 9.214518070220947266e-01
5.959819999999510401e+03 8.793963789939880371e-01
5.961299999999509964e+03 8.338564038276672363e-01
5.962779999999509528e+03 9.309430718421936035e-01
5.964259999999509091e+03 9.133261442184448242e-01
5.965739999999508655e+03 9.175499677658081055e-01
5.967219999999508218e+03 8.780244588851928711e-01
5.968699999999507781e+03 8.751308321952819824e-01
5.970179999999507345e+03 8.687322139739990234e-01
5.971659999999506908e+03 8.883314132690429688e-01
5.973139999999506472e+03 9.380652904510498047e-01
5.974619999999506035e+03 8.982637524604797363e-01
5.976099999999505599e+03 8.994866609573364258e-01
5.977579999999505162e+03 9.148993492126464844e-01
5.979059999999504726e+03 9.120532274246215820e-01
5.980539999999504289e+03 8.869184255599975586e-01
5.982019999999503852e+03 8.783444762229919434e-01
5.983499999999503416e+03 9.093208909034729004e-01
5.984979999999502979e+03 8.954175114631652832e-01
5.986459999999502543e+03 8.535410761833190918e-01
5.987939999999502106e+03 8.469069600105285645e-01
5.989419999999501670e+03 8.769233822822570801e-01
5.990899999999501233e+03 8.643717169761657715e-01
5.992379999999500797e+03 8.605362176895141602e-01
5.993859999999500360e+03 8.434830307960510254e-01
5.995339999999499923e+03 8.200216293334960938e-01
5.996819999999499487e+03 8.327969312667846680e-01
5.998299999999499050e+03 8.339333534240722656e-01
5.999779999999498614e+03 8.538444638252258301e-01
6.001259999999498177e+03 8.735495805740356445e-01
6.002739999999497741e+03 8.894335031509399414e-01
6.004219999999497304e+03 8.743585944175720215e-01
6.005699999999496868e+03 8.783297538757324219e-01
6.007179999999496431e+03 8.896408677101135254e-01
6.008659999999495994e+03 8.856634497642517090e-01
6.010139999999495558e+03 8.925442695617675781e-01
6.011619999999495121e+03 8.673235177993774414e-01
6.013099999999494685e+03 8.989769816398620605e-01
6.014579999999494248e+03 9.767253994941711426e-01
6.016059999999493812e+03 1.003318309783935547e+00
6.017539999999493375e+03 8.923580646514892578e-01
6.019019999999492939e+03 8.407582044601440430e-01
6.020499999999492502e+03 8.499979376792907715e-01
6.021979999999492065e+03 8.410845398902893066e-01
6.023459999999491629e+03 8.459147810935974121e-01
6.024939999999491192e+03 8.223947286605834961e-01
6.026419999999490756e+03 8.493389487266540527e-01
6.027899999999490319e+03 7.869081497192382812e-01
6.029379999999489883e+03 7.774944901466369629e-01
6.030859999999489446e+03 7.987369894981384277e-01
6.032339999999489009e+03 7.358261942863464355e-01
6.033819999999488573e+03 7.984906435012817383e-01
6.035299999999488136e+03 8.118597865104675293e-01
6.036779999999487700e+03 8.338491916656494141e-01
6.038259999999487263e+03 8.375627994537353516e-01
6.039739999999486827e+03 8.259367346763610840e-01
6.041219999999486390e+03 8.386850953102111816e-01
6.042699999999485954e+03 9.094229340553283691e-01
6.044179999999485517e+03 8.329560756683349609e-01
6.045659999999485080e+03 8.640356659889221191e-01
6.047139999999484644e+03 8.463401198387145996e-01
6.048619999999484207e+03 8.152710795402526855e-01
6.050099999999483771e+03 8.990133404731750488e-01
6.051579999999483334e+03 9.028967022895812988e-01
6.053059999999482898e+03 8.187511563301086426e-01
6.054539999999482461e+03 8.111296892166137695e-01
6.056019999999482025e+03 8.387463092803955078e-01
6.057499999999481588e+03 8.685346245765686035e-01
6.058979999999481151e+03 8.794538378715515137e-01
6.060459999999480715e+03 9.070087671279907227e-01
6.061939999999480278e+03 9.172863960266113281e-01
6.063419999999479842e+03 9.079729914665222168e-01
6.064899999999479405e+03 8.572834730148315430e-01
6.066379999999478969e+03 8.272711038589477539e-01
6.067859999999478532e+03 8.484686017036437988e-01
6.069339999999478096e+03 8.656798601150512695e-01
6.070819999999477659e+03 8.381338119506835938e-01
6.072299999999477222e+03 7.968044877052307129e-01
6.073779999999476786e+03 8.567491173744201660e-01
6.075259999999476349e+03 9.107575416564941406e-01
6.076739999999475913e+03 8.666107654571533203e-01
6.078219999999475476e+03 8.634575605392456055e-01
6.079699999999475040e+03 8.846725821495056152e-01
6.081179999999474603e+03 8.716069459915161133e-01
6.082659999999474167e+03 8.391702771186828613e-01
6.084139999999473730e+03 8.275427818298339844e-01
6.085619999999473293e+03 8.666673302650451660e-01
6.087099999999472857e+03 9.014496803283691406e-01
6.088579999999472420e+03 8.679941296577453613e-01
6.090059999999471984e+03 8.307497501373291016e-01
6.091539999999471547e+03 8.465415239334106445e-01
6.093019999999471111e+03 8.593770861625671387e-01
6.094499999999470674e+03 8.559406995773315430e-01
6.095979999999470238e+03 8.047436475753784180e-01
6.097459999999469801e+03 8.371825814247131348e-01
6.098939999999469364e+03 8.902096748352050781e-01
6.100419999999468928e+03 8.474513888359069824e-01
6.101899999999468491e+03 8.621220588684082031e-01
6.103379999999468055e+03 8.857048749923706055e-01
6.104859999999467618e+03 8.542994260787963867e-01
6.106339999999467182e+03 9.409553408622741699e-01
6.107819999999466745e+03 8.833838105201721191e-01
6.109299999999466309e+03 8.365494608879089355e-01
6.110779999999465872e+03 9.255275726318359375e-01
6.112259999999465435e+03 9.157984852790832520e-01
6.113739999999464999e+03 9.342619180679321289e-01
6.115219999999464562e+03 9.206599593162536621e-01
6.116699999999464126e+03 8.939328193664550781e-01
6.118179999999463689e+03 8.145160079002380371e-01
6.119659999999463253e+03 8.618023395538330078e-01
6.121139999999462816e+03 8.950881361961364746e-01
6.122619999999462379e+03 8.865814805030822754e-01
6.124099999999461943e+03 8.993914127349853516e-01
6.125579999999461506e+03 8.555286526679992676e-01
6.127059999999461070e+03 8.551328778266906738e-01
6.128539999999460633e+03 8.205267190933227539e-01
6.130019999999460197e+03 8.313497304916381836e-01
6.131499999999459760e+03 8.360923528671264648e-01
6.132979999999459324e+03 8.068125844001770020e-01
6.134459999999458887e+03 8.178690075874328613e-01
6.135939999999458450e+03 8.441346287727355957e-01
6.137419999999458014e+03 8.495294451713562012e-01
6.138899999999457577e+03 8.639436960220336914e-01
6.140379999999457141e+03 8.632696270942687988e-01
6.141859999999456704e+03 8.482417464256286621e-01
6.143339999999456268e+03 8.452183604240417480e-01
6.144819999999455831e+03 8.634905219078063965e-01
6.146299999999455395e+03 8.652005195617675781e-01
6.147779999999454958e+03 8.272869586944580078e-01
6.149259999999454521e+03 8.211959600448608398e-01
6.150739999999454085e+03 8.173016309738159180e-01
6.152219999999453648e+03 8.255017399787902832e-01
6.153699999999453212e+03 8.648054599761962891e-01
6.155179999999452775e+03 7.977516651153564453e-01
6.156659999999452339e+03 8.034651279449462891e-01
6.158139999999451902e+03 8.730964064598083496e-01
6.159619999999451466e+03 8.283774256706237793e-01
6.161099999999451029e+03 8.596642017364501953e-01
6.162579999999450592e+03 8.240095376968383789e-01
6.164059999999450156e+03 7.950393557548522949e-01
6.165539999999449719e+03 8.815674781799316406e-01
6.167019999999449283e+03 8.840699195861816406e-01
6.168499999999448846e+03 8.731363415718078613e-01
6.169979999999448410e+03 8.990272879600524902e-01
6.171459999999447973e+03 8.913909792900085449e-01
6.172939999999447537e+03 9.023359417915344238e-01
6.174419999999447100e+03 9.234755635261535645e-01
6.175899999999446663e+03 8.617978692054748535e-01
6.177379999999446227e+03 9.330000877380371094e-01
6.178859999999445790e+03 9.178752303123474121e-01
6.180339999999445354e+03 8.970863223075866699e-01
6.181819999999444917e+03 8.567290306091308594e-01
6.183299999999444481e+03 8.450311422348022461e-01
6.184779999999444044e+03 8.273664116859436035e-01
6.186259999999443608e+03 8.858832120895385742e-01
6.187739999999443171e+03 8.855515122413635254e-01
6.189219999999442734e+03 8.881400823593139648e-01
6.190699999999442298e+03 8.765400648117065430e-01
6.192179999999441861e+03 8.515194058418273926e-01
6.193659999999441425e+03 8.417365550994873047e-01
6.195139999999440988e+03 8.968774080276489258e-01
6.196619999999440552e+03 8.817438483238220215e-01
6.198099999999440115e+03 8.467286825180053711e-01
6.199579999999439679e+03 8.015676736831665039e-01
6.201059999999439242e+03 8.081202507019042969e-01
6.202539999999438805e+03 8.564190268516540527e-01
6.204019999999438369e+03 8.604064583778381348e-01
6.205499999999437932e+03 8.529752492904663086e-01
6.206979999999437496e+03 8.534680604934692383e-01
6.208459999999437059e+03 8.208878040313720703e-01
6.209939999999436623e+03 8.188279867172241211e-01
6.211419999999436186e+03 8.761832714080810547e-01
6.212899999999435749e+03 8.981869220733642578e-01
6.214379999999435313e+03 8.858320713043212891e-01
6.215859999999434876e+03 8.426684737205505371e-01
6.217339999999434440e+03 8.493546247482299805e-01
6.218819999999434003e+03 8.255520462989807129e-01
6.220299999999433567e+03 8.514680862426757812e-01
6.221779999999433130e+03 8.683521747589111328e-01
6.223259999999432694e+03 8.462631702423095703e-01
6.224739999999432257e+03 8.448253273963928223e-01
6.226219999999431820e+03 8.538124561309814453e-01
6.227699999999431384e+03 8.935216665267944336e-01
6.229179999999430947e+03 8.309628963470458984e-01
6.230659999999430511e+03 8.897542357444763184e-01
6.232139999999430074e+03 7.909778356552124023e-01
6.233619999999429638e+03 8.334176540374755859e-01
6.235099999999429201e+03 9.322583675384521484e-01
6.236579999999428765e+03 9.161823987960815430e-01
6.238059999999428328e+03 8.802599310874938965e-01
6.239539999999427891e+03 8.541169166564941406e-01
6.241019999999427455e+03 9.037708640098571777e-01
6.242499999999427018e+03 8.385096788406372070e-01
6.243979999999426582e+03 8.466975688934326172e-01
6.245459999999426145e+03 8.517213463783264160e-01
6.246939999999425709e+03 8.372514843940734863e-01
6.248419999999425272e+03 8.024804592132568359e-01
6.249899999999424836e+03 8.124018907546997070e-01
6.251379999999424399e+03 8.713238835334777832e-01
6.252859999999423962e+03 9.113187789916992188e-01
6.254339999999423526e+03 8.548150062561035156e-01
6.255819999999423089e+03 8.601185083389282227e-01
6.257299999999422653e+03 9.003214836120605469e-01
6.258779999999422216e+03 8.579742908477783203e-01
6.260259999999421780e+03 8.486241102218627930e-01
6.261739999999421343e+03 8.476760387420654297e-01
6.263219999999420907e+03 8.260920047760009766e-01
6.264699999999420470e+03 8.339113593101501465e-01
6.266179999999420033e+03 8.253831267356872559e-01
6.267659999999419597e+03 8.616189956665039062e-01
6.269139999999419160e+03 8.939167261123657227e-01
6.270619999999418724e+03 8.931984305381774902e-01
6.272099999999418287e+03 8.558379411697387695e-01
6.273579999999417851e+03 8.396835327148437500e-01
6.275059999999417414e+03 8.192471861839294434e-01
6.276539999999416978e+03 8.125092983245849609e-01
6.278019999999416541e+03 8.022981882095336914e-01
6.279499999999416104e+03 8.338435888290405273e-01
6.280979999999415668e+03 8.166610598564147949e-01
6.282459999999415231e+03 7.594023942947387695e-01
6.283939999999414795e+03 7.536548376083374023e-01
6.285419999999414358e+03 7.753783464431762695e-01
6.286899999999413922e+03 8.638104796409606934e-01
6.288379999999413485e+03 8.289090991020202637e-01
6.289859999999413048e+03 8.489570021629333496e-01
6.291339999999412612e+03 8.449245691299438477e-01
6.292819999999412175e+03 8.344129920005798340e-01
6.294299999999411739e+03 8.107841610908508301e-01
6.295779999999411302e+03 8.189839720726013184e-01
6.297259999999410866e+03 7.601458430290222168e-01
6.298739999999410429e+03 8.053512573242187500e-01
6.300219999999409993e+03 8.821371793746948242e-01
6.301699999999409556e+03 8.334222435951232910e-01
6.303179999999409119e+03 8.261983990669250488e-01
6.304659999999408683e+03 8.586353063583374023e-01
6.306139999999408246e+03 8.534610867500305176e-01
6.307619999999407810e+03 8.058349490165710449e-01
6.309099999999407373e+03 7.627925276756286621e-01
6.310579999999406937e+03 7.544323205947875977e-01
6.312059999999406500e+03 7.698627114295959473e-01
6.313539999999406064e+03 8.085419535636901855e-01
6.315019999999405627e+03 8.253685832023620605e-01
6.316499999999405190e+03 7.875071167945861816e-01
6.317979999999404754e+03 8.015192151069641113e-01
6.319459999999404317e+03 8.659633994102478027e-01
6.320939999999403881e+03 8.198457360267639160e-01
6.322419999999403444e+03 8.347761631011962891e-01
6.323899999999403008e+03 8.561471700668334961e-01
6.325379999999402571e+03 8.162697553634643555e-01
6.326859999999402135e+03 8.725956082344055176e-01
6.328339999999401698e+03 8.129705190658569336e-01
6.329819999999401261e+03 8.236062526702880859e-01
6.331299999999400825e+03 8.366606235504150391e-01
6.332779999999400388e+03 8.095411658287048340e-01
6.334259999999399952e+03 7.825213074684143066e-01
6.335739999999399515e+03 7.869541049003601074e-01
6.337219999999399079e+03 7.907607555389404297e-01
6.338699999999398642e+03 7.624043822288513184e-01
6.340179999999398206e+03 8.039024472236633301e-01
6.341659999999397769e+03 8.614021539688110352e-01
6.343139999999397332e+03 8.601857423782348633e-01
6.344619999999396896e+03 8.454474210739135742e-01
6.346099999999396459e+03 8.136690258979797363e-01
6.347579999999396023e+03 8.243024945259094238e-01
6.349059999999395586e+03 8.341349363327026367e-01
6.350539999999395150e+03 8.606299757957458496e-01
6.352019999999394713e+03 8.656236529350280762e-01
6.353499999999394277e+03 8.481876850128173828e-01
6.354979999999393840e+03 8.376432061195373535e-01
6.356459999999393403e+03 8.020045161247253418e-01
6.357939999999392967e+03 8.245028853416442871e-01
6.359419999999392530e+03 8.393589258193969727e-01
6.360899999999392094e+03 7.943340539932250977e-01
6.362379999999391657e+03 8.095273971557617188e-01
6.363859999999391221e+03 8.294765949249267578e-01
6.365339999999390784e+03 8.179707527160644531e-01
6.366819999999390348e+03 8.436502814292907715e-01
6.368299999999389911e+03 7.888326048851013184e-01
6.369779999999389474e+03 8.083965778350830078e-01
6.371259999999389038e+03 8.181905150413513184e-01
6.372739999999388601e+03 7.986031770706176758e-01
6.374219999999388165e+03 8.079360723495483398e-01
6.375699999999387728e+03 7.918401360511779785e-01
6.377179999999387292e+03 8.496871590614318848e-01
6.378659999999386855e+03 7.962235808372497559e-01
6.380139999999386418e+03 7.650477886199951172e-01
6.381619999999385982e+03 8.064473271369934082e-01
6.383099999999385545e+03 7.977048158645629883e-01
6.384579999999385109e+03 8.036267757415771484e-01
6.386059999999384672e+03 7.926583886146545410e-01
6.387539999999384236e+03 8.059537410736083984e-01
6.389019999999383799e+03 7.644929289817810059e-01
6.390499999999383363e+03 7.586506009101867676e-01
6.391979999999382926e+03 7.966371178627014160e-01
6.393459999999382489e+03 8.361159563064575195e-01
6.394939999999382053e+03 8.244005441665649414e-01
6.396419999999381616e+03 8.078967928886413574e-01
6.397899999999381180e+03 8.249508142471313477e-01
6.399379999999380743e+03 8.179446458816528320e-01
6.400859999999380307e+03 7.948173284530639648e-01
6.402339999999379870e+03 7.310151457786560059e-01
6.403819999999379434e+03 7.710478305816650391e-01
6.405299999999378997e+03 7.974900603294372559e-01
6.406779999999378560e+03 7.403745055198669434e-01
6.408259999999378124e+03 7.648937702178955078e-01
6.409739999999377687e+03 7.924046516418457031e-01
6.411219999999377251e+03 8.449675440788269043e-01
6.412699999999376814e+03 7.960274815559387207e-01
6.414179999999376378e+03 8.450728654861450195e-01
6.415659999999375941e+03 8.282756805419921875e-01
6.417139999999375505e+03 9.029048681259155273e-01
6.418619999999375068e+03 8.513154387474060059e-01
6.420099999999374631e+03 8.130398988723754883e-01
6.421579999999374195e+03 7.967891097068786621e-01
6.423059999999373758e+03 8.266975283622741699e-01
6.424539999999373322e+03 8.391886353492736816e-01
6.426019999999372885e+03 8.185184001922607422e-01
6.427499999999372449e+03 8.046731948852539062e-01
6.428979999999372012e+03 7.826324701309204102e-01
6.430459999999371576e+03 7.711609005928039551e-01
6.431939999999371139e+03 8.009939789772033691e-01
6.433419999999370702e+03 8.488678336143493652e-01
6.434899999999370266e+03 8.445595502853393555e-01
6.436379999999369829e+03 8.460127115249633789e-01
6.437859999999369393e+03 8.856370449066162109e-01
6.439339999999368956e+03 8.770390152931213379e-01
6.440819999999368520e+03 8.428632020950317383e-01
6.442299999999368083e+03 8.513035774230957031e-01
6.443779999999367647e+03 8.415154218673706055e-01
6.445259999999367210e+03 8.018939495086669922e-01
6.446739999999366773e+03 8.142644762992858887e-01
6.448219999999366337e+03 8.656350374221801758e-01
6.449699999999365900e+03 9.031578898429870605e-01
6.451179999999365464e+03 8.890767097473144531e-01
6.452659999999365027e+03 8.141024112701416016e-01
6.454139999999364591e+03 8.550350666046142578e-01
6.455619999999364154e+03 8.095675706863403320e-01
6.457099999999363718e+03 8.229781985282897949e-01
6.458579999999363281e+03 8.670068979263305664e-01
6.460059999999362844e+03 8.467445969581604004e-01
6.461539999999362408e+03 8.024036288261413574e-01
6.463019999999361971e+03 7.962190508842468262e-01
6.464499999999361535e+03 7.691233158111572266e-01
6.465979999999361098e+03 7.827042937278747559e-01
6.467459999999360662e+03 7.860268354415893555e-01
6.468939999999360225e+03 7.969823479652404785e-01
6.470419999999359788e+03 7.793418169021606445e-01
6.471899999999359352e+03 7.896645665168762207e-01
6.473379999999358915e+03 8.216806650161743164e-01
6.474859999999358479e+03 8.104661107063293457e-01
6.476339999999358042e+03 8.212247490882873535e-01
6.477819999999357606e+03 8.436162471771240234e-01
6.479299999999357169e+03 8.481236696243286133e-01
6.480779999999356733e+03 8.264414668083190918e-01
6.482259999999356296e+03 8.291572928428649902e-01
6.483739999999355859e+03 8.626137375831604004e-01
6.485219999999355423e+03 8.097023963928222656e-01
6.486699999999354986e+03 7.838475704193115234e-01
6.488179999999354550e+03 8.274945616722106934e-01
6.489659999999354113e+03 7.722293138504028320e-01
6.491139999999353677e+03 8.500863313674926758e-01
6.492619999999353240e+03 8.480331897735595703e-01
6.494099999999352804e+03 7.573810815811157227e-01
6.495579999999352367e+03 8.121621608734130859e-01
6.497059999999351930e+03 8.645396232604980469e-01
6.498539999999351494e+03 8.107434511184692383e-01
6.500019999999351057e+03 8.675985932350158691e-01
6.501499999999350621e+03 8.582152724266052246e-01
6.502979999999350184e+03 8.628837466239929199e-01
6.504459999999349748e+03 8.455971479415893555e-01
6.505939999999349311e+03 8.228164315223693848e-01
6.507419999999348875e+03 8.116266727447509766e-01
6.508899999999348438e+03 8.328706622123718262e-01
6.510379999999348001e+03 8.079872727394104004e-01
6.511859999999347565e+03 7.790703177452087402e-01
6.513339999999347128e+03 8.021916151046752930e-01
6.514819999999346692e+03 8.477971553802490234e-01
6.516299999999346255e+03 8.424438834190368652e-01
6.517779999999345819e+03 7.870762348175048828e-01
6.519259999999345382e+03 8.061841130256652832e-01
6.520739999999344946e+03 7.786520719528198242e-01
6.522219999999344509e+03 8.155577778816223145e-01
6.523699999999344072e+03 8.639397621154785156e-01
6.525179999999343636e+03 8.270264267921447754e-01
6.526659999999343199e+03 8.119639158248901367e-01
6.528139999999342763e+03 8.086099028587341309e-01
6.529619999999342326e+03 8.485220074653625488e-01
6.531099999999341890e+03 8.514789342880249023e-01
6.532579999999341453e+03 8.570315837860107422e-01
6.534059999999341017e+03 8.328598737716674805e-01
6.535539999999340580e+03 7.872693538665771484e-01
6.537019999999340143e+03 8.433039188385009766e-01
6.538499999999339707e+03 8.161815404891967773e-01
6.539979999999339270e+03 8.043495416641235352e-01
6.541459999999338834e+03 8.351014852523803711e-01
6.542939999999338397e+03 7.968681454658508301e-01
6.544419999999337961e+03 8.115798234939575195e-01
6.545899999999337524e+03 8.490270972251892090e-01
6.547379999999337088e+03 7.992255091667175293e-01
6.548859999999336651e+03 7.861674427986145020e-01
6.550339999999336214e+03 7.891173958778381348e-01
6.551819999999335778e+03 7.922779321670532227e-01
6.553299999999335341e+03 8.387821316719055176e-01
6.554779999999334905e+03 8.311665654182434082e-01
6.556259999999334468e+03 8.199943304061889648e-01
6.557739999999334032e+03 8.365907073020935059e-01
6.559219999999333595e+03 8.836579918861389160e-01
6.560699999999333158e+03 8.353311419486999512e-01
6.562179999999332722e+03 7.852555513381958008e-01
6.563659999999332285e+03 8.075118064880371094e-01
6.565139999999331849e+03 7.853875160217285156e-01
6.566619999999331412e+03 8.214427232742309570e-01
6.568099999999330976e+03 8.403569459915161133e-01
6.569579999999330539e+03 8.050476312637329102e-01
6.571059999999330103e+03 8.036239147186279297e-01
6.572539999999329666e+03 8.414251208305358887e-01
6.574019999999329229e+03 8.052244186401367188e-01
6.575499999999328793e+03 8.323491811752319336e-01
6.576979999999328356e+03 8.344894647598266602e-01
6.578459999999327920e+03 8.375878334045410156e-01
6.579939999999327483e+03 8.461487889289855957e-01
6.581419999999327047e+03 8.266914486885070801e-01
6.582899999999326610e+03 8.077071905136108398e-01
6.584379999999326174e+03 8.081963658332824707e-01
6.585859999999325737e+03 7.958103418350219727e-01
6.587339999999325300e+03 7.806394696235656738e-01
6.588819999999324864e+03 8.095201253890991211e-01
6.590299999999324427e+03 8.108016848564147949e-01
6.591779999999323991e+03 8.116060495376586914e-01
6.593259999999323554e+03 8.550125360488891602e-01
6.594739999999323118e+03 8.733151555061340332e-01
6.596219999999322681e+03 8.739497661590576172e-01
6.597699999999322245e+03 8.558570146560668945e-01
6.599179999999321808e+03 8.704706430435180664e-01
6.600659999999321371e+03 8.131914138793945312e-01
6.602139999999320935e+03 8.139908313751220703e-01
6.603619999999320498e+03 8.127954602241516113e-01
6.605099999999320062e+03 8.252930641174316406e-01
6.606579999999319625e+03 8.098790645599365234e-01
6.608059999999319189e+03 8.074889779090881348e-01
6.609539999999318752e+03 7.571817040443420410e-01
6.611019999999318316e+03 8.245624899864196777e-01
6.612499999999317879e+03 8.440570831298828125e-01
6.613979999999317442e+03 8.195152282714843750e-01
6.615459999999317006e+03 7.700998187065124512e-01
6.616939999999316569e+03 7.916164994239807129e-01
6.618419999999316133e+03 8.535638451576232910e-01
6.619899999999315696e+03 8.161226511001586914e-01
6.621379999999315260e+03 8.269947171211242676e-01
6.622859999999314823e+03 8.395305275917053223e-01
6.624339999999314387e+03 8.077417612075805664e-01
6.625819999999313950e+03 8.243752121925354004e-01
6.627299999999313513e+03 8.297190070152282715e-01
6.628779999999313077e+03 8.164400458335876465e-01
6.630259999999312640e+03 7.995082736015319824e-01
6.631739999999312204e+03 8.526416420936584473e-01
6.633219999999311767e+03 8.368097543716430664e-01
6.634699999999311331e+03 8.476309776306152344e-01
6.636179999999310894e+03 8.270015120506286621e-01
6.637659999999310457e+03 7.868455648422241211e-01
6.639139999999310021e+03 8.215580582618713379e-01
6.640619999999309584e+03 8.189288973808288574e-01
6.642099999999309148e+03 8.024358153343200684e-01
6.643579999999308711e+03 8.139827251434326172e-01
6.645059999999308275e+03 8.124977946281433105e-01
6.646539999999307838e+03 7.927234172821044922e-01
6.648019999999307402e+03 7.682622075080871582e-01
6.649499999999306965e+03 7.199794650077819824e-01
6.650979999999306528e+03 7.372596859931945801e-01
6.652459999999306092e+03 7.832387089729309082e-01
6.653939999999305655e+03 7.716932296752929688e-01
6.655419999999305219e+03 7.767818570137023926e-01
6.656899999999304782e+03 8.235331177711486816e-01
6.658379999999304346e+03 8.456630110740661621e-01
6.659859999999303909e+03 8.145940303802490234e-01
6.661339999999303473e+03 8.251479268074035645e-01
6.662819999999303036e+03 8.196058869361877441e-01
6.664299999999302599e+03 8.397940397262573242e-01
6.665779999999302163e+03 8.190245628356933594e-01
6.667259999999301726e+03 7.856575250625610352e-01
6.668739999999301290e+03 8.358902335166931152e-01
6.670219999999300853e+03 8.088122010231018066e-01
6.671699999999300417e+03 8.039127588272094727e-01
6.673179999999299980e+03 7.818117141723632812e-01
6.674659999999299544e+03 8.376699686050415039e-01
6.676139999999299107e+03 8.646034598350524902e-01
6.677619999999298670e+03 8.479925990104675293e-01
6.679099999999298234e+03 8.251131176948547363e-01
6.680579999999297797e+03 8.462848663330078125e-01
6.682059999999297361e+03 8.270285129547119141e-01
6.683539999999296924e+03 8.112878799438476562e-01
6.685019999999296488e+03 8.448969125747680664e-01
6.686499999999296051e+03 8.236695528030395508e-01
6.687979999999295615e+03 8.382486701011657715e-01
6.689459999999295178e+03 8.651496171951293945e-01
6.690939999999294741e+03 8.570587038993835449e-01
6.692419999999294305e+03 8.203250765800476074e-01
6.693899999999293868e+03 8.205823898315429688e-01
6.695379999999293432e+03 8.463270068168640137e-01
6.696859999999292995e+03 8.580356240272521973e-01
6.698339999999292559e+03 8.583320379257202148e-01
6.699819999999292122e+03 8.680944442749023438e-01
6.701299999999291686e+03 1.024998664855957031e+00
6.702779999999291249e+03 1.416018366813659668e+00
6.704259999999290812e+03 1.464361071586608887e+00
6.705739999999290376e+03 1.113720655441284180e+00
6.707219999999289939e+03 8.225332498550415039e-01
6.708699999999289503e+03 7.631664872169494629e-01
6.710179999999289066e+03 7.747745513916015625e-01
6.711659999999288630e+03 8.159391283988952637e-01
6.713139999999288193e+03 8.353489637374877930e-01
6.714619999999287757e+03 9.091322422027587891e-01
6.716099999999287320e+03 2.076091527938842773e+00
6.717579999999286883e+03 4.768659591674804688e+00
6.719059999999286447e+03 5.663837432861328125e+00
6.720539999999286010e+03 3.094629049301147461e+00
6.722019999999285574e+03 1.134651541709899902e+00
6.723499999999285137e+03 9.054795503616333008e-01
6.724979999999284701e+03 7.749692201614379883e-01
6.726459999999284264e+03 7.870094180107116699e-01
6.727939999999283827e+03 7.925537824630737305e-01
6.729419999999283391e+03 7.756091356277465820e-01
6.730899999999282954e+03 8.112802505493164062e-01
6.732379999999282518e+03 7.922160625457763672e-01
6.733859999999282081e+03 8.139685988426208496e-01
6.735339999999281645e+03 8.366200327873229980e-01
6.736819999999281208e+03 1.119099259376525879e+00
6.738299999999280772e+03 2.170867443084716797e+00
6.739779999999280335e+03 3.019596815109252930e+00
6.741259999999279898e+03 2.308249711990356445e+00
6.742739999999279462e+03 1.085231661796569824e+00
6.744219999999279025e+03 8.245300650596618652e-01
6.745699999999278589e+03 8.140656948089599609e-01
6.747179999999278152e+03 8.270197510719299316e-01
6.748659999999277716e+03 7.805250883102416992e-01
6.750139999999277279e+03 7.746682763099670410e-01
6.751619999999276843e+03 8.086507320404052734e-01
6.753099999999276406e+03 8.305704593658447266e-01
6.754579999999275969e+03 8.204460740089416504e-01
6.756059999999275533e+03 8.109765052795410156e-01
6.757539999999275096e+03 8.114392161369323730e-01
6.759019999999274660e+03 8.266805410385131836e-01
6.760499999999274223e+03 8.095704317092895508e-01
6.761979999999273787e+03 8.086842298507690430e-01
6.763459999999273350e+03 7.859391570091247559e-01
6.764939999999272914e+03 8.079702854156494141e-01
6.766419999999272477e+03 8.251595497131347656e-01
6.767899999999272040e+03 8.423488736152648926e-01
6.769379999999271604e+03 8.009522557258605957e-01
6.770859999999271167e+03 8.083285093307495117e-01
6.772339999999270731e+03 8.741246461868286133e-01
6.773819999999270294e+03 8.842144012451171875e-01
6.775299999999269858e+03 8.375797271728515625e-01
6.776779999999269421e+03 7.928618788719177246e-01
6.778259999999268985e+03 8.089413642883300781e-01
6.779739999999268548e+03 8.316842317581176758e-01
6.781219999999268111e+03 8.222364783287048340e-01
6.782699999999267675e+03 8.111781477928161621e-01
6.784179999999267238e+03 8.140149116516113281e-01
6.785659999999266802e+03 8.311592340469360352e-01
6.787139999999266365e+03 8.206583857536315918e-01
6.788619999999265929e+03 7.897667884826660156e-01
6.790099999999265492e+03 7.822918295860290527e-01
6.791579999999265056e+03 8.319854140281677246e-01
6.793059999999264619e+03 8.308025002479553223e-01
6.794539999999264182e+03 8.193957805633544922e-01
6.796019999999263746e+03 7.993881702423095703e-01
6.797499999999263309e+03 8.457425832748413086e-01
6.798979999999262873e+03 8.578665256500244141e-01
6.800459999999262436e+03 8.051437139511108398e-01
6.801939999999262000e+03 8.088813424110412598e-01
6.803419999999261563e+03 8.339537382125854492e-01
6.804899999999261127e+03 8.099802136421203613e-01
6.806379999999260690e+03 8.007888197898864746e-01
6.807859999999260253e+03 8.273875713348388672e-01
6.809339999999259817e+03 8.189025521278381348e-01
6.810819999999259380e+03 7.870931029319763184e-01
6.812299999999258944e+03 8.103989362716674805e-01
6.813779999999258507e+03 7.852289676666259766e-01
6.815259999999258071e+03 7.905420660972595215e-01
6.816739999999257634e+03 8.129162192344665527e-01
6.818219999999257197e+03 8.036588430404663086e-01
6.819699999999256761e+03 7.471873760223388672e-01
6.821179999999256324e+03 7.848663330078125000e-01
6.822659999999255888e+03 8.292748928070068359e-01
6.824139999999255451e+03 8.250425457954406738e-01
6.825619999999255015e+03 8.023414015769958496e-01
6.827099999999254578e+03 7.989578843116760254e-01
6.828579999999254142e+03 7.954894304275512695e-01
6.830059999999253705e+03 8.354930877685546875e-01
6.831539999999253268e+03 8.353795409202575684e-01
6.833019999999252832e+03 8.093132376670837402e-01
6.834499999999252395e+03 8.020591735839843750e-01
6.835979999999251959e+03 8.024109601974487305e-01
6.837459999999251522e+03 8.249748349189758301e-01
6.838939999999251086e+03 8.127561807632446289e-01
6.840419999999250649e+03 8.283456563949584961e-01
6.841899999999250213e+03 8.501860499382019043e-01
6.843379999999249776e+03 8.022898435592651367e-01
6.844859999999249339e+03 8.521636128425598145e-01
6.846339999999248903e+03 8.249169588088989258e-01
6.847819999999248466e+03 7.998346090316772461e-01
6.849299999999248030e+03 8.037614822387695312e-01
6.850779999999247593e+03 8.221505284309387207e-01
6.852259999999247157e+03 8.068430423736572266e-01
6.853739999999246720e+03 7.771267890930175781e-01
6.855219999999246284e+03 8.133608102798461914e-01
6.856699999999245847e+03 8.712247610092163086e-01
6.858179999999245410e+03 8.532345294952392578e-01
6.859659999999244974e+03 7.651955485343933105e-01
6.861139999999244537e+03 7.787969708442687988e-01
6.862619999999244101e+03 8.642550706863403320e-01
6.864099999999243664e+03 8.422911167144775391e-01
6.865579999999243228e+03 6.841549873352050781e-01
6.867059999999242791e+03 5.461059212684631348e-01
6.868539999999242355e+03 5.364702343940734863e-01
6.870019999999241918e+03 5.884888172149658203e-01
6.871499999999241481e+03 6.275462508201599121e-01
6.872979999999241045e+03 7.919453382492065430e-01
6.874459999999240608e+03 1.178332448005676270e+00
6.875939999999240172e+03 1.379896879196166992e+00
6.877419999999239735e+03 1.116363048553466797e+00
6.878899999999239299e+03 8.227343559265136719e-01
6.880379999999238862e+03 7.926607131958007812e-01
6.881859999999238426e+03 7.951560616493225098e-01
6.883339999999237989e+03 7.786738872528076172e-01
6.884819999999237552e+03 7.008257508277893066e-01
6.886299999999237116e+03 6.939925551414489746e-01
6.887779999999236679e+03 9.014022350311279297e-01
6.889259999999236243e+03 1.305540561676025391e+00
6.890739999999235806e+03 1.386378765106201172e+00
6.892219999999235370e+03 1.054072380065917969e+00
6.893699999999234933e+03 8.120890259742736816e-01
6.895179999999234496e+03 7.103217840194702148e-01
6.896659999999234060e+03 6.913667321205139160e-01
6.898139999999233623e+03 7.309734225273132324e-01
6.899619999999233187e+03 7.287587523460388184e-01
6.901099999999232750e+03 7.269455194473266602e-01
6.902579999999232314e+03 7.422487139701843262e-01
6.904059999999231877e+03 6.910700201988220215e-01
6.905539999999231441e+03 7.614741325378417969e-01
6.907019999999231004e+03 7.221173644065856934e-01
6.908499999999230567e+03 7.235147953033447266e-01
6.909979999999230131e+03 7.645094990730285645e-01
6.911459999999229694e+03 7.630097270011901855e-01
6.912939999999229258e+03 7.522412538528442383e-01
6.914419999999228821e+03 7.502568960189819336e-01
6.915899999999228385e+03 7.621504068374633789e-01
6.917379999999227948e+03 7.866945862770080566e-01
6.918859999999227512e+03 7.951737046241760254e-01
6.920339999999227075e+03 7.781432867050170898e-01
6.921819999999226638e+03 7.507996559143066406e-01
6.923299999999226202e+03 7.721514105796813965e-01
6.924779999999225765e+03 7.912777662277221680e-01
6.926259999999225329e+03 7.611871957778930664e-01
6.927739999999224892e+03 7.609634995460510254e-01
6.929219999999224456e+03 7.810428142547607422e-01
6.930699999999224019e+03 7.590367794036865234e-01
6.932179999999223583e+03 7.872356772422790527e-01
6.933659999999223146e+03 7.607002258300781250e-01
6.935139999999222709e+03 7.495186328887939453e-01
6.936619999999222273e+03 8.168558478355407715e-01
6.938099999999221836e+03 8.114173412322998047e-01
6.939579999999221400e+03 7.855831384658813477e-01
6.941059999999220963e+03 8.118232488632202148e-01
6.942539999999220527e+03 8.159493207931518555e-01
6.944019999999220090e+03 7.602314352989196777e-01
6.945499999999219654e+03 7.322018742561340332e-01
6.946979999999219217e+03 7.559810280799865723e-01
6.948459999999218780e+03 8.063147664070129395e-01
6.949939999999218344e+03 8.455201387405395508e-01
6.951419999999217907e+03 7.819335460662841797e-01
6.952899999999217471e+03 7.740372419357299805e-01
6.954379999999217034e+03 7.553941011428833008e-01
6.955859999999216598e+03 7.738992571830749512e-01
6.957339999999216161e+03 7.948060631752014160e-01
6.958819999999215725e+03 7.923852205276489258e-01
6.960299999999215288e+03 7.997442483901977539e-01
6.961779999999214851e+03 7.876881361007690430e-01
6.963259999999214415e+03 7.833703756332397461e-01
