4.300739999999999782e+03 1.769703865051269531e+00
4.302219999999999345e+03 8.193947076797485352e-01
4.303699999999998909e+03 6.622732281684875488e-01
4.305179999999998472e+03 1.153180360794067383e+00
4.306659999999998035e+03 1.002242445945739746e+00
4.308139999999997599e+03 7.488615512847900391e-01
4.309619999999997162e+03 7.159669399261474609e-01
4.311099999999996726e+03 8.296726942062377930e-01
4.312579999999996289e+03 6.977260708808898926e-01
4.314059999999995853e+03 7.052074074745178223e-01
4.315539999999995416e+03 8.543964028358459473e-01
4.317019999999994980e+03 1.018583655357360840e+00
4.318499999999994543e+03 8.141115903854370117e-01
4.319979999999994106e+03 8.823347091674804688e-01
4.321459999999993670e+03 1.138712286949157715e+00
4.322939999999993233e+03 1.160253047943115234e+00
4.324419999999992797e+03 1.133569240570068359e+00
4.325899999999992360e+03 6.982968449592590332e-01
4.327379999999991924e+03 9.243907928466796875e-01
4.328859999999991487e+03 8.745735287666320801e-01
4.330339999999991051e+03 1.086079835891723633e+00
4.331819999999990614e+03 1.111372113227844238e+00
4.333299999999990177e+03 1.219044446945190430e+00
4.334779999999989741e+03 1.283807516098022461e+00
4.336259999999989304e+03 1.138248324394226074e+00
4.337739999999988868e+03 8.582598567008972168e-01
4.339219999999988431e+03 9.517289996147155762e-01
4.340699999999987995e+03 9.109607338905334473e-01
4.342179999999987558e+03 6.832770109176635742e-01
4.343659999999987122e+03 8.977665901184082031e-01
4.345139999999986685e+03 8.557565212249755859e-01
4.346619999999986248e+03 9.472880959510803223e-01
4.348099999999985812e+03 9.344563484191894531e-01
4.349579999999985375e+03 1.001506447792053223e+00
4.351059999999984939e+03 9.826976060867309570e-01
4.352539999999984502e+03 7.646947503089904785e-01
4.354019999999984066e+03 1.288478970527648926e+00
4.355499999999983629e+03 9.473570585250854492e-01
4.356979999999983193e+03 9.850374460220336914e-01
4.358459999999982756e+03 9.552856683731079102e-01
4.359939999999982319e+03 1.013152003288269043e+00
4.361419999999981883e+03 9.843646287918090820e-01
4.362899999999981446e+03 8.145068883895874023e-01
4.364379999999981010e+03 1.000721335411071777e+00
4.365859999999980573e+03 1.208250880241394043e+00
4.367339999999980137e+03 1.104565620422363281e+00
4.368819999999979700e+03 1.072759747505187988e+00
4.370299999999979264e+03 9.297414422035217285e-01
4.371779999999978827e+03 1.105859875679016113e+00
4.373259999999978390e+03 8.435538411140441895e-01
4.374739999999977954e+03 8.718707561492919922e-01
4.376219999999977517e+03 9.748363494873046875e-01
4.377699999999977081e+03 1.065636396408081055e+00
4.379179999999976644e+03 9.102361798286437988e-01
4.380659999999976208e+03 1.014854073524475098e+00
4.382139999999975771e+03 1.123718023300170898e+00
4.383619999999975335e+03 8.102359175682067871e-01
4.385099999999974898e+03 8.631236553192138672e-01
4.386579999999974461e+03 8.782097101211547852e-01
4.388059999999974025e+03 9.949334859848022461e-01
4.389539999999973588e+03 9.850890636444091797e-01
4.391019999999973152e+03 9.491460919380187988e-01
4.392499999999972715e+03 1.001218438148498535e+00
4.393979999999972279e+03 5.899876356124877930e-01
4.395459999999971842e+03 8.074795603752136230e-01
4.396939999999971405e+03 8.967720270156860352e-01
4.398419999999970969e+03 1.008533954620361328e+00
4.399899999999970532e+03 7.937328219413757324e-01
4.401379999999970096e+03 8.794324398040771484e-01
4.402859999999969659e+03 1.002820253372192383e+00
4.404339999999969223e+03 8.165098428726196289e-01
4.405819999999968786e+03 8.338823318481445312e-01
4.407299999999968350e+03 7.339157462120056152e-01
4.408779999999967913e+03 7.186711430549621582e-01
4.410259999999967476e+03 6.811196804046630859e-01
4.411739999999967040e+03 8.345672488212585449e-01
4.413219999999966603e+03 1.136902093887329102e+00
4.414699999999966167e+03 7.036777734756469727e-01
4.416179999999965730e+03 5.907866954803466797e-01
4.417659999999965294e+03 6.296377778053283691e-01
4.419139999999964857e+03 8.191580176353454590e-01
4.420619999999964421e+03 8.536366820335388184e-01
4.422099999999963984e+03 7.822313308715820312e-01
4.423579999999963547e+03 8.065278530120849609e-01
4.425059999999963111e+03 7.730083465576171875e-01
4.426539999999962674e+03 7.503165602684020996e-01
4.428019999999962238e+03 6.652733683586120605e-01
4.429499999999961801e+03 7.332445383071899414e-01
4.430979999999961365e+03 6.117795109748840332e-01
4.432459999999960928e+03 7.214116454124450684e-01
4.433939999999960492e+03 7.666560411453247070e-01
4.435419999999960055e+03 6.088232398033142090e-01
4.436899999999959618e+03 5.830199718475341797e-01
4.438379999999959182e+03 7.222404479980468750e-01
4.439859999999958745e+03 6.954483985900878906e-01
4.441339999999958309e+03 1.103737950325012207e+00
4.442819999999957872e+03 3.656779289245605469e+00
4.444299999999957436e+03 4.067406177520751953e+00
4.445779999999956999e+03 1.382979631423950195e+00
4.447259999999956563e+03 4.847115576267242432e-01
4.448739999999956126e+03 4.913942515850067139e-01
4.450219999999955689e+03 5.676617026329040527e-01
4.451699999999955253e+03 6.777353286743164062e-01
4.453179999999954816e+03 7.463146448135375977e-01
4.454659999999954380e+03 6.952643990516662598e-01
4.456139999999953943e+03 6.749825477600097656e-01
4.457619999999953507e+03 7.892991304397583008e-01
4.459099999999953070e+03 6.580751538276672363e-01
4.460579999999952634e+03 4.754864275455474854e-01
4.462059999999952197e+03 7.126089930534362793e-01
4.463539999999951760e+03 8.456698656082153320e-01
4.465019999999951324e+03 7.908046841621398926e-01
4.466499999999950887e+03 7.148746252059936523e-01
4.467979999999950451e+03 6.797988414764404297e-01
4.469459999999950014e+03 6.540066599845886230e-01
4.470939999999949578e+03 6.197354793548583984e-01
4.472419999999949141e+03 7.085675001144409180e-01
4.473899999999948704e+03 8.707486391067504883e-01
4.475379999999948268e+03 7.671171426773071289e-01
4.476859999999947831e+03 6.264423131942749023e-01
4.478339999999947395e+03 7.238406538963317871e-01
4.479819999999946958e+03 5.294411778450012207e-01
4.481299999999946522e+03 5.877498984336853027e-01
4.482779999999946085e+03 5.436412692070007324e-01
4.484259999999945649e+03 7.183892130851745605e-01
4.485739999999945212e+03 7.609423995018005371e-01
4.487219999999944775e+03 7.301864027976989746e-01
4.488699999999944339e+03 6.379423141479492188e-01
4.490179999999943902e+03 6.058694720268249512e-01
4.491659999999943466e+03 7.922874093055725098e-01
4.493139999999943029e+03 6.790450215339660645e-01
4.494619999999942593e+03 6.245875358581542969e-01
4.496099999999942156e+03 5.173680186271667480e-01
4.497579999999941720e+03 6.923008561134338379e-01
4.499059999999941283e+03 7.459494471549987793e-01
4.500539999999940846e+03 6.296797990798950195e-01
4.502019999999940410e+03 6.090711951255798340e-01
4.503499999999939973e+03 6.623682379722595215e-01
4.504979999999939537e+03 4.840062856674194336e-01
4.506459999999939100e+03 6.700105071067810059e-01
4.507939999999938664e+03 6.807854175567626953e-01
4.509419999999938227e+03 6.356044411659240723e-01
4.510899999999937791e+03 7.386260032653808594e-01
4.512379999999937354e+03 6.170279979705810547e-01
4.513859999999936917e+03 5.815480351448059082e-01
4.515339999999936481e+03 6.476244330406188965e-01
4.516819999999936044e+03 5.749111771583557129e-01
4.518299999999935608e+03 6.423942446708679199e-01
4.519779999999935171e+03 6.660348773002624512e-01
4.521259999999934735e+03 7.524877190589904785e-01
4.522739999999934298e+03 4.695313572883605957e-01
4.524219999999933862e+03 5.587661266326904297e-01
4.525699999999933425e+03 7.994235754013061523e-01
4.527179999999932988e+03 7.361798882484436035e-01
4.528659999999932552e+03 7.255350351333618164e-01
4.530139999999932115e+03 6.095783710479736328e-01
4.531619999999931679e+03 6.084586977958679199e-01
4.533099999999931242e+03 6.811717152595520020e-01
4.534579999999930806e+03 6.782347559928894043e-01
4.536059999999930369e+03 6.399959921836853027e-01
4.537539999999929933e+03 6.821672916412353516e-01
4.539019999999929496e+03 6.224917769432067871e-01
4.540499999999929059e+03 5.688037276268005371e-01
4.541979999999928623e+03 7.743371725082397461e-01
4.543459999999928186e+03 7.510411739349365234e-01
4.544939999999927750e+03 5.815026164054870605e-01
4.546419999999927313e+03 6.224521398544311523e-01
4.547899999999926877e+03 6.689630150794982910e-01
4.549379999999926440e+03 5.557072162628173828e-01
4.550859999999926004e+03 5.436990261077880859e-01
4.552339999999925567e+03 6.853586435317993164e-01
4.553819999999925130e+03 7.742341756820678711e-01
4.555299999999924694e+03 6.476588249206542969e-01
4.556779999999924257e+03 5.895644426345825195e-01
4.558259999999923821e+03 6.787089705467224121e-01
4.559739999999923384e+03 6.414021849632263184e-01
4.561219999999922948e+03 5.611101984977722168e-01
4.562699999999922511e+03 6.295461058616638184e-01
4.564179999999922074e+03 7.210069894790649414e-01
4.565659999999921638e+03 6.460381746292114258e-01
4.567139999999921201e+03 5.851114392280578613e-01
4.568619999999920765e+03 6.869798302650451660e-01
4.570099999999920328e+03 6.583054661750793457e-01
4.571579999999919892e+03 5.793690681457519531e-01
4.573059999999919455e+03 5.850041508674621582e-01
4.574539999999919019e+03 4.868283569812774658e-01
4.576019999999918582e+03 7.584534287452697754e-01
4.577499999999918145e+03 8.349234461784362793e-01
4.578979999999917709e+03 8.328558206558227539e-01
4.580459999999917272e+03 7.179703116416931152e-01
4.581939999999916836e+03 6.457237601280212402e-01
4.583419999999916399e+03 7.633556127548217773e-01
4.584899999999915963e+03 5.776863694190979004e-01
4.586379999999915526e+03 4.774653017520904541e-01
4.587859999999915090e+03 5.479257106781005859e-01
4.589339999999914653e+03 6.897419691085815430e-01
4.590819999999914216e+03 5.900511741638183594e-01
4.592299999999913780e+03 6.322987079620361328e-01
4.593779999999913343e+03 6.180383563041687012e-01
4.595259999999912907e+03 5.853182077407836914e-01
4.596739999999912470e+03 6.648563742637634277e-01
4.598219999999912034e+03 6.711975932121276855e-01
4.599699999999911597e+03 7.550745606422424316e-01
4.601179999999911161e+03 6.275377869606018066e-01
4.602659999999910724e+03 5.614905953407287598e-01
4.604139999999910287e+03 6.124292016029357910e-01
4.605619999999909851e+03 6.628235578536987305e-01
4.607099999999909414e+03 6.664620637893676758e-01
4.608579999999908978e+03 6.239866018295288086e-01
4.610059999999908541e+03 5.529487729072570801e-01
4.611539999999908105e+03 6.544289588928222656e-01
4.613019999999907668e+03 7.820235490798950195e-01
4.614499999999907232e+03 6.360915303230285645e-01
4.615979999999906795e+03 5.640195012092590332e-01
4.617459999999906358e+03 7.157790064811706543e-01
4.618939999999905922e+03 5.799812674522399902e-01
4.620419999999905485e+03 6.508533954620361328e-01
4.621899999999905049e+03 5.793142318725585938e-01
4.623379999999904612e+03 5.425950884819030762e-01
4.624859999999904176e+03 6.743730306625366211e-01
4.626339999999903739e+03 7.018354535102844238e-01
4.627819999999903303e+03 6.388502120971679688e-01
4.629299999999902866e+03 6.264334917068481445e-01
4.630779999999902429e+03 6.723230481147766113e-01
4.632259999999901993e+03 5.474596023559570312e-01
4.633739999999901556e+03 6.747282147407531738e-01
4.635219999999901120e+03 6.665534377098083496e-01
4.636699999999900683e+03 6.432259678840637207e-01
4.638179999999900247e+03 4.775046110153198242e-01
4.639659999999899810e+03 6.671209931373596191e-01
4.641139999999899374e+03 4.779835939407348633e-01
4.642619999999898937e+03 5.482481122016906738e-01
4.644099999999898500e+03 5.259662270545959473e-01
4.645579999999898064e+03 6.992496252059936523e-01
4.647059999999897627e+03 7.549863457679748535e-01
4.648539999999897191e+03 6.342164874076843262e-01
4.650019999999896754e+03 6.636840701103210449e-01
4.651499999999896318e+03 6.385595798492431641e-01
4.652979999999895881e+03 6.557477116584777832e-01
4.654459999999895444e+03 6.942771077156066895e-01
4.655939999999895008e+03 7.244344353675842285e-01
4.657419999999894571e+03 5.734447836875915527e-01
4.658899999999894135e+03 6.617525219917297363e-01
4.660379999999893698e+03 4.912680685520172119e-01
4.661859999999893262e+03 5.386875867843627930e-01
4.663339999999892825e+03 6.382205486297607422e-01
4.664819999999892389e+03 6.202168464660644531e-01
4.666299999999891952e+03 6.819154024124145508e-01
4.667779999999891515e+03 6.310944557189941406e-01
4.669259999999891079e+03 5.787613987922668457e-01
4.670739999999890642e+03 5.322536230087280273e-01
4.672219999999890206e+03 4.988371133804321289e-01
4.673699999999889769e+03 5.725563764572143555e-01
4.675179999999889333e+03 6.900832653045654297e-01
4.676659999999888896e+03 6.993253231048583984e-01
4.678139999999888460e+03 7.125573754310607910e-01
4.679619999999888023e+03 6.243964433670043945e-01
4.681099999999887586e+03 5.721874833106994629e-01
4.682579999999887150e+03 6.126965284347534180e-01
4.684059999999886713e+03 6.219165325164794922e-01
4.685539999999886277e+03 5.446389317512512207e-01
4.687019999999885840e+03 6.467372775077819824e-01
4.688499999999885404e+03 6.840230822563171387e-01
4.689979999999884967e+03 6.038020253181457520e-01
4.691459999999884531e+03 4.722403287887573242e-01
4.692939999999884094e+03 6.139943599700927734e-01
4.694419999999883657e+03 6.169562339782714844e-01
4.695899999999883221e+03 5.968095064163208008e-01
4.697379999999882784e+03 7.369650602340698242e-01
4.698859999999882348e+03 6.624155044555664062e-01
4.700339999999881911e+03 4.808365702629089355e-01
4.701819999999881475e+03 5.961505770683288574e-01
4.703299999999881038e+03 7.322673797607421875e-01
4.704779999999880602e+03 7.393361330032348633e-01
4.706259999999880165e+03 6.471545696258544922e-01
4.707739999999879728e+03 5.244582295417785645e-01
4.709219999999879292e+03 7.261472940444946289e-01
4.710699999999878855e+03 7.085879445075988770e-01
4.712179999999878419e+03 7.185226678848266602e-01
4.713659999999877982e+03 6.454206109046936035e-01
4.715139999999877546e+03 7.414401769638061523e-01
4.716619999999877109e+03 5.744795799255371094e-01
4.718099999999876673e+03 5.821322798728942871e-01
4.719579999999876236e+03 6.252856254577636719e-01
4.721059999999875799e+03 5.334541201591491699e-01
4.722539999999875363e+03 5.780656933784484863e-01
4.724019999999874926e+03 6.085416078567504883e-01
4.725499999999874490e+03 6.834303736686706543e-01
4.726979999999874053e+03 6.465467214584350586e-01
4.728459999999873617e+03 6.069985628128051758e-01
4.729939999999873180e+03 5.302829146385192871e-01
4.731419999999872744e+03 5.252862572669982910e-01
4.732899999999872307e+03 6.731963753700256348e-01
4.734379999999871870e+03 6.336411833763122559e-01
4.735859999999871434e+03 5.671748518943786621e-01
4.737339999999870997e+03 6.768684983253479004e-01
4.738819999999870561e+03 6.602163910865783691e-01
4.740299999999870124e+03 6.794365644454956055e-01
4.741779999999869688e+03 6.449497342109680176e-01
4.743259999999869251e+03 6.341748237609863281e-01
4.744739999999868814e+03 5.849502086639404297e-01
4.746219999999868378e+03 6.522005200386047363e-01
4.747699999999867941e+03 5.897367000579833984e-01
4.749179999999867505e+03 6.960109472274780273e-01
4.750659999999867068e+03 6.250820159912109375e-01
4.752139999999866632e+03 6.024672389030456543e-01
4.753619999999866195e+03 6.452541351318359375e-01
4.755099999999865759e+03 6.216560006141662598e-01
4.756579999999865322e+03 5.525860786437988281e-01
4.758059999999864885e+03 6.028410196304321289e-01
4.759539999999864449e+03 7.745965719223022461e-01
4.761019999999864012e+03 6.384597420692443848e-01
4.762499999999863576e+03 6.798281073570251465e-01
4.763979999999863139e+03 5.757209658622741699e-01
4.765459999999862703e+03 6.368756294250488281e-01
4.766939999999862266e+03 7.582005262374877930e-01
4.768419999999861830e+03 7.333762645721435547e-01
4.769899999999861393e+03 6.141245365142822266e-01
4.771379999999860956e+03 6.830633282661437988e-01
4.772859999999860520e+03 5.732390880584716797e-01
4.774339999999860083e+03 6.455916166305541992e-01
4.775819999999859647e+03 6.352826952934265137e-01
4.777299999999859210e+03 5.784615874290466309e-01
4.778779999999858774e+03 5.606498122215270996e-01
4.780259999999858337e+03 5.800748467445373535e-01
4.781739999999857901e+03 7.092672586441040039e-01
4.783219999999857464e+03 6.725937724113464355e-01
4.784699999999857027e+03 5.200953483581542969e-01
4.786179999999856591e+03 6.015557646751403809e-01
4.787659999999856154e+03 6.348302364349365234e-01
4.789139999999855718e+03 6.363561153411865234e-01
4.790619999999855281e+03 6.355224847793579102e-01
4.792099999999854845e+03 6.026653647422790527e-01
4.793579999999854408e+03 6.107319593429565430e-01
4.795059999999853972e+03 6.619659066200256348e-01
4.796539999999853535e+03 7.305042147636413574e-01
4.798019999999853098e+03 6.603332161903381348e-01
4.799499999999852662e+03 6.919733285903930664e-01
4.800979999999852225e+03 5.622192621231079102e-01
4.802459999999851789e+03 7.324202656745910645e-01
4.803939999999851352e+03 6.489670872688293457e-01
4.805419999999850916e+03 5.792900323867797852e-01
4.806899999999850479e+03 6.384853124618530273e-01
4.808379999999850043e+03 6.032181978225708008e-01
4.809859999999849606e+03 5.355582237243652344e-01
4.811339999999849169e+03 5.550419688224792480e-01
4.812819999999848733e+03 6.855525374412536621e-01
4.814299999999848296e+03 5.744118094444274902e-01
4.815779999999847860e+03 5.523574352264404297e-01
4.817259999999847423e+03 6.283339858055114746e-01
4.818739999999846987e+03 5.894911289215087891e-01
4.820219999999846550e+03 7.206519246101379395e-01
4.821699999999846113e+03 6.769973039627075195e-01
4.823179999999845677e+03 5.789409875869750977e-01
4.824659999999845240e+03 5.799377560615539551e-01
4.826139999999844804e+03 6.090507507324218750e-01
4.827619999999844367e+03 6.674530506134033203e-01
4.829099999999843931e+03 5.711619853973388672e-01
4.830579999999843494e+03 6.315562725067138672e-01
4.832059999999843058e+03 5.656988024711608887e-01
4.833539999999842621e+03 6.871178746223449707e-01
4.835019999999842184e+03 5.910658240318298340e-01
4.836499999999841748e+03 6.452328562736511230e-01
4.837979999999841311e+03 6.249074935913085938e-01
4.839459999999840875e+03 6.857994794845581055e-01
4.840939999999840438e+03 6.438202857971191406e-01
4.842419999999840002e+03 5.172735452651977539e-01
4.843899999999839565e+03 6.148216128349304199e-01
4.845379999999839129e+03 6.506822705268859863e-01
4.846859999999838692e+03 5.831453204154968262e-01
4.848339999999838255e+03 5.558241009712219238e-01
4.849819999999837819e+03 6.900383234024047852e-01
4.851299999999837382e+03 6.962906718254089355e-01
4.852779999999836946e+03 5.831434130668640137e-01
4.854259999999836509e+03 6.041798591613769531e-01
4.855739999999836073e+03 6.929442286491394043e-01
4.857219999999835636e+03 6.458204388618469238e-01
4.858699999999835200e+03 6.374341845512390137e-01
4.860179999999834763e+03 6.345527768135070801e-01
4.861659999999834326e+03 5.899856090545654297e-01
4.863139999999833890e+03 6.538614034652709961e-01
4.864619999999833453e+03 6.816524863243103027e-01
4.866099999999833017e+03 6.763605475425720215e-01
4.867579999999832580e+03 6.081649661064147949e-01
4.869059999999832144e+03 6.659345626831054688e-01
4.870539999999831707e+03 5.414707660675048828e-01
4.872019999999831271e+03 4.998867511749267578e-01
4.873499999999830834e+03 6.110980510711669922e-01
4.874979999999830397e+03 6.544976830482482910e-01
4.876459999999829961e+03 6.457898020744323730e-01
4.877939999999829524e+03 6.122978329658508301e-01
4.879419999999829088e+03 6.462589502334594727e-01
4.880899999999828651e+03 5.605996847152709961e-01
4.882379999999828215e+03 6.392410397529602051e-01
4.883859999999827778e+03 6.968025565147399902e-01
4.885339999999827342e+03 6.741471886634826660e-01
4.886819999999826905e+03 6.292324066162109375e-01
4.888299999999826468e+03 5.989254117012023926e-01
4.889779999999826032e+03 5.721111893653869629e-01
4.891259999999825595e+03 5.740932822227478027e-01
4.892739999999825159e+03 5.899919867515563965e-01
4.894219999999824722e+03 6.361982226371765137e-01
4.895699999999824286e+03 6.344113349914550781e-01
4.897179999999823849e+03 5.768612623214721680e-01
4.898659999999823413e+03 6.566491127014160156e-01
4.900139999999822976e+03 6.527034044265747070e-01
4.901619999999822539e+03 6.414567828178405762e-01
4.903099999999822103e+03 6.671168208122253418e-01
4.904579999999821666e+03 6.507480144500732422e-01
4.906059999999821230e+03 6.259098052978515625e-01
4.907539999999820793e+03 5.244969129562377930e-01
4.909019999999820357e+03 5.967456698417663574e-01
4.910499999999819920e+03 7.154773473739624023e-01
4.911979999999819483e+03 6.234385371208190918e-01
4.913459999999819047e+03 5.998390913009643555e-01
4.914939999999818610e+03 6.065204143524169922e-01
4.916419999999818174e+03 6.366147398948669434e-01
4.917899999999817737e+03 6.834540367126464844e-01
4.919379999999817301e+03 6.078513264656066895e-01
4.920859999999816864e+03 5.870816707611083984e-01
4.922339999999816428e+03 7.289571166038513184e-01
4.923819999999815991e+03 6.124079227447509766e-01
4.925299999999815554e+03 5.905864238739013672e-01
4.926779999999815118e+03 7.257083654403686523e-01
4.928259999999814681e+03 5.802924036979675293e-01
4.929739999999814245e+03 6.131964325904846191e-01
4.931219999999813808e+03 5.998886823654174805e-01
4.932699999999813372e+03 6.041347980499267578e-01
4.934179999999812935e+03 6.041187047958374023e-01
4.935659999999812499e+03 7.142922282218933105e-01
4.937139999999812062e+03 5.885799527168273926e-01
4.938619999999811625e+03 5.939611792564392090e-01
4.940099999999811189e+03 6.055987477302551270e-01
4.941579999999810752e+03 5.153030157089233398e-01
4.943059999999810316e+03 5.692490339279174805e-01
4.944539999999809879e+03 6.861641407012939453e-01
4.946019999999809443e+03 6.482301950454711914e-01
4.947499999999809006e+03 6.408041715621948242e-01
4.948979999999808570e+03 5.319713950157165527e-01
4.950459999999808133e+03 6.372835040092468262e-01
4.951939999999807696e+03 5.895161628723144531e-01
4.953419999999807260e+03 5.697876811027526855e-01
4.954899999999806823e+03 6.638816595077514648e-01
4.956379999999806387e+03 5.239671468734741211e-01
4.957859999999805950e+03 6.608545184135437012e-01
4.959339999999805514e+03 6.890538930892944336e-01
4.960819999999805077e+03 6.327447891235351562e-01
4.962299999999804641e+03 6.064214110374450684e-01
4.963779999999804204e+03 6.021340489387512207e-01
4.965259999999803767e+03 6.186400651931762695e-01
4.966739999999803331e+03 6.440533399581909180e-01
4.968219999999802894e+03 5.989095568656921387e-01
4.969699999999802458e+03 5.404781699180603027e-01
4.971179999999802021e+03 5.396606326103210449e-01
4.972659999999801585e+03 5.719320774078369141e-01
4.974139999999801148e+03 1.916667819023132324e+00
4.975619999999800712e+03 7.472663879394531250e+00
4.977099999999800275e+03 8.544274330139160156e+00
4.978579999999799838e+03 2.826211452484130859e+00
4.980059999999799402e+03 6.202852129936218262e-01
4.981539999999798965e+03 5.713444948196411133e-01
4.983019999999798529e+03 5.601141452789306641e-01
4.984499999999798092e+03 5.841428637504577637e-01
4.985979999999797656e+03 6.434807777404785156e-01
4.987459999999797219e+03 6.219256520271301270e-01
4.988939999999796783e+03 5.580064654350280762e-01
4.990419999999796346e+03 5.441094636917114258e-01
4.991899999999795909e+03 5.901469588279724121e-01
4.993379999999795473e+03 5.760638713836669922e-01
4.994859999999795036e+03 7.701910734176635742e-01
4.996339999999794600e+03 6.620731353759765625e-01
4.997819999999794163e+03 6.475050449371337891e-01
4.999299999999793727e+03 5.828914642333984375e-01
5.000779999999793290e+03 5.699924230575561523e-01
5.002259999999792853e+03 6.708139181137084961e-01
5.003739999999792417e+03 7.077367305755615234e-01
5.005219999999791980e+03 6.751888394355773926e-01
5.006699999999791544e+03 6.207207441329956055e-01
5.008179999999791107e+03 6.677042841911315918e-01
5.009659999999790671e+03 5.850337743759155273e-01
5.011139999999790234e+03 7.159040570259094238e-01
5.012619999999789798e+03 6.423798799514770508e-01
5.014099999999789361e+03 6.467630267143249512e-01
5.015579999999788924e+03 5.855339169502258301e-01
5.017059999999788488e+03 6.893250346183776855e-01
5.018539999999788051e+03 6.029469966888427734e-01
5.020019999999787615e+03 6.634567379951477051e-01
5.021499999999787178e+03 7.006531357765197754e-01
5.022979999999786742e+03 6.591050624847412109e-01
5.024459999999786305e+03 6.375978589057922363e-01
5.025939999999785869e+03 6.553204655647277832e-01
5.027419999999785432e+03 6.871062517166137695e-01
5.028899999999784995e+03 7.284818887710571289e-01
5.030379999999784559e+03 6.860221028327941895e-01
5.031859999999784122e+03 6.549283862113952637e-01
5.033339999999783686e+03 6.742020249366760254e-01
5.034819999999783249e+03 6.269311904907226562e-01
5.036299999999782813e+03 5.796154141426086426e-01
5.037779999999782376e+03 6.765834689140319824e-01
5.039259999999781940e+03 6.362215280532836914e-01
5.040739999999781503e+03 6.842551231384277344e-01
5.042219999999781066e+03 7.411682605743408203e-01
5.043699999999780630e+03 7.096549868583679199e-01
5.045179999999780193e+03 7.179733514785766602e-01
5.046659999999779757e+03 7.028788328170776367e-01
5.048139999999779320e+03 6.536257863044738770e-01
5.049619999999778884e+03 6.694760322570800781e-01
5.051099999999778447e+03 5.858245491981506348e-01
5.052579999999778011e+03 6.540041565895080566e-01
5.054059999999777574e+03 6.780242919921875000e-01
5.055539999999777137e+03 6.609838008880615234e-01
5.057019999999776701e+03 6.923121809959411621e-01
5.058499999999776264e+03 6.242578029632568359e-01
5.059979999999775828e+03 6.756982803344726562e-01
5.061459999999775391e+03 6.688843965530395508e-01
5.062939999999774955e+03 6.694672703742980957e-01
5.064419999999774518e+03 6.463826894760131836e-01
5.065899999999774082e+03 7.354753613471984863e-01
5.067379999999773645e+03 7.190494537353515625e-01
5.068859999999773208e+03 7.390691041946411133e-01
5.070339999999772772e+03 8.490294218063354492e-01
5.071819999999772335e+03 6.825339198112487793e-01
5.073299999999771899e+03 8.271201252937316895e-01
5.074779999999771462e+03 2.267076492309570312e+00
5.076259999999771026e+03 3.831730604171752930e+00
5.077739999999770589e+03 2.824826478958129883e+00
5.079219999999770152e+03 8.206613063812255859e-01
5.080699999999769716e+03 6.988267898559570312e-01
5.082179999999769279e+03 7.476412653923034668e-01
5.083659999999768843e+03 6.825852990150451660e-01
5.085139999999768406e+03 6.547843217849731445e-01
5.086619999999767970e+03 6.759194731712341309e-01
5.088099999999767533e+03 6.776661872863769531e-01
5.089579999999767097e+03 7.168166637420654297e-01
5.091059999999766660e+03 7.228578925132751465e-01
5.092539999999766223e+03 7.901713252067565918e-01
5.094019999999765787e+03 7.174900770187377930e-01
5.095499999999765350e+03 6.292438507080078125e-01
5.096979999999764914e+03 6.831080913543701172e-01
5.098459999999764477e+03 6.576610207557678223e-01
5.099939999999764041e+03 6.816135644912719727e-01
5.101419999999763604e+03 7.597403526306152344e-01
5.102899999999763168e+03 7.598055601119995117e-01
5.104379999999762731e+03 8.018177151679992676e-01
5.105859999999762294e+03 7.719849348068237305e-01
5.107339999999761858e+03 5.994502902030944824e-01
5.108819999999761421e+03 6.337704062461853027e-01
5.110299999999760985e+03 6.908692717552185059e-01
5.111779999999760548e+03 7.041915059089660645e-01
5.113259999999760112e+03 7.390998005867004395e-01
5.114739999999759675e+03 7.390481233596801758e-01
5.116219999999759239e+03 7.683320641517639160e-01
5.117699999999758802e+03 6.253927946090698242e-01
5.119179999999758365e+03 6.439658999443054199e-01
5.120659999999757929e+03 6.224710345268249512e-01
5.122139999999757492e+03 8.829030394554138184e-01
5.123619999999757056e+03 4.804795265197753906e+00
5.125099999999756619e+03 1.046957111358642578e+01
5.126579999999756183e+03 7.912068843841552734e+00
5.128059999999755746e+03 1.624662876129150391e+00
5.129539999999755310e+03 6.187527775764465332e-01
5.131019999999754873e+03 6.470504999160766602e-01
5.132499999999754436e+03 7.537496685981750488e-01
5.133979999999754000e+03 8.575124740600585938e-01
5.135459999999753563e+03 8.772554397583007812e-01
5.136939999999753127e+03 6.904667615890502930e-01
5.138419999999752690e+03 7.094123363494873047e-01
5.139899999999752254e+03 8.042509555816650391e-01
5.141379999999751817e+03 8.367694616317749023e-01
5.142859999999751381e+03 7.212288379669189453e-01
5.144339999999750944e+03 7.787153124809265137e-01
5.145819999999750507e+03 7.092092037200927734e-01
5.147299999999750071e+03 6.668257713317871094e-01
5.148779999999749634e+03 6.625860333442687988e-01
5.150259999999749198e+03 7.356188893318176270e-01
5.151739999999748761e+03 7.318372726440429688e-01
5.153219999999748325e+03 7.122116088867187500e-01
5.154699999999747888e+03 7.163125276565551758e-01
5.156179999999747452e+03 6.971794366836547852e-01
5.157659999999747015e+03 6.755199432373046875e-01
5.159139999999746578e+03 6.462466716766357422e-01
5.160619999999746142e+03 6.314601302146911621e-01
5.162099999999745705e+03 7.415780425071716309e-01
5.163579999999745269e+03 7.904666662216186523e-01
5.165059999999744832e+03 6.694620847702026367e-01
5.166539999999744396e+03 7.101743817329406738e-01
5.168019999999743959e+03 7.437795996665954590e-01
5.169499999999743522e+03 7.561938762664794922e-01
5.170979999999743086e+03 6.996228098869323730e-01
5.172459999999742649e+03 6.332693099975585938e-01
5.173939999999742213e+03 7.375068664550781250e-01
5.175419999999741776e+03 8.408409357070922852e-01
5.176899999999741340e+03 7.420663833618164062e-01
5.178379999999740903e+03 7.220187187194824219e-01
5.179859999999740467e+03 7.948394417762756348e-01
5.181339999999740030e+03 8.018174171447753906e-01
5.182819999999739593e+03 6.777731776237487793e-01
5.184299999999739157e+03 6.471529006958007812e-01
5.185779999999738720e+03 7.313250899314880371e-01
5.187259999999738284e+03 7.239724397659301758e-01
5.188739999999737847e+03 6.442729830741882324e-01
5.190219999999737411e+03 7.510840892791748047e-01
5.191699999999736974e+03 7.361751794815063477e-01
5.193179999999736538e+03 7.394575476646423340e-01
5.194659999999736101e+03 6.994412541389465332e-01
5.196139999999735664e+03 7.063411474227905273e-01
5.197619999999735228e+03 7.731720209121704102e-01
5.199099999999734791e+03 7.435909509658813477e-01
5.200579999999734355e+03 7.095428109169006348e-01
5.202059999999733918e+03 7.203561663627624512e-01
5.203539999999733482e+03 7.703515887260437012e-01
5.205019999999733045e+03 7.222644686698913574e-01
5.206499999999732609e+03 7.095044255256652832e-01
5.207979999999732172e+03 6.699119806289672852e-01
5.209459999999731735e+03 6.459882855415344238e-01
5.210939999999731299e+03 7.838792800903320312e-01
5.212419999999730862e+03 7.348112463951110840e-01
5.213899999999730426e+03 7.791320085525512695e-01
5.215379999999729989e+03 7.603314518928527832e-01
5.216859999999729553e+03 7.245883941650390625e-01
5.218339999999729116e+03 6.560329198837280273e-01
5.219819999999728680e+03 7.019727230072021484e-01
5.221299999999728243e+03 7.342247962951660156e-01
5.222779999999727806e+03 7.514652013778686523e-01
5.224259999999727370e+03 7.931391596794128418e-01
5.225739999999726933e+03 7.569569349288940430e-01
5.227219999999726497e+03 6.439057588577270508e-01
5.228699999999726060e+03 7.482263445854187012e-01
5.230179999999725624e+03 7.637115716934204102e-01
5.231659999999725187e+03 7.410463094711303711e-01
5.233139999999724751e+03 7.547037601470947266e-01
5.234619999999724314e+03 6.913046836853027344e-01
5.236099999999723877e+03 7.026606798171997070e-01
5.237579999999723441e+03 6.611793637275695801e-01
5.239059999999723004e+03 7.193177342414855957e-01
5.240539999999722568e+03 7.357999086380004883e-01
5.242019999999722131e+03 7.435133457183837891e-01
5.243499999999721695e+03 7.524423599243164062e-01
5.244979999999721258e+03 7.628134489059448242e-01
5.246459999999720822e+03 7.578534483909606934e-01
5.247939999999720385e+03 6.432146430015563965e-01
5.249419999999719948e+03 6.517779827117919922e-01
5.250899999999719512e+03 6.576598882675170898e-01
5.252379999999719075e+03 6.174948811531066895e-01
5.253859999999718639e+03 7.057235836982727051e-01
5.255339999999718202e+03 7.488613128662109375e-01
5.256819999999717766e+03 6.930901408195495605e-01
5.258299999999717329e+03 7.057448625564575195e-01
5.259779999999716892e+03 8.497409224510192871e-01
5.261259999999716456e+03 8.633947968482971191e-01
5.262739999999716019e+03 7.990490794181823730e-01
5.264219999999715583e+03 6.829696297645568848e-01
5.265699999999715146e+03 6.215776801109313965e-01
5.267179999999714710e+03 6.632876396179199219e-01
5.268659999999714273e+03 6.633819341659545898e-01
5.270139999999713837e+03 6.852802634239196777e-01
5.271619999999713400e+03 6.442897915840148926e-01
5.273099999999712963e+03 7.929893136024475098e-01
5.274579999999712527e+03 6.330342292785644531e-01
5.276059999999712090e+03 6.947675347328186035e-01
5.277539999999711654e+03 7.082031965255737305e-01
5.279019999999711217e+03 7.913907766342163086e-01
5.280499999999710781e+03 6.756344437599182129e-01
5.281979999999710344e+03 6.984471082687377930e-01
5.283459999999709908e+03 6.500480175018310547e-01
5.284939999999709471e+03 7.380347251892089844e-01
5.286419999999709034e+03 6.955058574676513672e-01
5.287899999999708598e+03 6.429950594902038574e-01
5.289379999999708161e+03 6.393740177154541016e-01
5.290859999999707725e+03 6.599318981170654297e-01
5.292339999999707288e+03 6.873477697372436523e-01
5.293819999999706852e+03 6.554858088493347168e-01
5.295299999999706415e+03 6.762663722038269043e-01
5.296779999999705979e+03 6.872089505195617676e-01
5.298259999999705542e+03 7.015880942344665527e-01
5.299739999999705105e+03 7.320061326026916504e-01
5.301219999999704669e+03 6.628729104995727539e-01
5.302699999999704232e+03 6.971966028213500977e-01
5.304179999999703796e+03 6.892693638801574707e-01
5.305659999999703359e+03 6.899047493934631348e-01
5.307139999999702923e+03 6.931837797164916992e-01
5.308619999999702486e+03 6.890389919281005859e-01
5.310099999999702050e+03 6.693984270095825195e-01
5.311579999999701613e+03 7.792958021163940430e-01
5.313059999999701176e+03 6.779561638832092285e-01
5.314539999999700740e+03 6.824495196342468262e-01
5.316019999999700303e+03 6.649983525276184082e-01
5.317499999999699867e+03 7.309379577636718750e-01
5.318979999999699430e+03 7.347071766853332520e-01
5.320459999999698994e+03 8.048195242881774902e-01
5.321939999999698557e+03 8.395445942878723145e-01
5.323419999999698121e+03 7.615053653717041016e-01
5.324899999999697684e+03 7.922244668006896973e-01
5.326379999999697247e+03 7.361859679222106934e-01
5.327859999999696811e+03 6.483404636383056641e-01
5.329339999999696374e+03 6.968020796775817871e-01
5.330819999999695938e+03 7.702138423919677734e-01
5.332299999999695501e+03 7.718259096145629883e-01
5.333779999999695065e+03 7.435544729232788086e-01
5.335259999999694628e+03 7.055693864822387695e-01
5.336739999999694192e+03 7.038848400115966797e-01
5.338219999999693755e+03 6.655355691909790039e-01
5.339699999999693318e+03 7.073748707771301270e-01
5.341179999999692882e+03 6.599140763282775879e-01
5.342659999999692445e+03 6.758918762207031250e-01
5.344139999999692009e+03 6.769965887069702148e-01
5.345619999999691572e+03 6.845027804374694824e-01
5.347099999999691136e+03 7.238655686378479004e-01
5.348579999999690699e+03 5.805153846740722656e-01
5.350059999999690262e+03 5.741283893585205078e-01
5.351539999999689826e+03 7.563912272453308105e-01
5.353019999999689389e+03 6.732373833656311035e-01
5.354499999999688953e+03 6.738726496696472168e-01
5.355979999999688516e+03 7.831039428710937500e-01
5.357459999999688080e+03 6.806567907333374023e-01
5.358939999999687643e+03 6.501675844192504883e-01
5.360419999999687207e+03 7.183796763420104980e-01
5.361899999999686770e+03 6.859595775604248047e-01
5.363379999999686333e+03 6.903823614120483398e-01
5.364859999999685897e+03 6.862913966178894043e-01
5.366339999999685460e+03 7.620910406112670898e-01
5.367819999999685024e+03 8.063420057296752930e-01
5.369299999999684587e+03 6.973547935485839844e-01
5.370779999999684151e+03 6.608721613883972168e-01
5.372259999999683714e+03 7.183248996734619141e-01
5.373739999999683278e+03 6.868020296096801758e-01
5.375219999999682841e+03 6.405035853385925293e-01
5.376699999999682404e+03 6.965361833572387695e-01
5.378179999999681968e+03 7.136695981025695801e-01
5.379659999999681531e+03 6.618613004684448242e-01
5.381139999999681095e+03 6.991370916366577148e-01
5.382619999999680658e+03 6.762537360191345215e-01
5.384099999999680222e+03 6.683273315429687500e-01
5.385579999999679785e+03 7.753024697303771973e-01
5.387059999999679349e+03 7.218931317329406738e-01
5.388539999999678912e+03 6.728709936141967773e-01
5.390019999999678475e+03 6.529890894889831543e-01
5.391499999999678039e+03 6.751863956451416016e-01
5.392979999999677602e+03 6.857507824897766113e-01
5.394459999999677166e+03 6.837555170059204102e-01
5.395939999999676729e+03 6.282587647438049316e-01
5.397419999999676293e+03 6.903114318847656250e-01
5.398899999999675856e+03 6.761618256568908691e-01
5.400379999999675420e+03 6.888154149055480957e-01
5.401859999999674983e+03 7.161128520965576172e-01
5.403339999999674546e+03 6.617299318313598633e-01
5.404819999999674110e+03 6.506693363189697266e-01
5.406299999999673673e+03 6.946569681167602539e-01
5.407779999999673237e+03 7.801437377929687500e-01
5.409259999999672800e+03 7.344995141029357910e-01
5.410739999999672364e+03 6.496948003768920898e-01
5.412219999999671927e+03 7.149432897567749023e-01
5.413699999999671491e+03 7.167986035346984863e-01
5.415179999999671054e+03 7.714487910270690918e-01
5.416659999999670617e+03 7.642529606819152832e-01
5.418139999999670181e+03 6.988646388053894043e-01
5.419619999999669744e+03 6.754788756370544434e-01
5.421099999999669308e+03 6.477053165435791016e-01
5.422579999999668871e+03 6.276037693023681641e-01
5.424059999999668435e+03 6.570276618003845215e-01
5.425539999999667998e+03 7.252728343009948730e-01
5.427019999999667561e+03 6.756048798561096191e-01
5.428499999999667125e+03 7.318716645240783691e-01
5.429979999999666688e+03 6.733925342559814453e-01
5.431459999999666252e+03 7.062312364578247070e-01
5.432939999999665815e+03 7.358139753341674805e-01
5.434419999999665379e+03 7.189142704010009766e-01
5.435899999999664942e+03 7.039631009101867676e-01
5.437379999999664506e+03 7.242385149002075195e-01
5.438859999999664069e+03 7.477216124534606934e-01
5.440339999999663632e+03 6.876972317695617676e-01
5.441819999999663196e+03 7.500045299530029297e-01
5.443299999999662759e+03 7.343777418136596680e-01
5.444779999999662323e+03 6.727132201194763184e-01
5.446259999999661886e+03 6.215914487838745117e-01
5.447739999999661450e+03 6.795307397842407227e-01
5.449219999999661013e+03 6.501233577728271484e-01
5.450699999999660577e+03 6.445082426071166992e-01
5.452179999999660140e+03 6.169906258583068848e-01
5.453659999999659703e+03 5.769653320312500000e-01
5.455139999999659267e+03 6.413304805755615234e-01
5.456619999999658830e+03 6.257305145263671875e-01
5.458099999999658394e+03 6.807453036308288574e-01
5.459579999999657957e+03 6.871604323387145996e-01
5.461059999999657521e+03 7.262519598007202148e-01
5.462539999999657084e+03 7.525952458381652832e-01
5.464019999999656648e+03 7.201526761054992676e-01
5.465499999999656211e+03 6.925176382064819336e-01
5.466979999999655774e+03 6.437590718269348145e-01
5.468459999999655338e+03 6.586611866950988770e-01
5.469939999999654901e+03 7.050194144248962402e-01
5.471419999999654465e+03 6.584253907203674316e-01
5.472899999999654028e+03 6.335230469703674316e-01
5.474379999999653592e+03 7.085866928100585938e-01
5.475859999999653155e+03 6.983067393302917480e-01
5.477339999999652719e+03 6.478246450424194336e-01
5.478819999999652282e+03 6.692472696304321289e-01
5.480299999999651845e+03 6.416138410568237305e-01
5.481779999999651409e+03 6.736907958984375000e-01
5.483259999999650972e+03 7.053286433219909668e-01
5.484739999999650536e+03 7.274817824363708496e-01
5.486219999999650099e+03 6.960260272026062012e-01
5.487699999999649663e+03 6.748694181442260742e-01
5.489179999999649226e+03 6.297643184661865234e-01
5.490659999999648790e+03 6.917099356651306152e-01
5.492139999999648353e+03 6.568841338157653809e-01
5.493619999999647916e+03 7.071290612220764160e-01
5.495099999999647480e+03 6.883600950241088867e-01
5.496579999999647043e+03 6.395014524459838867e-01
5.498059999999646607e+03 6.912446618080139160e-01
5.499539999999646170e+03 7.262504696846008301e-01
5.501019999999645734e+03 7.627299427986145020e-01
5.502499999999645297e+03 7.348349094390869141e-01
5.503979999999644861e+03 6.487682461738586426e-01
5.505459999999644424e+03 6.732504367828369141e-01
5.506939999999643987e+03 6.421909332275390625e-01
5.508419999999643551e+03 6.863915920257568359e-01
5.509899999999643114e+03 6.436669826507568359e-01
5.511379999999642678e+03 5.982581377029418945e-01
5.512859999999642241e+03 7.075248360633850098e-01
5.514339999999641805e+03 6.947023272514343262e-01
5.515819999999641368e+03 5.918125510215759277e-01
5.517299999999640931e+03 6.598884463310241699e-01
5.518779999999640495e+03 7.146868705749511719e-01
5.520259999999640058e+03 6.560527682304382324e-01
5.521739999999639622e+03 6.920219659805297852e-01
5.523219999999639185e+03 6.222373843193054199e-01
5.524699999999638749e+03 6.926065087318420410e-01
5.526179999999638312e+03 7.161672115325927734e-01
5.527659999999637876e+03 6.838780641555786133e-01
5.529139999999637439e+03 6.757732033729553223e-01
5.530619999999637002e+03 6.818162202835083008e-01
5.532099999999636566e+03 6.351302266120910645e-01
5.533579999999636129e+03 6.948657035827636719e-01
5.535059999999635693e+03 7.211383581161499023e-01
5.536539999999635256e+03 6.891918182373046875e-01
5.538019999999634820e+03 6.630325317382812500e-01
5.539499999999634383e+03 6.934771537780761719e-01
5.540979999999633947e+03 7.092147469520568848e-01
5.542459999999633510e+03 6.446191072463989258e-01
5.543939999999633073e+03 6.921650171279907227e-01
5.545419999999632637e+03 7.133291959762573242e-01
5.546899999999632200e+03 6.712603569030761719e-01
5.548379999999631764e+03 6.985495686531066895e-01
5.549859999999631327e+03 6.482206583023071289e-01
5.551339999999630891e+03 6.895254850387573242e-01
5.552819999999630454e+03 6.962053775787353516e-01
5.554299999999630018e+03 6.796222925186157227e-01
5.555779999999629581e+03 6.489703059196472168e-01
5.557259999999629144e+03 6.738069057464599609e-01
5.558739999999628708e+03 6.833371520042419434e-01
5.560219999999628271e+03 5.928285121917724609e-01
5.561699999999627835e+03 6.138802170753479004e-01
5.563179999999627398e+03 6.804445981979370117e-01
5.564659999999626962e+03 6.443359851837158203e-01
5.566139999999626525e+03 7.102317214012145996e-01
5.567619999999626089e+03 6.436249613761901855e-01
5.569099999999625652e+03 6.934379339218139648e-01
5.570579999999625215e+03 6.784164905548095703e-01
5.572059999999624779e+03 5.911973118782043457e-01
5.573539999999624342e+03 6.422346234321594238e-01
5.575019999999623906e+03 4.299611151218414307e-01
5.576499999999623469e+03 8.333934545516967773e-01
5.577979999999623033e+03 8.478379249572753906e-01
5.579459999999622596e+03 5.328403711318969727e-01
5.580939999999622160e+03 6.831906437873840332e-01
5.582419999999621723e+03 6.213201880455017090e-01
5.583899999999621286e+03 6.203281879425048828e-01
5.585379999999620850e+03 6.952309608459472656e-01
5.586859999999620413e+03 6.806827187538146973e-01
5.588339999999619977e+03 6.864388585090637207e-01
5.589819999999619540e+03 6.294080615043640137e-01
5.591299999999619104e+03 5.356442332267761230e-01
5.592779999999618667e+03 6.805547475814819336e-01
5.594259999999618231e+03 6.694116592407226562e-01
5.595739999999617794e+03 6.661474704742431641e-01
5.597219999999617357e+03 6.635201573371887207e-01
5.598699999999616921e+03 6.655346751213073730e-01
5.600179999999616484e+03 6.097558736801147461e-01
5.601659999999616048e+03 6.382161378860473633e-01
5.603139999999615611e+03 6.383391022682189941e-01
5.604619999999615175e+03 6.820683479309082031e-01
5.606099999999614738e+03 6.259332299232482910e-01
5.607579999999614301e+03 5.871183276176452637e-01
5.609059999999613865e+03 5.865778326988220215e-01
5.610539999999613428e+03 5.521652698516845703e-01
5.612019999999612992e+03 5.580514669418334961e-01
5.613499999999612555e+03 6.287158131599426270e-01
5.614979999999612119e+03 6.139746904373168945e-01
5.616459999999611682e+03 5.883667469024658203e-01
5.617939999999611246e+03 6.140574216842651367e-01
5.619419999999610809e+03 6.095113754272460938e-01
5.620899999999610372e+03 6.365959644317626953e-01
5.622379999999609936e+03 6.751277446746826172e-01
5.623859999999609499e+03 6.878126859664916992e-01
5.625339999999609063e+03 6.227380633354187012e-01
5.626819999999608626e+03 6.424178481101989746e-01
5.628299999999608190e+03 6.502265334129333496e-01
5.629779999999607753e+03 6.053020954132080078e-01
5.631259999999607317e+03 5.896997451782226562e-01
5.632739999999606880e+03 6.609138250350952148e-01
5.634219999999606443e+03 6.775597333908081055e-01
5.635699999999606007e+03 6.796593666076660156e-01
5.637179999999605570e+03 6.719695925712585449e-01
5.638659999999605134e+03 6.589741706848144531e-01
5.640139999999604697e+03 6.233345270156860352e-01
5.641619999999604261e+03 6.514104604721069336e-01
5.643099999999603824e+03 6.879105567932128906e-01
5.644579999999603388e+03 6.497578620910644531e-01
5.646059999999602951e+03 6.707561016082763672e-01
5.647539999999602514e+03 7.072268724441528320e-01
5.649019999999602078e+03 6.921931505203247070e-01
5.650499999999601641e+03 6.313069462776184082e-01
5.651979999999601205e+03 6.386281251907348633e-01
5.653459999999600768e+03 6.239909529685974121e-01
5.654939999999600332e+03 6.287564039230346680e-01
5.656419999999599895e+03 6.580976247787475586e-01
5.657899999999599459e+03 6.564383506774902344e-01
5.659379999999599022e+03 6.526752114295959473e-01
5.660859999999598585e+03 5.918480753898620605e-01
5.662339999999598149e+03 6.040673255920410156e-01
5.663819999999597712e+03 6.097354888916015625e-01
5.665299999999597276e+03 5.903618931770324707e-01
5.666779999999596839e+03 6.033840179443359375e-01
5.668259999999596403e+03 6.425153017044067383e-01
5.669739999999595966e+03 6.475288271903991699e-01
5.671219999999595530e+03 6.349194645881652832e-01
5.672699999999595093e+03 6.657091975212097168e-01
5.674179999999594656e+03 6.044518351554870605e-01
5.675659999999594220e+03 5.644899010658264160e-01
5.677139999999593783e+03 6.699544787406921387e-01
5.678619999999593347e+03 6.758460402488708496e-01
5.680099999999592910e+03 5.725019574165344238e-01
5.681579999999592474e+03 5.928711891174316406e-01
5.683059999999592037e+03 6.373053193092346191e-01
5.684539999999591600e+03 6.685236692428588867e-01
5.686019999999591164e+03 6.468120813369750977e-01
5.687499999999590727e+03 6.110968589782714844e-01
5.688979999999590291e+03 6.007758975028991699e-01
5.690459999999589854e+03 6.237447857856750488e-01
5.691939999999589418e+03 6.171879768371582031e-01
5.693419999999588981e+03 6.715704798698425293e-01
5.694899999999588545e+03 6.432348489761352539e-01
5.696379999999588108e+03 6.710447072982788086e-01
5.697859999999587671e+03 6.792042851448059082e-01
5.699339999999587235e+03 6.014181971549987793e-01
5.700819999999586798e+03 5.968797802925109863e-01
5.702299999999586362e+03 6.413648128509521484e-01
5.703779999999585925e+03 6.690206527709960938e-01
5.705259999999585489e+03 5.917966365814208984e-01
5.706739999999585052e+03 6.072192192077636719e-01
5.708219999999584616e+03 6.328907012939453125e-01
5.709699999999584179e+03 6.609604358673095703e-01
5.711179999999583742e+03 5.200078487396240234e-01
5.712659999999583306e+03 6.381841897964477539e-01
5.714139999999582869e+03 5.785602331161499023e-01
5.715619999999582433e+03 6.047135591506958008e-01
5.717099999999581996e+03 6.081184744834899902e-01
5.718579999999581560e+03 5.172268748283386230e-01
5.720059999999581123e+03 6.304842233657836914e-01
5.721539999999580687e+03 6.406736373901367188e-01
5.723019999999580250e+03 5.793265700340270996e-01
5.724499999999579813e+03 6.133161783218383789e-01
5.725979999999579377e+03 6.128751039505004883e-01
5.727459999999578940e+03 6.394885778427124023e-01
5.728939999999578504e+03 6.676269173622131348e-01
5.730419999999578067e+03 6.384534835815429688e-01
5.731899999999577631e+03 5.908766388893127441e-01
5.733379999999577194e+03 5.587427616119384766e-01
5.734859999999576758e+03 6.270130276679992676e-01
5.736339999999576321e+03 6.057165265083312988e-01
5.737819999999575884e+03 6.431176662445068359e-01
5.739299999999575448e+03 6.086652278900146484e-01
5.740779999999575011e+03 6.582269668579101562e-01
5.742259999999574575e+03 6.101595163345336914e-01
5.743739999999574138e+03 5.942795276641845703e-01
5.745219999999573702e+03 6.430655121803283691e-01
5.746699999999573265e+03 5.678489208221435547e-01
5.748179999999572829e+03 5.081764459609985352e-01
5.749659999999572392e+03 5.927894115447998047e-01
5.751139999999571955e+03 5.791220068931579590e-01
5.752619999999571519e+03 6.820753812789916992e-01
5.754099999999571082e+03 7.032455801963806152e-01
5.755579999999570646e+03 6.608771681785583496e-01
5.757059999999570209e+03 5.694419741630554199e-01
5.758539999999569773e+03 5.570741891860961914e-01
5.760019999999569336e+03 5.884681940078735352e-01
5.761499999999568900e+03 6.129413247108459473e-01
5.762979999999568463e+03 5.813627839088439941e-01
5.764459999999568026e+03 5.810661315917968750e-01
5.765939999999567590e+03 5.761589407920837402e-01
5.767419999999567153e+03 6.086596250534057617e-01
5.768899999999566717e+03 6.576448678970336914e-01
5.770379999999566280e+03 6.637173891067504883e-01
5.771859999999565844e+03 6.433033943176269531e-01
5.773339999999565407e+03 6.429330110549926758e-01
5.774819999999564970e+03 6.021718382835388184e-01
5.776299999999564534e+03 5.860331058502197266e-01
5.777779999999564097e+03 6.439983844757080078e-01
5.779259999999563661e+03 6.171747446060180664e-01
5.780739999999563224e+03 5.934576988220214844e-01
5.782219999999562788e+03 6.556283235549926758e-01
5.783699999999562351e+03 6.195021867752075195e-01
5.785179999999561915e+03 5.837177634239196777e-01
5.786659999999561478e+03 6.516807079315185547e-01
5.788139999999561041e+03 6.133447289466857910e-01
5.789619999999560605e+03 5.874887108802795410e-01
5.791099999999560168e+03 6.116846203804016113e-01
5.792579999999559732e+03 5.953356623649597168e-01
5.794059999999559295e+03 6.034263372421264648e-01
5.795539999999558859e+03 6.101368069648742676e-01
5.797019999999558422e+03 6.070290207862854004e-01
5.798499999999557986e+03 6.064336895942687988e-01
5.799979999999557549e+03 6.450154781341552734e-01
5.801459999999557112e+03 6.513838768005371094e-01
5.802939999999556676e+03 6.351141929626464844e-01
5.804419999999556239e+03 6.173816323280334473e-01
5.805899999999555803e+03 6.270646452903747559e-01
5.807379999999555366e+03 5.683046579360961914e-01
5.808859999999554930e+03 5.949003696441650391e-01
5.810339999999554493e+03 6.053417921066284180e-01
5.811819999999554057e+03 5.340007543563842773e-01
5.813299999999553620e+03 5.868861675262451172e-01
5.814779999999553183e+03 6.006253361701965332e-01
5.816259999999552747e+03 6.084025502204895020e-01
5.817739999999552310e+03 5.874806642532348633e-01
5.819219999999551874e+03 6.211676001548767090e-01
5.820699999999551437e+03 6.637784838676452637e-01
5.822179999999551001e+03 7.198593616485595703e-01
5.823659999999550564e+03 6.245222687721252441e-01
5.825139999999550128e+03 6.223908066749572754e-01
5.826619999999549691e+03 6.041221022605895996e-01
5.828099999999549254e+03 6.458574533462524414e-01
5.829579999999548818e+03 6.251204609870910645e-01
5.831059999999548381e+03 6.160311698913574219e-01
5.832539999999547945e+03 6.036289930343627930e-01
5.834019999999547508e+03 6.399021148681640625e-01
5.835499999999547072e+03 6.433925032615661621e-01
5.836979999999546635e+03 5.928071737289428711e-01
5.838459999999546199e+03 6.271014213562011719e-01
5.839939999999545762e+03 6.407471299171447754e-01
5.841419999999545325e+03 5.954285860061645508e-01
5.842899999999544889e+03 5.965136885643005371e-01
5.844379999999544452e+03 6.025612950325012207e-01
5.845859999999544016e+03 6.099784970283508301e-01
5.847339999999543579e+03 6.128839850425720215e-01
5.848819999999543143e+03 6.237852573394775391e-01
5.850299999999542706e+03 6.244912147521972656e-01
5.851779999999542270e+03 6.014248132705688477e-01
5.853259999999541833e+03 5.718745589256286621e-01
5.854739999999541396e+03 5.987692475318908691e-01
5.856219999999540960e+03 5.798853039741516113e-01
5.857699999999540523e+03 6.255353689193725586e-01
5.859179999999540087e+03 6.525156497955322266e-01
5.860659999999539650e+03 6.241708993911743164e-01
5.862139999999539214e+03 5.658829212188720703e-01
5.863619999999538777e+03 6.116759777069091797e-01
5.865099999999538340e+03 6.388810276985168457e-01
5.866579999999537904e+03 6.446587443351745605e-01
5.868059999999537467e+03 6.549147367477416992e-01
5.869539999999537031e+03 5.618449449539184570e-01
5.871019999999536594e+03 6.349594593048095703e-01
5.872499999999536158e+03 6.984683871269226074e-01
5.873979999999535721e+03 6.334348320960998535e-01
5.875459999999535285e+03 6.300690174102783203e-01
5.876939999999534848e+03 6.152906417846679688e-01
5.878419999999534411e+03 6.018816232681274414e-01
5.879899999999533975e+03 6.174848675727844238e-01
5.881379999999533538e+03 6.283665299415588379e-01
5.882859999999533102e+03 6.450493931770324707e-01
5.884339999999532665e+03 5.998180508613586426e-01
5.885819999999532229e+03 5.984067320823669434e-01
5.887299999999531792e+03 5.711679458618164062e-01
5.888779999999531356e+03 6.105292439460754395e-01
5.890259999999530919e+03 7.930060029029846191e-01
5.891739999999530482e+03 7.018676996231079102e-01
5.893219999999530046e+03 5.922540426254272461e-01
5.894699999999529609e+03 6.344614028930664062e-01
5.896179999999529173e+03 6.297516822814941406e-01
5.897659999999528736e+03 6.074059009552001953e-01
5.899139999999528300e+03 6.193658709526062012e-01
5.900619999999527863e+03 6.379618644714355469e-01
5.902099999999527427e+03 6.821036338806152344e-01
5.903579999999526990e+03 6.327019333839416504e-01
5.905059999999526553e+03 6.137164235115051270e-01
5.906539999999526117e+03 6.982893347740173340e-01
5.908019999999525680e+03 6.214270591735839844e-01
5.909499999999525244e+03 5.507667660713195801e-01
5.910979999999524807e+03 6.007001399993896484e-01
5.912459999999524371e+03 5.891765356063842773e-01
5.913939999999523934e+03 6.147893071174621582e-01
5.915419999999523498e+03 6.248442530632019043e-01
5.916899999999523061e+03 5.942645668983459473e-01
5.918379999999522624e+03 5.391446352005004883e-01
5.919859999999522188e+03 5.539503097534179688e-01
5.921339999999521751e+03 5.905073285102844238e-01
5.922819999999521315e+03 6.035608053207397461e-01
5.924299999999520878e+03 6.170688867568969727e-01
5.925779999999520442e+03 5.653156042098999023e-01
5.927259999999520005e+03 5.636986494064331055e-01
5.928739999999519569e+03 5.401272773742675781e-01
5.930219999999519132e+03 5.866196155548095703e-01
5.931699999999518695e+03 6.019635200500488281e-01
5.933179999999518259e+03 6.243894696235656738e-01
5.934659999999517822e+03 5.519950389862060547e-01
5.936139999999517386e+03 6.399042606353759766e-01
5.937619999999516949e+03 6.282342672348022461e-01
5.939099999999516513e+03 6.010093092918395996e-01
5.940579999999516076e+03 6.191228628158569336e-01
5.942059999999515640e+03 5.058376193046569824e-01
5.943539999999515203e+03 5.697290897369384766e-01
5.945019999999514766e+03 5.860450267791748047e-01
5.946499999999514330e+03 5.589098930358886719e-01
5.947979999999513893e+03 4.986331164836883545e-01
5.949459999999513457e+03 6.660453677177429199e-01
5.950939999999513020e+03 6.597204208374023438e-01
5.952419999999512584e+03 6.492629647254943848e-01
5.953899999999512147e+03 6.285631060600280762e-01
5.955379999999511710e+03 6.364728212356567383e-01
5.956859999999511274e+03 6.619181632995605469e-01
5.958339999999510837e+03 7.213413119316101074e-01
5.959819999999510401e+03 6.561167836189270020e-01
5.961299999999509964e+03 6.718564629554748535e-01
5.962779999999509528e+03 6.233229041099548340e-01
5.964259999999509091e+03 5.812928676605224609e-01
5.965739999999508655e+03 6.308749914169311523e-01
5.967219999999508218e+03 6.301696300506591797e-01
5.968699999999507781e+03 6.205415129661560059e-01
5.970179999999507345e+03 6.364735364913940430e-01
5.971659999999506908e+03 6.133419275283813477e-01
5.973139999999506472e+03 6.672262549400329590e-01
5.974619999999506035e+03 6.382256746292114258e-01
5.976099999999505599e+03 5.951514244079589844e-01
5.977579999999505162e+03 6.370116472244262695e-01
5.979059999999504726e+03 5.201410651206970215e-01
5.980539999999504289e+03 5.481132268905639648e-01
5.982019999999503852e+03 5.695365667343139648e-01
5.983499999999503416e+03 6.006100177764892578e-01
5.984979999999502979e+03 6.301423311233520508e-01
5.986459999999502543e+03 6.239647269248962402e-01
5.987939999999502106e+03 6.006926298141479492e-01
5.989419999999501670e+03 6.079812049865722656e-01
5.990899999999501233e+03 5.923057198524475098e-01
5.992379999999500797e+03 5.556651353836059570e-01
5.993859999999500360e+03 5.885424613952636719e-01
5.995339999999499923e+03 6.345042586326599121e-01
5.996819999999499487e+03 5.956974625587463379e-01
5.998299999999499050e+03 5.601541399955749512e-01
5.999779999999498614e+03 5.556866526603698730e-01
6.001259999999498177e+03 5.900976657867431641e-01
6.002739999999497741e+03 5.865665674209594727e-01
6.004219999999497304e+03 6.071957349777221680e-01
6.005699999999496868e+03 6.335446834564208984e-01
6.007179999999496431e+03 5.944463014602661133e-01
6.008659999999495994e+03 6.114083528518676758e-01
6.010139999999495558e+03 5.784549713134765625e-01
6.011619999999495121e+03 5.654287934303283691e-01
6.013099999999494685e+03 9.334170222282409668e-01
6.014579999999494248e+03 1.647885322570800781e+00
6.016059999999493812e+03 1.557871460914611816e+00
6.017539999999493375e+03 8.531339168548583984e-01
6.019019999999492939e+03 5.995170474052429199e-01
6.020499999999492502e+03 5.133041739463806152e-01
6.021979999999492065e+03 5.778289437294006348e-01
6.023459999999491629e+03 6.263671517372131348e-01
6.024939999999491192e+03 5.868690013885498047e-01
6.026419999999490756e+03 5.889806151390075684e-01
6.027899999999490319e+03 5.287013053894042969e-01
6.029379999999489883e+03 5.678414106369018555e-01
6.030859999999489446e+03 4.824127554893493652e-01
6.032339999999489009e+03 5.755035877227783203e-01
6.033819999999488573e+03 5.936949253082275391e-01
6.035299999999488136e+03 5.778332352638244629e-01
6.036779999999487700e+03 5.450612902641296387e-01
6.038259999999487263e+03 5.861050486564636230e-01
6.039739999999486827e+03 5.956733822822570801e-01
6.041219999999486390e+03 6.056324839591979980e-01
6.042699999999485954e+03 5.897809863090515137e-01
6.044179999999485517e+03 5.672681331634521484e-01
6.045659999999485080e+03 5.861756205558776855e-01
6.047139999999484644e+03 5.842248201370239258e-01
6.048619999999484207e+03 5.626077651977539062e-01
6.050099999999483771e+03 6.407267451286315918e-01
6.051579999999483334e+03 5.689420700073242188e-01
6.053059999999482898e+03 5.632696747779846191e-01
6.054539999999482461e+03 5.828565955162048340e-01
6.056019999999482025e+03 5.115534067153930664e-01
6.057499999999481588e+03 5.800487995147705078e-01
6.058979999999481151e+03 6.301897764205932617e-01
6.060459999999480715e+03 6.405908465385437012e-01
6.061939999999480278e+03 5.531881451606750488e-01
6.063419999999479842e+03 5.881059765815734863e-01
6.064899999999479405e+03 5.672441124916076660e-01
6.066379999999478969e+03 5.981398820877075195e-01
6.067859999999478532e+03 6.175428628921508789e-01
6.069339999999478096e+03 5.818351507186889648e-01
6.070819999999477659e+03 5.696640610694885254e-01
6.072299999999477222e+03 5.710033178329467773e-01
6.073779999999476786e+03 5.677929520606994629e-01
6.075259999999476349e+03 5.981287956237792969e-01
6.076739999999475913e+03 5.963426232337951660e-01
6.078219999999475476e+03 5.767330527305603027e-01
6.079699999999475040e+03 5.281185507774353027e-01
6.081179999999474603e+03 5.468776822090148926e-01
6.082659999999474167e+03 5.877172350883483887e-01
6.084139999999473730e+03 6.150054931640625000e-01
6.085619999999473293e+03 5.957103967666625977e-01
6.087099999999472857e+03 5.629206895828247070e-01
6.088579999999472420e+03 5.883611440658569336e-01
6.090059999999471984e+03 5.086506605148315430e-01
6.091539999999471547e+03 5.982584953308105469e-01
6.093019999999471111e+03 6.123349666595458984e-01
6.094499999999470674e+03 5.351713299751281738e-01
6.095979999999470238e+03 5.831243991851806641e-01
6.097459999999469801e+03 5.795589685440063477e-01
6.098939999999469364e+03 5.875340700149536133e-01
6.100419999999468928e+03 6.289168596267700195e-01
6.101899999999468491e+03 6.060082912445068359e-01
6.103379999999468055e+03 6.027161478996276855e-01
6.104859999999467618e+03 6.105889081954956055e-01
6.106339999999467182e+03 6.308845281600952148e-01
6.107819999999466745e+03 5.646775960922241211e-01
6.109299999999466309e+03 6.111409664154052734e-01
6.110779999999465872e+03 6.822343468666076660e-01
6.112259999999465435e+03 5.963350534439086914e-01
6.113739999999464999e+03 6.004224419593811035e-01
6.115219999999464562e+03 5.803916454315185547e-01
6.116699999999464126e+03 5.666793584823608398e-01
6.118179999999463689e+03 5.930811762809753418e-01
6.119659999999463253e+03 6.040632724761962891e-01
6.121139999999462816e+03 5.930010080337524414e-01
6.122619999999462379e+03 5.778779387474060059e-01
6.124099999999461943e+03 5.801151394844055176e-01
6.125579999999461506e+03 5.778093338012695312e-01
6.127059999999461070e+03 5.797557234764099121e-01
6.128539999999460633e+03 6.096968650817871094e-01
6.130019999999460197e+03 5.687357783317565918e-01
6.131499999999459760e+03 5.313000679016113281e-01
6.132979999999459324e+03 5.457280874252319336e-01
6.134459999999458887e+03 5.289030671119689941e-01
6.135939999999458450e+03 5.460695624351501465e-01
6.137419999999458014e+03 5.098027586936950684e-01
6.138899999999457577e+03 5.512931942939758301e-01
6.140379999999457141e+03 5.776740908622741699e-01
6.141859999999456704e+03 5.669508576393127441e-01
6.143339999999456268e+03 5.859810709953308105e-01
6.144819999999455831e+03 5.756373405456542969e-01
6.146299999999455395e+03 5.689340233802795410e-01
6.147779999999454958e+03 5.800132155418395996e-01
6.149259999999454521e+03 5.388912558555603027e-01
6.150739999999454085e+03 4.894792437553405762e-01
6.152219999999453648e+03 4.591543078422546387e-01
6.153699999999453212e+03 4.725453555583953857e-01
6.155179999999452775e+03 5.269510746002197266e-01
6.156659999999452339e+03 6.011881828308105469e-01
6.158139999999451902e+03 6.352761983871459961e-01
6.159619999999451466e+03 5.934231877326965332e-01
6.161099999999451029e+03 5.373514294624328613e-01
6.162579999999450592e+03 5.246493816375732422e-01
6.164059999999450156e+03 5.431677103042602539e-01
6.165539999999449719e+03 5.311927199363708496e-01
6.167019999999449283e+03 5.929902195930480957e-01
6.168499999999448846e+03 4.895085394382476807e-01
6.169979999999448410e+03 5.763767957687377930e-01
6.171459999999447973e+03 5.352029204368591309e-01
6.172939999999447537e+03 6.010648608207702637e-01
6.174419999999447100e+03 5.789346098899841309e-01
6.175899999999446663e+03 5.931385755538940430e-01
6.177379999999446227e+03 5.483242273330688477e-01
6.178859999999445790e+03 5.775148868560791016e-01
6.180339999999445354e+03 5.450280904769897461e-01
6.181819999999444917e+03 5.240610241889953613e-01
6.183299999999444481e+03 5.534625649452209473e-01
6.184779999999444044e+03 5.826754570007324219e-01
6.186259999999443608e+03 5.511465072631835938e-01
6.187739999999443171e+03 5.454701185226440430e-01
6.189219999999442734e+03 5.911334753036499023e-01
6.190699999999442298e+03 5.601384639739990234e-01
6.192179999999441861e+03 5.503742694854736328e-01
6.193659999999441425e+03 5.835500359535217285e-01
6.195139999999440988e+03 5.718953609466552734e-01
6.196619999999440552e+03 5.511767864227294922e-01
6.198099999999440115e+03 5.725049376487731934e-01
6.199579999999439679e+03 5.441941618919372559e-01
6.201059999999439242e+03 5.688172578811645508e-01
6.202539999999438805e+03 5.751694440841674805e-01
6.204019999999438369e+03 5.909440517425537109e-01
6.205499999999437932e+03 6.193149089813232422e-01
6.206979999999437496e+03 6.023948192596435547e-01
6.208459999999437059e+03 5.887845158576965332e-01
6.209939999999436623e+03 6.009658575057983398e-01
6.211419999999436186e+03 6.224354505538940430e-01
6.212899999999435749e+03 6.211315393447875977e-01
6.214379999999435313e+03 6.211332678794860840e-01
6.215859999999434876e+03 5.822776556015014648e-01
6.217339999999434440e+03 5.778272151947021484e-01
6.218819999999434003e+03 5.885457992553710938e-01
6.220299999999433567e+03 5.823438167572021484e-01
6.221779999999433130e+03 5.608904361724853516e-01
6.223259999999432694e+03 5.631552338600158691e-01
6.224739999999432257e+03 5.374324321746826172e-01
6.226219999999431820e+03 5.283279418945312500e-01
6.227699999999431384e+03 5.125373005867004395e-01
6.229179999999430947e+03 4.696510732173919678e-01
6.230659999999430511e+03 5.689486265182495117e-01
6.232139999999430074e+03 5.599846839904785156e-01
6.233619999999429638e+03 5.550714731216430664e-01
6.235099999999429201e+03 5.544043183326721191e-01
6.236579999999428765e+03 6.510393023490905762e-01
6.238059999999428328e+03 5.578933954238891602e-01
6.239539999999427891e+03 5.017138123512268066e-01
6.241019999999427455e+03 5.538352131843566895e-01
6.242499999999427018e+03 5.817520022392272949e-01
6.243979999999426582e+03 5.806499719619750977e-01
6.245459999999426145e+03 5.106194019317626953e-01
6.246939999999425709e+03 5.021280050277709961e-01
6.248419999999425272e+03 5.332955121994018555e-01
6.249899999999424836e+03 5.048797130584716797e-01
6.251379999999424399e+03 5.858564376831054688e-01
6.252859999999423962e+03 5.952281355857849121e-01
6.254339999999423526e+03 4.576969146728515625e-01
6.255819999999423089e+03 5.252652168273925781e-01
6.257299999999422653e+03 6.405376791954040527e-01
6.258779999999422216e+03 5.791295766830444336e-01
6.260259999999421780e+03 5.511152744293212891e-01
6.261739999999421343e+03 5.278046727180480957e-01
6.263219999999420907e+03 5.596781373023986816e-01
6.264699999999420470e+03 6.086443066596984863e-01
6.266179999999420033e+03 5.159509778022766113e-01
6.267659999999419597e+03 5.500583648681640625e-01
6.269139999999419160e+03 5.665563941001892090e-01
6.270619999999418724e+03 5.086197853088378906e-01
6.272099999999418287e+03 5.102035999298095703e-01
6.273579999999417851e+03 5.355608463287353516e-01
6.275059999999417414e+03 5.769377946853637695e-01
6.276539999999416978e+03 5.246581435203552246e-01
6.278019999999416541e+03 4.856622219085693359e-01
6.279499999999416104e+03 5.340275168418884277e-01
6.280979999999415668e+03 5.197947621345520020e-01
6.282459999999415231e+03 5.221929550170898438e-01
6.283939999999414795e+03 4.420299530029296875e-01
6.285419999999414358e+03 4.445563554763793945e-01
6.286899999999413922e+03 5.621798634529113770e-01
6.288379999999413485e+03 5.471721887588500977e-01
6.289859999999413048e+03 5.235105752944946289e-01
6.291339999999412612e+03 5.517386198043823242e-01
6.292819999999412175e+03 4.925947487354278564e-01
6.294299999999411739e+03 5.584096908569335938e-01
6.295779999999411302e+03 5.540904402732849121e-01
6.297259999999410866e+03 3.150287270545959473e-01
6.298739999999410429e+03 6.148062944412231445e-01
6.300219999999409993e+03 8.389713764190673828e-01
6.301699999999409556e+03 6.220046281814575195e-01
6.303179999999409119e+03 4.601944386959075928e-01
6.304659999999408683e+03 4.957367479801177979e-01
6.306139999999408246e+03 5.831284523010253906e-01
6.307619999999407810e+03 5.781659483909606934e-01
6.309099999999407373e+03 5.071863532066345215e-01
6.310579999999406937e+03 4.674551784992218018e-01
6.312059999999406500e+03 4.905171990394592285e-01
6.313539999999406064e+03 5.539398193359375000e-01
6.315019999999405627e+03 5.306926369667053223e-01
6.316499999999405190e+03 4.828394353389739990e-01
6.317979999999404754e+03 5.133355855941772461e-01
6.319459999999404317e+03 5.235079526901245117e-01
6.320939999999403881e+03 4.791178107261657715e-01
6.322419999999403444e+03 5.362725853919982910e-01
6.323899999999403008e+03 5.274813175201416016e-01
6.325379999999402571e+03 4.787872731685638428e-01
6.326859999999402135e+03 5.099049210548400879e-01
6.328339999999401698e+03 5.552654862403869629e-01
6.329819999999401261e+03 5.459012985229492188e-01
6.331299999999400825e+03 5.450563430786132812e-01
6.332779999999400388e+03 5.624873638153076172e-01
6.334259999999399952e+03 5.291985273361206055e-01
6.335739999999399515e+03 5.087080597877502441e-01
6.337219999999399079e+03 4.392420649528503418e-01
6.338699999999398642e+03 4.829219579696655273e-01
6.340179999999398206e+03 4.930830597877502441e-01
6.341659999999397769e+03 5.205769538879394531e-01
6.343139999999397332e+03 5.201621651649475098e-01
6.344619999999396896e+03 5.503159165382385254e-01
6.346099999999396459e+03 5.088824033737182617e-01
6.347579999999396023e+03 5.139143466949462891e-01
6.349059999999395586e+03 5.559805631637573242e-01
6.350539999999395150e+03 5.435346961021423340e-01
6.352019999999394713e+03 5.408889055252075195e-01
6.353499999999394277e+03 5.172498226165771484e-01
6.354979999999393840e+03 5.274401307106018066e-01
6.356459999999393403e+03 5.061632990837097168e-01
6.357939999999392967e+03 4.662154614925384521e-01
6.359419999999392530e+03 5.001840591430664062e-01
6.360899999999392094e+03 4.302195608615875244e-01
6.362379999999391657e+03 4.516438543796539307e-01
6.363859999999391221e+03 5.787170529365539551e-01
6.365339999999390784e+03 5.117422342300415039e-01
6.366819999999390348e+03 5.233807563781738281e-01
6.368299999999389911e+03 5.393069982528686523e-01
6.369779999999389474e+03 6.165068745613098145e-01
6.371259999999389038e+03 5.505288243293762207e-01
6.372739999999388601e+03 5.392797589302062988e-01
6.374219999999388165e+03 5.770567059516906738e-01
6.375699999999387728e+03 5.491892099380493164e-01
6.377179999999387292e+03 5.320860743522644043e-01
6.378659999999386855e+03 5.032783150672912598e-01
6.380139999999386418e+03 5.168949365615844727e-01
6.381619999999385982e+03 5.387553572654724121e-01
6.383099999999385545e+03 5.215151309967041016e-01
6.384579999999385109e+03 4.933559894561767578e-01
6.386059999999384672e+03 5.073811411857604980e-01
6.387539999999384236e+03 4.669882655143737793e-01
6.389019999999383799e+03 4.849941432476043701e-01
6.390499999999383363e+03 5.276024937629699707e-01
6.391979999999382926e+03 4.799743592739105225e-01
6.393459999999382489e+03 4.913861751556396484e-01
6.394939999999382053e+03 4.702450633049011230e-01
6.396419999999381616e+03 4.871701002120971680e-01
6.397899999999381180e+03 5.546500682830810547e-01
6.399379999999380743e+03 5.070014595985412598e-01
6.400859999999380307e+03 4.871312081813812256e-01
6.402339999999379870e+03 4.709622263908386230e-01
6.403819999999379434e+03 5.129379630088806152e-01
6.405299999999378997e+03 4.958253800868988037e-01
6.406779999999378560e+03 4.573057889938354492e-01
6.408259999999378124e+03 5.631566643714904785e-01
6.409739999999377687e+03 4.980545639991760254e-01
6.411219999999377251e+03 5.494028925895690918e-01
6.412699999999376814e+03 5.822777748107910156e-01
6.414179999999376378e+03 5.092537999153137207e-01
6.415659999999375941e+03 5.655079483985900879e-01
6.417139999999375505e+03 5.161682367324829102e-01
6.418619999999375068e+03 5.446493625640869141e-01
6.420099999999374631e+03 5.034955143928527832e-01
6.421579999999374195e+03 5.057807564735412598e-01
6.423059999999373758e+03 5.339516401290893555e-01
6.424539999999373322e+03 5.428448915481567383e-01
6.426019999999372885e+03 5.096907615661621094e-01
6.427499999999372449e+03 4.892459213733673096e-01
6.428979999999372012e+03 5.283155441284179688e-01
6.430459999999371576e+03 5.251916646957397461e-01
6.431939999999371139e+03 5.043997764587402344e-01
6.433419999999370702e+03 5.229314565658569336e-01
6.434899999999370266e+03 5.368751287460327148e-01
6.436379999999369829e+03 5.533453822135925293e-01
6.437859999999369393e+03 5.125945210456848145e-01
6.439339999999368956e+03 4.974234104156494141e-01
6.440819999999368520e+03 5.337114334106445312e-01
6.442299999999368083e+03 4.763170480728149414e-01
6.443779999999367647e+03 4.907812774181365967e-01
6.445259999999367210e+03 5.248928070068359375e-01
6.446739999999366773e+03 5.530672073364257812e-01
6.448219999999366337e+03 7.452258467674255371e-01
6.449699999999365900e+03 7.952468395233154297e-01
6.451179999999365464e+03 7.043309211730957031e-01
6.452659999999365027e+03 6.034019589424133301e-01
6.454139999999364591e+03 5.550789237022399902e-01
6.455619999999364154e+03 5.083602666854858398e-01
6.457099999999363718e+03 5.605812668800354004e-01
6.458579999999363281e+03 5.628464221954345703e-01
6.460059999999362844e+03 5.861915349960327148e-01
6.461539999999362408e+03 5.991366505622863770e-01
6.463019999999361971e+03 5.632870793342590332e-01
6.464499999999361535e+03 5.072368979454040527e-01
6.465979999999361098e+03 5.494918227195739746e-01
6.467459999999360662e+03 4.785742759704589844e-01
6.468939999999360225e+03 4.478716254234313965e-01
6.470419999999359788e+03 5.301742553710937500e-01
6.471899999999359352e+03 5.100172162055969238e-01
6.473379999999358915e+03 5.220602154731750488e-01
6.474859999999358479e+03 5.494117140769958496e-01
6.476339999999358042e+03 5.297176241874694824e-01
6.477819999999357606e+03 5.149919986724853516e-01
6.479299999999357169e+03 4.972472190856933594e-01
6.480779999999356733e+03 5.349864959716796875e-01
6.482259999999356296e+03 4.957378804683685303e-01
6.483739999999355859e+03 4.684792757034301758e-01
6.485219999999355423e+03 4.928117692470550537e-01
6.486699999999354986e+03 5.082982778549194336e-01
6.488179999999354550e+03 5.141186714172363281e-01
6.489659999999354113e+03 4.991466701030731201e-01
6.491139999999353677e+03 4.888664484024047852e-01
6.492619999999353240e+03 5.538543462753295898e-01
6.494099999999352804e+03 5.239642858505249023e-01
6.495579999999352367e+03 4.422569274902343750e-01
6.497059999999351930e+03 5.080694556236267090e-01
6.498539999999351494e+03 5.073207616806030273e-01
6.500019999999351057e+03 5.298718810081481934e-01
6.501499999999350621e+03 4.886279106140136719e-01
6.502979999999350184e+03 5.587729811668395996e-01
6.504459999999349748e+03 5.766534805297851562e-01
6.505939999999349311e+03 5.226936340332031250e-01
6.507419999999348875e+03 5.077670216560363770e-01
6.508899999999348438e+03 5.255146622657775879e-01
6.510379999999348001e+03 5.041120648384094238e-01
6.511859999999347565e+03 5.016759634017944336e-01
6.513339999999347128e+03 5.802311301231384277e-01
6.514819999999346692e+03 6.347189545631408691e-01
6.516299999999346255e+03 6.347137689590454102e-01
6.517779999999345819e+03 5.735937356948852539e-01
6.519259999999345382e+03 4.993250668048858643e-01
6.520739999999344946e+03 5.024826526641845703e-01
6.522219999999344509e+03 5.695400834083557129e-01
6.523699999999344072e+03 5.593158602714538574e-01
6.525179999999343636e+03 5.271085500717163086e-01
6.526659999999343199e+03 4.854781627655029297e-01
6.528139999999342763e+03 5.635552406311035156e-01
6.529619999999342326e+03 5.490030050277709961e-01
6.531099999999341890e+03 5.061009526252746582e-01
6.532579999999341453e+03 5.118303298950195312e-01
6.534059999999341017e+03 5.171968936920166016e-01
6.535539999999340580e+03 5.280028581619262695e-01
6.537019999999340143e+03 5.663184523582458496e-01
6.538499999999339707e+03 5.589541792869567871e-01
6.539979999999339270e+03 5.374187827110290527e-01
6.541459999999338834e+03 5.141626596450805664e-01
6.542939999999338397e+03 4.873877763748168945e-01
6.544419999999337961e+03 5.174354314804077148e-01
6.545899999999337524e+03 4.968246519565582275e-01
6.547379999999337088e+03 5.155920982360839844e-01
6.548859999999336651e+03 5.346992611885070801e-01
6.550339999999336214e+03 4.245156943798065186e-01
6.551819999999335778e+03 4.684004485607147217e-01
6.553299999999335341e+03 5.713975429534912109e-01
6.554779999999334905e+03 4.977624714374542236e-01
6.556259999999334468e+03 4.945561587810516357e-01
6.557739999999334032e+03 5.366564393043518066e-01
6.559219999999333595e+03 4.914673268795013428e-01
6.560699999999333158e+03 4.778860211372375488e-01
6.562179999999332722e+03 4.856801033020019531e-01
6.563659999999332285e+03 4.884584248065948486e-01
6.565139999999331849e+03 5.259699225425720215e-01
6.566619999999331412e+03 5.161934494972229004e-01
6.568099999999330976e+03 5.445994734764099121e-01
6.569579999999330539e+03 4.933732151985168457e-01
6.571059999999330103e+03 5.119895935058593750e-01
6.572539999999329666e+03 5.078331232070922852e-01
6.574019999999329229e+03 4.479904770851135254e-01
6.575499999999328793e+03 4.922340512275695801e-01
6.576979999999328356e+03 5.550009012222290039e-01
6.578459999999327920e+03 5.143837332725524902e-01
6.579939999999327483e+03 5.064488053321838379e-01
6.581419999999327047e+03 5.445088744163513184e-01
6.582899999999326610e+03 5.093286633491516113e-01
6.584379999999326174e+03 5.148053169250488281e-01
6.585859999999325737e+03 5.114852190017700195e-01
6.587339999999325300e+03 4.854540228843688965e-01
6.588819999999324864e+03 5.805472731590270996e-01
6.590299999999324427e+03 5.480322241783142090e-01
6.591779999999323991e+03 4.821316301822662354e-01
6.593259999999323554e+03 4.875663220882415771e-01
6.594739999999323118e+03 4.936469197273254395e-01
6.596219999999322681e+03 5.334904193878173828e-01
6.597699999999322245e+03 4.716409146785736084e-01
6.599179999999321808e+03 4.976363778114318848e-01
6.600659999999321371e+03 5.136529803276062012e-01
6.602139999999320935e+03 5.025339126586914062e-01
6.603619999999320498e+03 4.954534173011779785e-01
6.605099999999320062e+03 5.364026427268981934e-01
6.606579999999319625e+03 5.061826705932617188e-01
6.608059999999319189e+03 4.401962161064147949e-01
6.609539999999318752e+03 4.512566924095153809e-01
6.611019999999318316e+03 5.263727307319641113e-01
6.612499999999317879e+03 4.788121581077575684e-01
6.613979999999317442e+03 4.400371015071868896e-01
6.615459999999317006e+03 4.968574047088623047e-01
6.616939999999316569e+03 5.435997247695922852e-01
6.618419999999316133e+03 5.512125492095947266e-01
6.619899999999315696e+03 5.079916715621948242e-01
6.621379999999315260e+03 5.160883069038391113e-01
6.622859999999314823e+03 5.312573909759521484e-01
6.624339999999314387e+03 4.693381488323211670e-01
6.625819999999313950e+03 4.989412724971771240e-01
6.627299999999313513e+03 5.251970887184143066e-01
6.628779999999313077e+03 5.461450219154357910e-01
6.630259999999312640e+03 4.814646840095520020e-01
6.631739999999312204e+03 5.007411241531372070e-01
6.633219999999311767e+03 5.195079445838928223e-01
6.634699999999311331e+03 5.032700896263122559e-01
6.636179999999310894e+03 5.303070545196533203e-01
6.637659999999310457e+03 4.535199105739593506e-01
6.639139999999310021e+03 4.938045144081115723e-01
6.640619999999309584e+03 4.893876910209655762e-01
6.642099999999309148e+03 4.774859845638275146e-01
6.643579999999308711e+03 5.311946272850036621e-01
6.645059999999308275e+03 5.256906747817993164e-01
6.646539999999307838e+03 5.061247348785400391e-01
6.648019999999307402e+03 5.197196602821350098e-01
6.649499999999306965e+03 4.650467038154602051e-01
6.650979999999306528e+03 4.579674601554870605e-01
6.652459999999306092e+03 4.689610898494720459e-01
6.653939999999305655e+03 4.826742112636566162e-01
6.655419999999305219e+03 5.208497643470764160e-01
6.656899999999304782e+03 4.523317217826843262e-01
6.658379999999304346e+03 4.941564202308654785e-01
6.659859999999303909e+03 5.444061756134033203e-01
6.661339999999303473e+03 5.157542824745178223e-01
6.662819999999303036e+03 4.925276041030883789e-01
6.664299999999302599e+03 4.971932768821716309e-01
6.665779999999302163e+03 5.376359224319458008e-01
6.667259999999301726e+03 5.708299279212951660e-01
6.668739999999301290e+03 4.893096089363098145e-01
6.670219999999300853e+03 4.552214741706848145e-01
6.671699999999300417e+03 4.930338859558105469e-01
6.673179999999299980e+03 5.080831050872802734e-01
6.674659999999299544e+03 4.961321949958801270e-01
6.676139999999299107e+03 4.905704855918884277e-01
6.677619999999298670e+03 4.944230020046234131e-01
6.679099999999298234e+03 4.957518577575683594e-01
6.680579999999297797e+03 5.455376505851745605e-01
6.682059999999297361e+03 5.641301274299621582e-01
6.683539999999296924e+03 5.312421917915344238e-01
6.685019999999296488e+03 4.880765378475189209e-01
6.686499999999296051e+03 4.831258356571197510e-01
6.687979999999295615e+03 5.235423445701599121e-01
6.689459999999295178e+03 5.200927257537841797e-01
6.690939999999294741e+03 5.118998885154724121e-01
6.692419999999294305e+03 5.289176106452941895e-01
6.693899999999293868e+03 5.429900884628295898e-01
6.695379999999293432e+03 5.404522418975830078e-01
6.696859999999292995e+03 5.331798791885375977e-01
6.698339999999292559e+03 5.405444502830505371e-01
6.699819999999292122e+03 6.262117624282836914e-01
6.701299999999291686e+03 1.548179507255554199e+00
6.702779999999291249e+03 2.585942506790161133e+00
6.704259999999290812e+03 2.235660791397094727e+00
6.705739999999290376e+03 1.063480496406555176e+00
6.707219999999289939e+03 5.445569753646850586e-01
6.708699999999289503e+03 4.850522875785827637e-01
6.710179999999289066e+03 4.804052412509918213e-01
6.711659999999288630e+03 5.354976654052734375e-01
6.713139999999288193e+03 5.880720615386962891e-01
6.714619999999287757e+03 8.443130850791931152e-01
6.716099999999287320e+03 1.218325519561767578e+01
6.717579999999286883e+03 2.839654350280761719e+01
6.719059999999286447e+03 2.615236091613769531e+01
6.720539999999286010e+03 9.339689254760742188e+00
6.722019999999285574e+03 1.488485336303710938e+00
6.723499999999285137e+03 7.541412115097045898e-01
6.724979999999284701e+03 5.906229019165039062e-01
6.726459999999284264e+03 4.838898479938507080e-01
6.727939999999283827e+03 5.520414710044860840e-01
6.729419999999283391e+03 5.535693168640136719e-01
6.730899999999282954e+03 5.319077372550964355e-01
6.732379999999282518e+03 5.553377270698547363e-01
6.733859999999282081e+03 5.665113925933837891e-01
6.735339999999281645e+03 5.740939378738403320e-01
6.736819999999281208e+03 2.097118854522705078e+00
6.738299999999280772e+03 5.742674350738525391e+00
6.739779999999280335e+03 6.494062423706054688e+00
6.741259999999279898e+03 3.623523235321044922e+00
6.742739999999279462e+03 8.871839642524719238e-01
6.744219999999279025e+03 5.687425136566162109e-01
6.745699999999278589e+03 4.851833581924438477e-01
6.747179999999278152e+03 4.784983396530151367e-01
6.748659999999277716e+03 5.388904809951782227e-01
6.750139999999277279e+03 5.126882791519165039e-01
6.751619999999276843e+03 4.951186776161193848e-01
6.753099999999276406e+03 4.790803194046020508e-01
6.754579999999275969e+03 4.787229001522064209e-01
6.756059999999275533e+03 5.293188691139221191e-01
6.757539999999275096e+03 5.056850910186767578e-01
6.759019999999274660e+03 5.468243360519409180e-01
6.760499999999274223e+03 5.197770595550537109e-01
6.761979999999273787e+03 5.119861960411071777e-01
6.763459999999273350e+03 5.118855237960815430e-01
6.764939999999272914e+03 4.553328752517700195e-01
6.766419999999272477e+03 4.510146379470825195e-01
6.767899999999272040e+03 4.936157763004302979e-01
6.769379999999271604e+03 5.078084468841552734e-01
6.770859999999271167e+03 5.095923542976379395e-01
6.772339999999270731e+03 5.171545743942260742e-01
6.773819999999270294e+03 5.222573876380920410e-01
6.775299999999269858e+03 5.029942393302917480e-01
6.776779999999269421e+03 4.772430360317230225e-01
6.778259999999268985e+03 4.728261530399322510e-01
6.779739999999268548e+03 4.752585589885711670e-01
6.781219999999268111e+03 4.844613671302795410e-01
6.782699999999267675e+03 4.699183106422424316e-01
6.784179999999267238e+03 4.472373127937316895e-01
6.785659999999266802e+03 5.057104825973510742e-01
6.787139999999266365e+03 4.969055354595184326e-01
6.788619999999265929e+03 4.672632217407226562e-01
6.790099999999265492e+03 4.638710319995880127e-01
6.791579999999265056e+03 4.414412081241607666e-01
6.793059999999264619e+03 5.101583600044250488e-01
6.794539999999264182e+03 5.410400032997131348e-01
6.796019999999263746e+03 5.168965458869934082e-01
6.797499999999263309e+03 4.567516744136810303e-01
6.798979999999262873e+03 4.921406209468841553e-01
6.800459999999262436e+03 5.033423900604248047e-01
6.801939999999262000e+03 5.017147064208984375e-01
6.803419999999261563e+03 4.992067813873291016e-01
6.804899999999261127e+03 4.867095351219177246e-01
6.806379999999260690e+03 4.838344752788543701e-01
6.807859999999260253e+03 4.739719629287719727e-01
6.809339999999259817e+03 4.817931056022644043e-01
6.810819999999259380e+03 4.761960804462432861e-01
6.812299999999258944e+03 4.727858304977416992e-01
6.813779999999258507e+03 4.967789351940155029e-01
6.815259999999258071e+03 4.652173817157745361e-01
6.816739999999257634e+03 4.778202474117279053e-01
6.818219999999257197e+03 4.999562501907348633e-01
6.819699999999256761e+03 4.517745971679687500e-01
6.821179999999256324e+03 4.568773806095123291e-01
6.822659999999255888e+03 4.886755049228668213e-01
6.824139999999255451e+03 4.495606720447540283e-01
6.825619999999255015e+03 4.611006975173950195e-01
6.827099999999254578e+03 4.721101522445678711e-01
6.828579999999254142e+03 4.920774102210998535e-01
6.830059999999253705e+03 4.838256239891052246e-01
6.831539999999253268e+03 4.764746725559234619e-01
6.833019999999252832e+03 5.182521939277648926e-01
6.834499999999252395e+03 7.030181288719177246e-01
6.835979999999251959e+03 8.303087949752807617e-01
6.837459999999251522e+03 7.021152377128601074e-01
6.838939999999251086e+03 5.305575728416442871e-01
6.840419999999250649e+03 4.876637756824493408e-01
6.841899999999250213e+03 5.047584772109985352e-01
6.843379999999249776e+03 5.511628389358520508e-01
6.844859999999249339e+03 4.891633391380310059e-01
6.846339999999248903e+03 4.525907039642333984e-01
6.847819999999248466e+03 4.719467163085937500e-01
6.849299999999248030e+03 4.855137467384338379e-01
6.850779999999247593e+03 4.210046529769897461e-01
6.852259999999247157e+03 4.972617030143737793e-01
6.853739999999246720e+03 5.025059580802917480e-01
6.855219999999246284e+03 5.220666527748107910e-01
6.856699999999245847e+03 4.990817904472351074e-01
6.858179999999245410e+03 5.036112070083618164e-01
6.859659999999244974e+03 4.497904181480407715e-01
6.861139999999244537e+03 4.147341251373291016e-01
6.862619999999244101e+03 5.397726893424987793e-01
6.864099999999243664e+03 6.014166474342346191e-01
6.865579999999243228e+03 4.886724054813385010e-01
6.867059999999242791e+03 3.974869251251220703e-01
6.868539999999242355e+03 3.944174051284790039e-01
6.870019999999241918e+03 3.724924623966217041e-01
6.871499999999241481e+03 3.900508582592010498e-01
6.872979999999241045e+03 1.268273234367370605e+00
6.874459999999240608e+03 2.994930505752563477e+00
6.875939999999240172e+03 3.105222702026367188e+00
6.877419999999239735e+03 1.578096508979797363e+00
6.878899999999239299e+03 6.032372713088989258e-01
6.880379999999238862e+03 4.685227572917938232e-01
6.881859999999238426e+03 4.724652171134948730e-01
6.883339999999237989e+03 4.594085812568664551e-01
6.884819999999237552e+03 4.202829897403717041e-01
6.886299999999237116e+03 4.357470571994781494e-01
6.887779999999236679e+03 1.326801419258117676e+00
6.889259999999236243e+03 2.796677112579345703e+00
6.890739999999235806e+03 2.690757513046264648e+00
6.892219999999235370e+03 1.312124252319335938e+00
6.893699999999234933e+03 5.600894689559936523e-01
6.895179999999234496e+03 4.578947424888610840e-01
6.896659999999234060e+03 4.201856553554534912e-01
6.898139999999233623e+03 3.921358287334442139e-01
6.899619999999233187e+03 4.567883312702178955e-01
6.901099999999232750e+03 4.788033962249755859e-01
6.902579999999232314e+03 4.713227450847625732e-01
6.904059999999231877e+03 4.412189424037933350e-01
6.905539999999231441e+03 4.214620590209960938e-01
6.907019999999231004e+03 4.316763579845428467e-01
6.908499999999230567e+03 4.301780462265014648e-01
6.909979999999230131e+03 4.585394859313964844e-01
6.911459999999229694e+03 4.323924183845520020e-01
6.912939999999229258e+03 4.108168780803680420e-01
6.914419999999228821e+03 4.525925815105438232e-01
6.915899999999228385e+03 4.581216871738433838e-01
6.917379999999227948e+03 4.386701881885528564e-01
6.918859999999227512e+03 3.887117207050323486e-01
6.920339999999227075e+03 3.938684463500976562e-01
6.921819999999226638e+03 5.209444761276245117e-01
6.923299999999226202e+03 4.981327652931213379e-01
6.924779999999225765e+03 4.226181209087371826e-01
6.926259999999225329e+03 4.600124657154083252e-01
6.927739999999224892e+03 4.384814798831939697e-01
6.929219999999224456e+03 5.047501921653747559e-01
6.930699999999224019e+03 4.649674892425537109e-01
6.932179999999223583e+03 4.330242276191711426e-01
6.933659999999223146e+03 4.158394038677215576e-01
6.935139999999222709e+03 4.590124487876892090e-01
6.936619999999222273e+03 4.747853577136993408e-01
6.938099999999221836e+03 4.799048900604248047e-01
6.939579999999221400e+03 4.508217573165893555e-01
6.941059999999220963e+03 4.752343297004699707e-01
6.942539999999220527e+03 4.817904233932495117e-01
6.944019999999220090e+03 4.352543354034423828e-01
6.945499999999219654e+03 3.716203570365905762e-01
6.946979999999219217e+03 3.886299431324005127e-01
6.948459999999218780e+03 4.897335767745971680e-01
6.949939999999218344e+03 4.402281045913696289e-01
6.951419999999217907e+03 4.037573039531707764e-01
6.952899999999217471e+03 4.377501904964447021e-01
6.954379999999217034e+03 4.696506857872009277e-01
6.955859999999216598e+03 5.010226964950561523e-01
6.957339999999216161e+03 4.579420089721679688e-01
6.958819999999215725e+03 4.912588298320770264e-01
6.960299999999215288e+03 4.840988218784332275e-01
6.961779999999214851e+03 4.772142767906188965e-01
6.963259999999214415e+03 4.746289551258087158e-01
