4.300739999999999782e+03 1.960014939308166504e+00
4.302219999999999345e+03 8.396961688995361328e-01
4.303699999999998909e+03 1.083180665969848633e+00
4.305179999999998472e+03 1.213948011398315430e+00
4.306659999999998035e+03 1.187679767608642578e+00
4.308139999999997599e+03 1.102425336837768555e+00
4.309619999999997162e+03 1.154206991195678711e+00
4.311099999999996726e+03 1.103659868240356445e+00
4.312579999999996289e+03 1.101927757263183594e+00
4.314059999999995853e+03 1.107398509979248047e+00
4.315539999999995416e+03 1.175564527511596680e+00
4.317019999999994980e+03 1.371346116065979004e+00
4.318499999999994543e+03 1.492631196975708008e+00
4.319979999999994106e+03 1.455936431884765625e+00
4.321459999999993670e+03 1.496886849403381348e+00
4.322939999999993233e+03 1.587103724479675293e+00
4.324419999999992797e+03 1.127575516700744629e+00
4.325899999999992360e+03 1.024629116058349609e+00
4.327379999999991924e+03 1.378952860832214355e+00
4.328859999999991487e+03 1.476893305778503418e+00
4.330339999999991051e+03 1.470875263214111328e+00
4.331819999999990614e+03 1.202512979507446289e+00
4.333299999999990177e+03 1.475944638252258301e+00
4.334779999999989741e+03 1.369297027587890625e+00
4.336259999999989304e+03 1.240543484687805176e+00
4.337739999999988868e+03 1.505803465843200684e+00
4.339219999999988431e+03 1.176508069038391113e+00
4.340699999999987995e+03 9.926968812942504883e-01
4.342179999999987558e+03 1.389468431472778320e+00
4.343659999999987122e+03 1.460673451423645020e+00
4.345139999999986685e+03 1.493015527725219727e+00
4.346619999999986248e+03 1.429175496101379395e+00
4.348099999999985812e+03 1.470077395439147949e+00
4.349579999999985375e+03 1.565858721733093262e+00
4.351059999999984939e+03 1.365736484527587891e+00
4.352539999999984502e+03 1.143398046493530273e+00
4.354019999999984066e+03 1.621757984161376953e+00
4.355499999999983629e+03 1.428370118141174316e+00
4.356979999999983193e+03 1.514105796813964844e+00
4.358459999999982756e+03 1.369050025939941406e+00
4.359939999999982319e+03 1.477487444877624512e+00
4.361419999999981883e+03 9.863407015800476074e-01
4.362899999999981446e+03 1.227253437042236328e+00
4.364379999999981010e+03 1.483804821968078613e+00
4.365859999999980573e+03 1.513699531555175781e+00
4.367339999999980137e+03 1.439421653747558594e+00
4.368819999999979700e+03 1.349648714065551758e+00
4.370299999999979264e+03 1.387500047683715820e+00
4.371779999999978827e+03 1.405116677284240723e+00
4.373259999999978390e+03 1.137038707733154297e+00
4.374739999999977954e+03 1.092058062553405762e+00
4.376219999999977517e+03 1.396559119224548340e+00
4.377699999999977081e+03 1.209198951721191406e+00
4.379179999999976644e+03 1.338048696517944336e+00
4.380659999999976208e+03 1.717830896377563477e+00
4.382139999999975771e+03 1.468441247940063477e+00
4.383619999999975335e+03 1.244168281555175781e+00
4.385099999999974898e+03 1.241532444953918457e+00
4.386579999999974461e+03 1.511067748069763184e+00
4.388059999999974025e+03 1.379066467285156250e+00
4.389539999999973588e+03 1.110134482383728027e+00
4.391019999999973152e+03 1.138979315757751465e+00
4.392499999999972715e+03 1.223639845848083496e+00
4.393979999999972279e+03 1.359029412269592285e+00
4.395459999999971842e+03 1.210150241851806641e+00
4.396939999999971405e+03 1.145861864089965820e+00
4.398419999999970969e+03 1.223405003547668457e+00
4.399899999999970532e+03 1.075142979621887207e+00
4.401379999999970096e+03 1.097765326499938965e+00
4.402859999999969659e+03 1.126711606979370117e+00
4.404339999999969223e+03 1.057437062263488770e+00
4.405819999999968786e+03 1.036057829856872559e+00
4.407299999999968350e+03 1.032871603965759277e+00
4.408779999999967913e+03 8.999931812286376953e-01
4.410259999999967476e+03 9.972069859504699707e-01
4.411739999999967040e+03 1.283672094345092773e+00
4.413219999999966603e+03 9.740701317787170410e-01
4.414699999999966167e+03 1.093321919441223145e+00
4.416179999999965730e+03 1.126343369483947754e+00
4.417659999999965294e+03 1.166302084922790527e+00
4.419139999999964857e+03 1.222104787826538086e+00
4.420619999999964421e+03 1.296663165092468262e+00
4.422099999999963984e+03 1.157896518707275391e+00
4.423579999999963547e+03 1.196097254753112793e+00
4.425059999999963111e+03 1.221747279167175293e+00
4.426539999999962674e+03 1.006693124771118164e+00
4.428019999999962238e+03 1.071470975875854492e+00
4.429499999999961801e+03 9.936811923980712891e-01
4.430979999999961365e+03 1.076102375984191895e+00
4.432459999999960928e+03 1.172253847122192383e+00
4.433939999999960492e+03 1.015675902366638184e+00
4.435419999999960055e+03 9.911764860153198242e-01
4.436899999999959618e+03 9.764959216117858887e-01
4.438379999999959182e+03 1.101932287216186523e+00
4.439859999999958745e+03 1.057482242584228516e+00
4.441339999999958309e+03 9.447448849678039551e-01
4.442819999999957872e+03 1.187743306159973145e+00
4.444299999999957436e+03 1.454210758209228516e+00
4.445779999999956999e+03 1.005462408065795898e+00
4.447259999999956563e+03 8.680953383445739746e-01
4.448739999999956126e+03 9.657858610153198242e-01
4.450219999999955689e+03 1.034052848815917969e+00
4.451699999999955253e+03 1.207365870475769043e+00
4.453179999999954816e+03 1.085644960403442383e+00
4.454659999999954380e+03 9.169328808784484863e-01
4.456139999999953943e+03 9.108313322067260742e-01
4.457619999999953507e+03 1.087246656417846680e+00
4.459099999999953070e+03 1.134558558464050293e+00
4.460579999999952634e+03 1.017800211906433105e+00
4.462059999999952197e+03 1.102816343307495117e+00
4.463539999999951760e+03 1.203350782394409180e+00
4.465019999999951324e+03 1.084408521652221680e+00
4.466499999999950887e+03 1.059338331222534180e+00
4.467979999999950451e+03 1.259970903396606445e+00
4.469459999999950014e+03 1.083729624748229980e+00
4.470939999999949578e+03 1.046638965606689453e+00
4.472419999999949141e+03 1.128260612487792969e+00
4.473899999999948704e+03 1.100167632102966309e+00
4.475379999999948268e+03 1.010007023811340332e+00
4.476859999999947831e+03 8.868709802627563477e-01
4.478339999999947395e+03 1.075556159019470215e+00
4.479819999999946958e+03 1.055086731910705566e+00
4.481299999999946522e+03 1.015926361083984375e+00
4.482779999999946085e+03 1.235652565956115723e+00
4.484259999999945649e+03 1.292202949523925781e+00
4.485739999999945212e+03 1.576860427856445312e+00
4.487219999999944775e+03 8.683170676231384277e-01
4.488699999999944339e+03 8.111325502395629883e-01
4.490179999999943902e+03 8.602024912834167480e-01
4.491659999999943466e+03 1.055385708808898926e+00
4.493139999999943029e+03 1.089901566505432129e+00
4.494619999999942593e+03 1.076059222221374512e+00
4.496099999999942156e+03 9.690968990325927734e-01
4.497579999999941720e+03 1.045440673828125000e+00
4.499059999999941283e+03 9.333857297897338867e-01
4.500539999999940846e+03 8.465152382850646973e-01
4.502019999999940410e+03 1.229498386383056641e+00
4.503499999999939973e+03 1.086747646331787109e+00
4.504979999999939537e+03 9.692829847335815430e-01
4.506459999999939100e+03 9.391816854476928711e-01
4.507939999999938664e+03 1.154961347579956055e+00
4.509419999999938227e+03 9.874218702316284180e-01
4.510899999999937791e+03 9.652936458587646484e-01
4.512379999999937354e+03 1.122294545173645020e+00
4.513859999999936917e+03 1.052385449409484863e+00
4.515339999999936481e+03 9.819757342338562012e-01
4.516819999999936044e+03 1.152484178543090820e+00
4.518299999999935608e+03 1.199791193008422852e+00
4.519779999999935171e+03 8.901692628860473633e-01
4.521259999999934735e+03 9.816673994064331055e-01
4.522739999999934298e+03 1.075579047203063965e+00
4.524219999999933862e+03 1.217797040939331055e+00
4.525699999999933425e+03 1.086902976036071777e+00
4.527179999999932988e+03 1.096319556236267090e+00
4.528659999999932552e+03 1.101741790771484375e+00
4.530139999999932115e+03 1.007495641708374023e+00
4.531619999999931679e+03 1.186499357223510742e+00
4.533099999999931242e+03 1.058958172798156738e+00
4.534579999999930806e+03 1.014405250549316406e+00
4.536059999999930369e+03 9.933943748474121094e-01
4.537539999999929933e+03 1.034033060073852539e+00
4.539019999999929496e+03 1.026130676269531250e+00
4.540499999999929059e+03 1.159402132034301758e+00
4.541979999999928623e+03 1.198158502578735352e+00
4.543459999999928186e+03 1.175765752792358398e+00
4.544939999999927750e+03 1.137328505516052246e+00
4.546419999999927313e+03 1.041644811630249023e+00
4.547899999999926877e+03 1.053328275680541992e+00
4.549379999999926440e+03 1.053422927856445312e+00
4.550859999999926004e+03 1.157828688621520996e+00
4.552339999999925567e+03 1.220595955848693848e+00
4.553819999999925130e+03 1.211383581161499023e+00
4.555299999999924694e+03 1.150668621063232422e+00
4.556779999999924257e+03 1.037981510162353516e+00
4.558259999999923821e+03 1.062530994415283203e+00
4.559739999999923384e+03 1.013449788093566895e+00
4.561219999999922948e+03 9.874905943870544434e-01
4.562699999999922511e+03 1.051622271537780762e+00
4.564179999999922074e+03 9.620628356933593750e-01
4.565659999999921638e+03 1.042275786399841309e+00
4.567139999999921201e+03 1.041107058525085449e+00
4.568619999999920765e+03 1.095018386840820312e+00
4.570099999999920328e+03 1.065924048423767090e+00
4.571579999999919892e+03 1.067751169204711914e+00
4.573059999999919455e+03 1.101286411285400391e+00
4.574539999999919019e+03 1.236082673072814941e+00
4.576019999999918582e+03 1.146864295005798340e+00
4.577499999999918145e+03 1.247060179710388184e+00
4.578979999999917709e+03 1.110143899917602539e+00
4.580459999999917272e+03 1.053393840789794922e+00
4.581939999999916836e+03 1.210833787918090820e+00
4.583419999999916399e+03 1.217736124992370605e+00
4.584899999999915963e+03 1.196155667304992676e+00
4.586379999999915526e+03 1.178802967071533203e+00
4.587859999999915090e+03 8.704712986946105957e-01
4.589339999999914653e+03 1.130887746810913086e+00
4.590819999999914216e+03 1.259832739830017090e+00
4.592299999999913780e+03 1.290378928184509277e+00
4.593779999999913343e+03 1.165046453475952148e+00
4.595259999999912907e+03 1.112110972404479980e+00
4.596739999999912470e+03 1.085947036743164062e+00
4.598219999999912034e+03 1.313939690589904785e+00
4.599699999999911597e+03 1.230747222900390625e+00
4.601179999999911161e+03 1.106971979141235352e+00
4.602659999999910724e+03 1.149052381515502930e+00
4.604139999999910287e+03 1.182831645011901855e+00
4.605619999999909851e+03 1.119062900543212891e+00
4.607099999999909414e+03 1.116773962974548340e+00
4.608579999999908978e+03 1.025714993476867676e+00
4.610059999999908541e+03 1.176065444946289062e+00
4.611539999999908105e+03 1.252321600914001465e+00
4.613019999999907668e+03 1.305158138275146484e+00
4.614499999999907232e+03 1.409682035446166992e+00
4.615979999999906795e+03 1.218001127243041992e+00
4.617459999999906358e+03 1.201725602149963379e+00
4.618939999999905922e+03 1.146989107131958008e+00
4.620419999999905485e+03 1.300791144371032715e+00
4.621899999999905049e+03 1.205663681030273438e+00
4.623379999999904612e+03 1.182570219039916992e+00
4.624859999999904176e+03 1.198204278945922852e+00
4.626339999999903739e+03 1.092170596122741699e+00
4.627819999999903303e+03 1.303488850593566895e+00
4.629299999999902866e+03 1.176753520965576172e+00
4.630779999999902429e+03 1.063274860382080078e+00
4.632259999999901993e+03 1.298326849937438965e+00
4.633739999999901556e+03 1.172666549682617188e+00
4.635219999999901120e+03 1.002955079078674316e+00
4.636699999999900683e+03 1.159132003784179688e+00
4.638179999999900247e+03 9.258955121040344238e-01
4.639659999999899810e+03 1.053276538848876953e+00
4.641139999999899374e+03 1.020689129829406738e+00
4.642619999999898937e+03 1.004045128822326660e+00
4.644099999999898500e+03 1.138455867767333984e+00
4.645579999999898064e+03 1.185464501380920410e+00
4.647059999999897627e+03 1.293154954910278320e+00
4.648539999999897191e+03 1.107921361923217773e+00
4.650019999999896754e+03 1.213981032371520996e+00
4.651499999999896318e+03 1.270445227622985840e+00
4.652979999999895881e+03 1.267540335655212402e+00
4.654459999999895444e+03 1.224606037139892578e+00
4.655939999999895008e+03 1.235407948493957520e+00
4.657419999999894571e+03 1.038837075233459473e+00
4.658899999999894135e+03 1.043657422065734863e+00
4.660379999999893698e+03 1.272092223167419434e+00
4.661859999999893262e+03 1.151182174682617188e+00
4.663339999999892825e+03 1.126672387123107910e+00
4.664819999999892389e+03 1.214359045028686523e+00
4.666299999999891952e+03 1.279306769371032715e+00
4.667779999999891515e+03 1.150680780410766602e+00
4.669259999999891079e+03 1.370484471321105957e+00
4.670739999999890642e+03 1.272096395492553711e+00
4.672219999999890206e+03 1.038487434387207031e+00
4.673699999999889769e+03 1.015433549880981445e+00
4.675179999999889333e+03 1.271353840827941895e+00
4.676659999999888896e+03 1.308526277542114258e+00
4.678139999999888460e+03 1.139601826667785645e+00
4.679619999999888023e+03 1.225660920143127441e+00
4.681099999999887586e+03 1.222980856895446777e+00
4.682579999999887150e+03 1.271631598472595215e+00
4.684059999999886713e+03 1.214772343635559082e+00
4.685539999999886277e+03 1.291294932365417480e+00
4.687019999999885840e+03 1.301762580871582031e+00
4.688499999999885404e+03 1.054343819618225098e+00
4.689979999999884967e+03 1.255224823951721191e+00
4.691459999999884531e+03 1.082477688789367676e+00
4.692939999999884094e+03 1.087489604949951172e+00
4.694419999999883657e+03 1.232838869094848633e+00
4.695899999999883221e+03 1.171790480613708496e+00
4.697379999999882784e+03 1.171558260917663574e+00
4.698859999999882348e+03 1.189527630805969238e+00
4.700339999999881911e+03 1.152115464210510254e+00
4.701819999999881475e+03 1.175359368324279785e+00
4.703299999999881038e+03 1.122401595115661621e+00
4.704779999999880602e+03 1.243006706237792969e+00
4.706259999999880165e+03 1.255221843719482422e+00
4.707739999999879728e+03 1.094157099723815918e+00
4.709219999999879292e+03 1.112574100494384766e+00
4.710699999999878855e+03 1.265075325965881348e+00
4.712179999999878419e+03 1.088201642036437988e+00
4.713659999999877982e+03 1.303556323051452637e+00
4.715139999999877546e+03 1.051242709159851074e+00
4.716619999999877109e+03 1.133516907691955566e+00
4.718099999999876673e+03 1.073327302932739258e+00
4.719579999999876236e+03 1.263304591178894043e+00
4.721059999999875799e+03 1.303860783576965332e+00
4.722539999999875363e+03 1.166434645652770996e+00
4.724019999999874926e+03 1.252073764801025391e+00
4.725499999999874490e+03 1.275372624397277832e+00
4.726979999999874053e+03 1.254346728324890137e+00
4.728459999999873617e+03 1.220276236534118652e+00
4.729939999999873180e+03 1.197920441627502441e+00
4.731419999999872744e+03 1.250163435935974121e+00
4.732899999999872307e+03 1.305634140968322754e+00
4.734379999999871870e+03 1.294357895851135254e+00
4.735859999999871434e+03 1.202851533889770508e+00
4.737339999999870997e+03 1.277650713920593262e+00
4.738819999999870561e+03 1.218161940574645996e+00
4.740299999999870124e+03 1.180448174476623535e+00
4.741779999999869688e+03 1.231516361236572266e+00
4.743259999999869251e+03 1.133412003517150879e+00
4.744739999999868814e+03 1.030604839324951172e+00
4.746219999999868378e+03 1.328245282173156738e+00
4.747699999999867941e+03 1.081019997596740723e+00
4.749179999999867505e+03 1.121540904045104980e+00
4.750659999999867068e+03 1.257591843605041504e+00
4.752139999999866632e+03 1.148495078086853027e+00
4.753619999999866195e+03 1.148664593696594238e+00
4.755099999999865759e+03 1.142032980918884277e+00
4.756579999999865322e+03 1.135750889778137207e+00
4.758059999999864885e+03 1.084070086479187012e+00
4.759539999999864449e+03 1.111323356628417969e+00
4.761019999999864012e+03 1.106632351875305176e+00
4.762499999999863576e+03 1.213125109672546387e+00
4.763979999999863139e+03 1.167289853096008301e+00
4.765459999999862703e+03 1.167984962463378906e+00
4.766939999999862266e+03 1.098159074783325195e+00
4.768419999999861830e+03 1.152950644493103027e+00
4.769899999999861393e+03 1.327210545539855957e+00
4.771379999999860956e+03 1.254071950912475586e+00
4.772859999999860520e+03 1.336387991905212402e+00
4.774339999999860083e+03 1.262358903884887695e+00
4.775819999999859647e+03 1.288236975669860840e+00
4.777299999999859210e+03 1.104970097541809082e+00
4.778779999999858774e+03 1.117132902145385742e+00
4.780259999999858337e+03 1.134189128875732422e+00
4.781739999999857901e+03 1.182788014411926270e+00
4.783219999999857464e+03 1.087096571922302246e+00
4.784699999999857027e+03 1.301996469497680664e+00
4.786179999999856591e+03 1.173184037208557129e+00
4.787659999999856154e+03 1.270417690277099609e+00
4.789139999999855718e+03 1.128425836563110352e+00
4.790619999999855281e+03 1.224991798400878906e+00
4.792099999999854845e+03 1.236206173896789551e+00
4.793579999999854408e+03 1.171538233757019043e+00
4.795059999999853972e+03 1.206874608993530273e+00
4.796539999999853535e+03 1.077600240707397461e+00
4.798019999999853098e+03 1.138826966285705566e+00
4.799499999999852662e+03 1.275174975395202637e+00
4.800979999999852225e+03 1.112560868263244629e+00
4.802459999999851789e+03 1.227432012557983398e+00
4.803939999999851352e+03 1.276243448257446289e+00
4.805419999999850916e+03 1.146399140357971191e+00
4.806899999999850479e+03 1.112767219543457031e+00
4.808379999999850043e+03 1.240798950195312500e+00
4.809859999999849606e+03 1.172403335571289062e+00
4.811339999999849169e+03 1.061729073524475098e+00
4.812819999999848733e+03 1.183647274971008301e+00
4.814299999999848296e+03 9.784584641456604004e-01
4.815779999999847860e+03 1.048510789871215820e+00
4.817259999999847423e+03 1.161936998367309570e+00
4.818739999999846987e+03 1.174606919288635254e+00
4.820219999999846550e+03 1.183641433715820312e+00
4.821699999999846113e+03 1.167277455329895020e+00
4.823179999999845677e+03 1.132861614227294922e+00
4.824659999999845240e+03 1.012847423553466797e+00
4.826139999999844804e+03 1.148021936416625977e+00
4.827619999999844367e+03 1.127914786338806152e+00
4.829099999999843931e+03 1.121024727821350098e+00
4.830579999999843494e+03 1.141920208930969238e+00
4.832059999999843058e+03 1.253349423408508301e+00
4.833539999999842621e+03 1.164125084877014160e+00
4.835019999999842184e+03 1.274753808975219727e+00
4.836499999999841748e+03 1.246985793113708496e+00
4.837979999999841311e+03 1.410592675209045410e+00
4.839459999999840875e+03 1.128685235977172852e+00
4.840939999999840438e+03 1.190918684005737305e+00
4.842419999999840002e+03 1.108542323112487793e+00
4.843899999999839565e+03 1.087831854820251465e+00
4.845379999999839129e+03 1.244063735008239746e+00
4.846859999999838692e+03 1.116078376770019531e+00
4.848339999999838255e+03 1.234295248985290527e+00
4.849819999999837819e+03 1.136658072471618652e+00
4.851299999999837382e+03 1.233372688293457031e+00
4.852779999999836946e+03 1.169263243675231934e+00
4.854259999999836509e+03 1.207215905189514160e+00
4.855739999999836073e+03 1.214539408683776855e+00
4.857219999999835636e+03 1.360514283180236816e+00
4.858699999999835200e+03 1.258268237113952637e+00
4.860179999999834763e+03 1.229488492012023926e+00
4.861659999999834326e+03 1.240592718124389648e+00
4.863139999999833890e+03 1.217711210250854492e+00
4.864619999999833453e+03 1.237058043479919434e+00
4.866099999999833017e+03 1.260081529617309570e+00
4.867579999999832580e+03 1.187337517738342285e+00
4.869059999999832144e+03 1.125798821449279785e+00
4.870539999999831707e+03 1.216120481491088867e+00
4.872019999999831271e+03 1.108098626136779785e+00
4.873499999999830834e+03 1.187222242355346680e+00
4.874979999999830397e+03 1.240760922431945801e+00
4.876459999999829961e+03 1.121250510215759277e+00
4.877939999999829524e+03 1.025408744812011719e+00
4.879419999999829088e+03 1.115535259246826172e+00
4.880899999999828651e+03 1.131172776222229004e+00
4.882379999999828215e+03 1.078634738922119141e+00
4.883859999999827778e+03 1.253772377967834473e+00
4.885339999999827342e+03 1.220217585563659668e+00
4.886819999999826905e+03 1.218672275543212891e+00
4.888299999999826468e+03 1.268774628639221191e+00
4.889779999999826032e+03 1.187344908714294434e+00
4.891259999999825595e+03 1.219084382057189941e+00
4.892739999999825159e+03 1.121607184410095215e+00
4.894219999999824722e+03 1.201323390007019043e+00
4.895699999999824286e+03 1.210807085037231445e+00
4.897179999999823849e+03 1.125644326210021973e+00
4.898659999999823413e+03 1.147950768470764160e+00
4.900139999999822976e+03 1.211391091346740723e+00
4.901619999999822539e+03 1.129302859306335449e+00
4.903099999999822103e+03 1.128374695777893066e+00
4.904579999999821666e+03 1.019864916801452637e+00
4.906059999999821230e+03 1.235590457916259766e+00
4.907539999999820793e+03 1.281312108039855957e+00
4.909019999999820357e+03 1.207850933074951172e+00
4.910499999999819920e+03 1.188913464546203613e+00
4.911979999999819483e+03 1.246624112129211426e+00
4.913459999999819047e+03 1.069710969924926758e+00
4.914939999999818610e+03 1.223962664604187012e+00
4.916419999999818174e+03 1.189372897148132324e+00
4.917899999999817737e+03 1.237324118614196777e+00
4.919379999999817301e+03 1.184185504913330078e+00
4.920859999999816864e+03 1.218256354331970215e+00
4.922339999999816428e+03 1.363785028457641602e+00
4.923819999999815991e+03 1.146003007888793945e+00
4.925299999999815554e+03 1.189091205596923828e+00
4.926779999999815118e+03 1.296448111534118652e+00
4.928259999999814681e+03 1.303904891014099121e+00
4.929739999999814245e+03 1.148370027542114258e+00
4.931219999999813808e+03 1.229544878005981445e+00
4.932699999999813372e+03 1.244062900543212891e+00
4.934179999999812935e+03 1.218269348144531250e+00
4.935659999999812499e+03 1.218923926353454590e+00
4.937139999999812062e+03 1.194360733032226562e+00
4.938619999999811625e+03 1.091732263565063477e+00
4.940099999999811189e+03 1.171633720397949219e+00
4.941579999999810752e+03 1.175314426422119141e+00
4.943059999999810316e+03 1.276414513587951660e+00
4.944539999999809879e+03 1.209606170654296875e+00
4.946019999999809443e+03 1.237990856170654297e+00
4.947499999999809006e+03 1.101458907127380371e+00
4.948979999999808570e+03 1.122401118278503418e+00
4.950459999999808133e+03 1.134700417518615723e+00
4.951939999999807696e+03 1.195592522621154785e+00
4.953419999999807260e+03 1.131221771240234375e+00
4.954899999999806823e+03 1.142908334732055664e+00
4.956379999999806387e+03 1.116221308708190918e+00
4.957859999999805950e+03 1.160216212272644043e+00
4.959339999999805514e+03 1.200412869453430176e+00
4.960819999999805077e+03 1.148060202598571777e+00
4.962299999999804641e+03 1.090276837348937988e+00
4.963779999999804204e+03 1.096477985382080078e+00
4.965259999999803767e+03 1.099819302558898926e+00
4.966739999999803331e+03 1.160028457641601562e+00
4.968219999999802894e+03 1.130645155906677246e+00
4.969699999999802458e+03 9.904127120971679688e-01
4.971179999999802021e+03 9.848794341087341309e-01
4.972659999999801585e+03 9.635753035545349121e-01
4.974139999999801148e+03 1.171390295028686523e+00
4.975619999999800712e+03 2.003793954849243164e+00
4.977099999999800275e+03 2.520070791244506836e+00
4.978579999999799838e+03 1.611139416694641113e+00
4.980059999999799402e+03 1.058999896049499512e+00
4.981539999999798965e+03 9.368884563446044922e-01
4.983019999999798529e+03 1.005349397659301758e+00
4.984499999999798092e+03 1.017483115196228027e+00
4.985979999999797656e+03 1.048292756080627441e+00
4.987459999999797219e+03 1.094888448715209961e+00
4.988939999999796783e+03 1.085995435714721680e+00
4.990419999999796346e+03 1.071004867553710938e+00
4.991899999999795909e+03 1.009277224540710449e+00
4.993379999999795473e+03 1.146817684173583984e+00
4.994859999999795036e+03 1.272403240203857422e+00
4.996339999999794600e+03 1.204623937606811523e+00
4.997819999999794163e+03 1.247031211853027344e+00
4.999299999999793727e+03 1.164456963539123535e+00
5.000779999999793290e+03 1.168347358703613281e+00
5.002259999999792853e+03 1.113681793212890625e+00
5.003739999999792417e+03 1.124919533729553223e+00
5.005219999999791980e+03 1.176313757896423340e+00
5.006699999999791544e+03 1.137046694755554199e+00
5.008179999999791107e+03 1.175786018371582031e+00
5.009659999999790671e+03 1.288365602493286133e+00
5.011139999999790234e+03 1.219814538955688477e+00
5.012619999999789798e+03 1.202591776847839355e+00
5.014099999999789361e+03 1.307035923004150391e+00
5.015579999999788924e+03 1.222977399826049805e+00
5.017059999999788488e+03 1.216899752616882324e+00
5.018539999999788051e+03 1.254001140594482422e+00
5.020019999999787615e+03 1.252294421195983887e+00
5.021499999999787178e+03 1.241950750350952148e+00
5.022979999999786742e+03 1.290298581123352051e+00
5.024459999999786305e+03 1.354403018951416016e+00
5.025939999999785869e+03 1.201562881469726562e+00
5.027419999999785432e+03 1.170743107795715332e+00
5.028899999999784995e+03 1.262875676155090332e+00
5.030379999999784559e+03 1.115487217903137207e+00
5.031859999999784122e+03 1.280213952064514160e+00
5.033339999999783686e+03 1.222606658935546875e+00
5.034819999999783249e+03 1.124358654022216797e+00
5.036299999999782813e+03 1.142640352249145508e+00
5.037779999999782376e+03 1.109212636947631836e+00
5.039259999999781940e+03 1.147256493568420410e+00
5.040739999999781503e+03 1.116225600242614746e+00
5.042219999999781066e+03 1.196096420288085938e+00
5.043699999999780630e+03 1.249275207519531250e+00
5.045179999999780193e+03 1.278681993484497070e+00
5.046659999999779757e+03 1.347656965255737305e+00
5.048139999999779320e+03 1.179039239883422852e+00
5.049619999999778884e+03 1.332373857498168945e+00
5.051099999999778447e+03 1.096141338348388672e+00
5.052579999999778011e+03 1.240318775177001953e+00
5.054059999999777574e+03 1.276565074920654297e+00
5.055539999999777137e+03 1.232606291770935059e+00
5.057019999999776701e+03 1.203554630279541016e+00
5.058499999999776264e+03 1.280460238456726074e+00
5.059979999999775828e+03 1.381106376647949219e+00
5.061459999999775391e+03 1.317452430725097656e+00
5.062939999999774955e+03 1.281944632530212402e+00
5.064419999999774518e+03 1.241394281387329102e+00
5.065899999999774082e+03 1.347972393035888672e+00
5.067379999999773645e+03 1.275894761085510254e+00
5.068859999999773208e+03 1.290963888168334961e+00
5.070339999999772772e+03 1.331426858901977539e+00
5.071819999999772335e+03 1.323799252510070801e+00
5.073299999999771899e+03 1.331496477127075195e+00
5.074779999999771462e+03 1.282385468482971191e+00
5.076259999999771026e+03 1.592301845550537109e+00
5.077739999999770589e+03 1.667713761329650879e+00
5.079219999999770152e+03 1.344655036926269531e+00
5.080699999999769716e+03 1.311749219894409180e+00
5.082179999999769279e+03 1.262204766273498535e+00
5.083659999999768843e+03 1.314634203910827637e+00
5.085139999999768406e+03 1.288804650306701660e+00
5.086619999999767970e+03 1.226297259330749512e+00
5.088099999999767533e+03 1.272668838500976562e+00
5.089579999999767097e+03 1.316124916076660156e+00
5.091059999999766660e+03 1.259467601776123047e+00
5.092539999999766223e+03 1.262449145317077637e+00
5.094019999999765787e+03 1.341962933540344238e+00
5.095499999999765350e+03 1.286876082420349121e+00
5.096979999999764914e+03 1.246188998222351074e+00
5.098459999999764477e+03 1.252366900444030762e+00
5.099939999999764041e+03 1.227473616600036621e+00
5.101419999999763604e+03 1.083568930625915527e+00
5.102899999999763168e+03 1.245771646499633789e+00
5.104379999999762731e+03 1.330753684043884277e+00
5.105859999999762294e+03 1.296168446540832520e+00
5.107339999999761858e+03 1.299845457077026367e+00
5.108819999999761421e+03 1.204658150672912598e+00
5.110299999999760985e+03 1.200993418693542480e+00
5.111779999999760548e+03 1.269686937332153320e+00
5.113259999999760112e+03 1.307174324989318848e+00
5.114739999999759675e+03 1.203957676887512207e+00
5.116219999999759239e+03 1.333292603492736816e+00
5.117699999999758802e+03 1.313611865043640137e+00
5.119179999999758365e+03 1.168697237968444824e+00
5.120659999999757929e+03 1.212562680244445801e+00
5.122139999999757492e+03 1.290839910507202148e+00
5.123619999999757056e+03 1.652161955833435059e+00
5.125099999999756619e+03 2.195962429046630859e+00
5.126579999999756183e+03 2.150107145309448242e+00
5.128059999999755746e+03 1.495118260383605957e+00
5.129539999999755310e+03 1.268292188644409180e+00
5.131019999999754873e+03 1.181138396263122559e+00
5.132499999999754436e+03 1.185199141502380371e+00
5.133979999999754000e+03 1.194315314292907715e+00
5.135459999999753563e+03 1.296390652656555176e+00
5.136939999999753127e+03 1.152827262878417969e+00
5.138419999999752690e+03 1.119935989379882812e+00
5.139899999999752254e+03 1.260019183158874512e+00
5.141379999999751817e+03 1.201467394828796387e+00
5.142859999999751381e+03 1.340976476669311523e+00
5.144339999999750944e+03 1.381203889846801758e+00
5.145819999999750507e+03 1.234718203544616699e+00
5.147299999999750071e+03 1.176890373229980469e+00
5.148779999999749634e+03 1.260562658309936523e+00
5.150259999999749198e+03 1.294388532638549805e+00
5.151739999999748761e+03 1.365875363349914551e+00
5.153219999999748325e+03 1.284933686256408691e+00
5.154699999999747888e+03 1.248598575592041016e+00
5.156179999999747452e+03 1.300141096115112305e+00
5.157659999999747015e+03 1.250505089759826660e+00
5.159139999999746578e+03 1.181863665580749512e+00
5.160619999999746142e+03 1.221362590789794922e+00
5.162099999999745705e+03 1.312258601188659668e+00
5.163579999999745269e+03 1.303622007369995117e+00
5.165059999999744832e+03 1.370966672897338867e+00
5.166539999999744396e+03 1.302915930747985840e+00
5.168019999999743959e+03 1.371422886848449707e+00
5.169499999999743522e+03 1.292626738548278809e+00
5.170979999999743086e+03 1.277876734733581543e+00
5.172459999999742649e+03 1.186451673507690430e+00
5.173939999999742213e+03 1.250043034553527832e+00
5.175419999999741776e+03 1.371165752410888672e+00
5.176899999999741340e+03 1.331951141357421875e+00
5.178379999999740903e+03 1.351793050765991211e+00
5.179859999999740467e+03 1.360785961151123047e+00
5.181339999999740030e+03 1.407439589500427246e+00
5.182819999999739593e+03 1.307311534881591797e+00
5.184299999999739157e+03 1.218400597572326660e+00
5.185779999999738720e+03 1.332097291946411133e+00
5.187259999999738284e+03 1.266123890876770020e+00
5.188739999999737847e+03 1.259931445121765137e+00
5.190219999999737411e+03 1.324743151664733887e+00
5.191699999999736974e+03 1.170879125595092773e+00
5.193179999999736538e+03 1.233200907707214355e+00
5.194659999999736101e+03 1.303667426109313965e+00
5.196139999999735664e+03 1.275755167007446289e+00
5.197619999999735228e+03 1.295307397842407227e+00
5.199099999999734791e+03 1.192240953445434570e+00
5.200579999999734355e+03 1.205719113349914551e+00
5.202059999999733918e+03 1.259601950645446777e+00
5.203539999999733482e+03 1.273856401443481445e+00
5.205019999999733045e+03 1.287579536437988281e+00
5.206499999999732609e+03 1.212262272834777832e+00
5.207979999999732172e+03 1.306974172592163086e+00
5.209459999999731735e+03 1.330381393432617188e+00
5.210939999999731299e+03 1.332847595214843750e+00
5.212419999999730862e+03 1.341619133949279785e+00
5.213899999999730426e+03 1.374776721000671387e+00
5.215379999999729989e+03 1.393889784812927246e+00
5.216859999999729553e+03 1.217026710510253906e+00
5.218339999999729116e+03 1.282318949699401855e+00
5.219819999999728680e+03 1.257358074188232422e+00
5.221299999999728243e+03 1.254247426986694336e+00
5.222779999999727806e+03 1.321445345878601074e+00
5.224259999999727370e+03 1.312884330749511719e+00
5.225739999999726933e+03 1.300996780395507812e+00
5.227219999999726497e+03 1.324017763137817383e+00
5.228699999999726060e+03 1.216754674911499023e+00
5.230179999999725624e+03 1.276743650436401367e+00
5.231659999999725187e+03 1.318945050239562988e+00
5.233139999999724751e+03 1.262606501579284668e+00
5.234619999999724314e+03 1.337779998779296875e+00
5.236099999999723877e+03 1.419337749481201172e+00
5.237579999999723441e+03 1.390560030937194824e+00
5.239059999999723004e+03 1.380012035369873047e+00
5.240539999999722568e+03 1.325000166893005371e+00
5.242019999999722131e+03 1.271667361259460449e+00
5.243499999999721695e+03 1.283814907073974609e+00
5.244979999999721258e+03 1.321783065795898438e+00
5.246459999999720822e+03 1.236271023750305176e+00
5.247939999999720385e+03 1.279857993125915527e+00
5.249419999999719948e+03 1.228164911270141602e+00
5.250899999999719512e+03 1.254157781600952148e+00
5.252379999999719075e+03 1.298178434371948242e+00
5.253859999999718639e+03 1.250046253204345703e+00
5.255339999999718202e+03 1.311511516571044922e+00
5.256819999999717766e+03 1.367728590965270996e+00
5.258299999999717329e+03 1.355645537376403809e+00
5.259779999999716892e+03 1.417160272598266602e+00
5.261259999999716456e+03 1.309794545173645020e+00
5.262739999999716019e+03 1.213892102241516113e+00
5.264219999999715583e+03 1.245101094245910645e+00
5.265699999999715146e+03 1.225563406944274902e+00
5.267179999999714710e+03 1.255901813507080078e+00
5.268659999999714273e+03 1.217948675155639648e+00
5.270139999999713837e+03 1.222675561904907227e+00
5.271619999999713400e+03 1.373992681503295898e+00
5.273099999999712963e+03 1.303561568260192871e+00
5.274579999999712527e+03 1.240448355674743652e+00
5.276059999999712090e+03 1.305205106735229492e+00
5.277539999999711654e+03 1.331979632377624512e+00
5.279019999999711217e+03 1.388036370277404785e+00
5.280499999999710781e+03 1.381014347076416016e+00
5.281979999999710344e+03 1.280866503715515137e+00
5.283459999999709908e+03 1.364047765731811523e+00
5.284939999999709471e+03 1.314127802848815918e+00
5.286419999999709034e+03 1.249692201614379883e+00
5.287899999999708598e+03 1.223687767982482910e+00
5.289379999999708161e+03 1.116499066352844238e+00
5.290859999999707725e+03 1.006717562675476074e+00
5.292339999999707288e+03 1.042328834533691406e+00
5.293819999999706852e+03 1.096289634704589844e+00
5.295299999999706415e+03 1.153206586837768555e+00
5.296779999999705979e+03 1.165408968925476074e+00
5.298259999999705542e+03 1.285911917686462402e+00
5.299739999999705105e+03 1.346528887748718262e+00
5.301219999999704669e+03 1.270759224891662598e+00
5.302699999999704232e+03 1.341163396835327148e+00
5.304179999999703796e+03 1.210899472236633301e+00
5.305659999999703359e+03 1.044260263442993164e+00
5.307139999999702923e+03 1.049171805381774902e+00
5.308619999999702486e+03 1.284037947654724121e+00
5.310099999999702050e+03 1.314186453819274902e+00
5.311579999999701613e+03 1.344331026077270508e+00
5.313059999999701176e+03 1.257312536239624023e+00
5.314539999999700740e+03 1.217619776725769043e+00
5.316019999999700303e+03 1.231547594070434570e+00
5.317499999999699867e+03 1.210467576980590820e+00
5.318979999999699430e+03 1.266571998596191406e+00
5.320459999999698994e+03 1.273973226547241211e+00
5.321939999999698557e+03 1.358157992362976074e+00
5.323419999999698121e+03 1.313583850860595703e+00
5.324899999999697684e+03 1.300776362419128418e+00
5.326379999999697247e+03 1.272029280662536621e+00
5.327859999999696811e+03 1.056430816650390625e+00
5.329339999999696374e+03 1.192864894866943359e+00
5.330819999999695938e+03 1.287539124488830566e+00
5.332299999999695501e+03 1.269007802009582520e+00
5.333779999999695065e+03 1.279064893722534180e+00
5.335259999999694628e+03 1.239619731903076172e+00
5.336739999999694192e+03 1.190914988517761230e+00
5.338219999999693755e+03 1.263610839843750000e+00
5.339699999999693318e+03 1.147286176681518555e+00
5.341179999999692882e+03 1.386346817016601562e+00
5.342659999999692445e+03 1.379744648933410645e+00
5.344139999999692009e+03 1.357331871986389160e+00
5.345619999999691572e+03 1.320133447647094727e+00
5.347099999999691136e+03 1.293973922729492188e+00
5.348579999999690699e+03 1.185368180274963379e+00
5.350059999999690262e+03 1.143205881118774414e+00
5.351539999999689826e+03 1.149606108665466309e+00
5.353019999999689389e+03 1.201425075531005859e+00
5.354499999999688953e+03 1.265266895294189453e+00
5.355979999999688516e+03 1.261858224868774414e+00
5.357459999999688080e+03 1.257853031158447266e+00
5.358939999999687643e+03 1.304650425910949707e+00
5.360419999999687207e+03 1.300533890724182129e+00
5.361899999999686770e+03 1.296984195709228516e+00
5.363379999999686333e+03 1.351195693016052246e+00
5.364859999999685897e+03 1.289413690567016602e+00
5.366339999999685460e+03 1.389165043830871582e+00
5.367819999999685024e+03 1.415031194686889648e+00
5.369299999999684587e+03 1.322748303413391113e+00
5.370779999999684151e+03 1.249520778656005859e+00
5.372259999999683714e+03 1.267055153846740723e+00
5.373739999999683278e+03 1.318653821945190430e+00
5.375219999999682841e+03 1.294465184211730957e+00
5.376699999999682404e+03 1.326467514038085938e+00
5.378179999999681968e+03 1.310088992118835449e+00
5.379659999999681531e+03 1.297334074974060059e+00
5.381139999999681095e+03 1.381367802619934082e+00
5.382619999999680658e+03 1.315744161605834961e+00
5.384099999999680222e+03 1.304028749465942383e+00
5.385579999999679785e+03 1.325049042701721191e+00
5.387059999999679349e+03 1.105090975761413574e+00
5.388539999999678912e+03 1.230419397354125977e+00
5.390019999999678475e+03 1.154522180557250977e+00
5.391499999999678039e+03 1.199379563331604004e+00
5.392979999999677602e+03 1.187513589859008789e+00
5.394459999999677166e+03 1.181597352027893066e+00
5.395939999999676729e+03 1.178420662879943848e+00
5.397419999999676293e+03 1.298607230186462402e+00
5.398899999999675856e+03 1.291048884391784668e+00
5.400379999999675420e+03 1.275272846221923828e+00
5.401859999999674983e+03 1.310263633728027344e+00
5.403339999999674546e+03 1.406998991966247559e+00
5.404819999999674110e+03 1.385545253753662109e+00
5.406299999999673673e+03 1.251855254173278809e+00
5.407779999999673237e+03 1.283302307128906250e+00
5.409259999999672800e+03 1.254627823829650879e+00
5.410739999999672364e+03 1.280280947685241699e+00
5.412219999999671927e+03 1.291665434837341309e+00
5.413699999999671491e+03 1.363562345504760742e+00
5.415179999999671054e+03 1.400784492492675781e+00
5.416659999999670617e+03 1.384442925453186035e+00
5.418139999999670181e+03 1.369414091110229492e+00
5.419619999999669744e+03 1.318017363548278809e+00
5.421099999999669308e+03 1.325245499610900879e+00
5.422579999999668871e+03 1.294645309448242188e+00
5.424059999999668435e+03 1.293445944786071777e+00
5.425539999999667998e+03 1.271127700805664062e+00
5.427019999999667561e+03 1.246048212051391602e+00
5.428499999999667125e+03 1.285473346710205078e+00
5.429979999999666688e+03 1.334940195083618164e+00
5.431459999999666252e+03 1.415248990058898926e+00
5.432939999999665815e+03 1.304930448532104492e+00
5.434419999999665379e+03 1.294259309768676758e+00
5.435899999999664942e+03 1.445006966590881348e+00
5.437379999999664506e+03 1.358962655067443848e+00
5.438859999999664069e+03 1.405172228813171387e+00
5.440339999999663632e+03 1.417029857635498047e+00
5.441819999999663196e+03 1.344238281250000000e+00
5.443299999999662759e+03 1.309372305870056152e+00
5.444779999999662323e+03 1.299141407012939453e+00
5.446259999999661886e+03 1.319980144500732422e+00
5.447739999999661450e+03 1.409919619560241699e+00
5.449219999999661013e+03 1.320016384124755859e+00
5.450699999999660577e+03 1.233725547790527344e+00
5.452179999999660140e+03 1.169932007789611816e+00
5.453659999999659703e+03 1.120228290557861328e+00
5.455139999999659267e+03 1.202201724052429199e+00
5.456619999999658830e+03 1.248652219772338867e+00
5.458099999999658394e+03 1.252315878868103027e+00
5.459579999999657957e+03 1.297306180000305176e+00
5.461059999999657521e+03 1.318665027618408203e+00
5.462539999999657084e+03 1.312783479690551758e+00
5.464019999999656648e+03 1.323482275009155273e+00
5.465499999999656211e+03 1.290118336677551270e+00
5.466979999999655774e+03 1.244017601013183594e+00
5.468459999999655338e+03 1.213883757591247559e+00
5.469939999999654901e+03 1.300343990325927734e+00
5.471419999999654465e+03 1.316583633422851562e+00
5.472899999999654028e+03 1.346601366996765137e+00
5.474379999999653592e+03 1.288590192794799805e+00
5.475859999999653155e+03 1.260978579521179199e+00
5.477339999999652719e+03 1.289626598358154297e+00
5.478819999999652282e+03 1.333865880966186523e+00
5.480299999999651845e+03 1.303884744644165039e+00
5.481779999999651409e+03 1.288743495941162109e+00
5.483259999999650972e+03 1.440652847290039062e+00
5.484739999999650536e+03 1.423587560653686523e+00
5.486219999999650099e+03 1.351429700851440430e+00
5.487699999999649663e+03 1.359259605407714844e+00
5.489179999999649226e+03 1.288440585136413574e+00
5.490659999999648790e+03 1.293115258216857910e+00
5.492139999999648353e+03 1.321601390838623047e+00
5.493619999999647916e+03 1.309800148010253906e+00
5.495099999999647480e+03 1.285793781280517578e+00
5.496579999999647043e+03 1.236793756484985352e+00
5.498059999999646607e+03 1.207473754882812500e+00
5.499539999999646170e+03 1.234743356704711914e+00
5.501019999999645734e+03 1.383185982704162598e+00
5.502499999999645297e+03 1.439282298088073730e+00
5.503979999999644861e+03 1.419520974159240723e+00
5.505459999999644424e+03 1.293973326683044434e+00
5.506939999999643987e+03 1.351562619209289551e+00
5.508419999999643551e+03 1.427776694297790527e+00
5.509899999999643114e+03 1.258491039276123047e+00
5.511379999999642678e+03 1.268092870712280273e+00
5.512859999999642241e+03 1.369240760803222656e+00
5.514339999999641805e+03 1.338688731193542480e+00
5.515819999999641368e+03 1.235383391380310059e+00
5.517299999999640931e+03 1.276818871498107910e+00
5.518779999999640495e+03 1.309558868408203125e+00
5.520259999999640058e+03 1.244607090950012207e+00
5.521739999999639622e+03 1.235636949539184570e+00
5.523219999999639185e+03 1.255460619926452637e+00
5.524699999999638749e+03 1.247057557106018066e+00
5.526179999999638312e+03 1.287006020545959473e+00
5.527659999999637876e+03 1.294775605201721191e+00
5.529139999999637439e+03 1.331871271133422852e+00
5.530619999999637002e+03 1.273431420326232910e+00
5.532099999999636566e+03 1.262385725975036621e+00
5.533579999999636129e+03 1.265065312385559082e+00
5.535059999999635693e+03 1.221529006958007812e+00
5.536539999999635256e+03 1.238614916801452637e+00
5.538019999999634820e+03 1.248262763023376465e+00
5.539499999999634383e+03 1.212134718894958496e+00
5.540979999999633947e+03 1.251251459121704102e+00
5.542459999999633510e+03 1.328962206840515137e+00
5.543939999999633073e+03 1.293035149574279785e+00
5.545419999999632637e+03 1.330312252044677734e+00
5.546899999999632200e+03 1.344169974327087402e+00
5.548379999999631764e+03 1.355924844741821289e+00
5.549859999999631327e+03 1.303583860397338867e+00
5.551339999999630891e+03 1.275986909866333008e+00
5.552819999999630454e+03 1.267601370811462402e+00
5.554299999999630018e+03 1.276153087615966797e+00
5.555779999999629581e+03 1.313807606697082520e+00
5.557259999999629144e+03 1.237252116203308105e+00
5.558739999999628708e+03 1.277339458465576172e+00
5.560219999999628271e+03 1.261920213699340820e+00
5.561699999999627835e+03 1.228475332260131836e+00
5.563179999999627398e+03 1.299151420593261719e+00
5.564659999999626962e+03 1.279334068298339844e+00
5.566139999999626525e+03 1.175933718681335449e+00
5.567619999999626089e+03 1.399101257324218750e+00
5.569099999999625652e+03 1.369404911994934082e+00
5.570579999999625215e+03 1.428645133972167969e+00
5.572059999999624779e+03 1.339574694633483887e+00
5.573539999999624342e+03 1.305188536643981934e+00
5.575019999999623906e+03 1.093193054199218750e+00
5.576499999999623469e+03 1.384104490280151367e+00
5.577979999999623033e+03 1.384506225585937500e+00
5.579459999999622596e+03 1.164933085441589355e+00
5.580939999999622160e+03 1.311095595359802246e+00
5.582419999999621723e+03 1.293165445327758789e+00
5.583899999999621286e+03 1.223134636878967285e+00
5.585379999999620850e+03 1.210657477378845215e+00
5.586859999999620413e+03 1.332577824592590332e+00
5.588339999999619977e+03 1.329429149627685547e+00
5.589819999999619540e+03 1.297393321990966797e+00
5.591299999999619104e+03 1.301791191101074219e+00
5.592779999999618667e+03 1.284197568893432617e+00
5.594259999999618231e+03 1.222550153732299805e+00
5.595739999999617794e+03 1.307298064231872559e+00
5.597219999999617357e+03 1.324802994728088379e+00
5.598699999999616921e+03 1.275762557983398438e+00
5.600179999999616484e+03 1.302271246910095215e+00
5.601659999999616048e+03 1.319960474967956543e+00
5.603139999999615611e+03 1.273101568222045898e+00
5.604619999999615175e+03 1.311641693115234375e+00
5.606099999999614738e+03 1.221814155578613281e+00
5.607579999999614301e+03 1.186701416969299316e+00
5.609059999999613865e+03 1.233633518218994141e+00
5.610539999999613428e+03 1.227775931358337402e+00
5.612019999999612992e+03 1.266487598419189453e+00
5.613499999999612555e+03 1.282849073410034180e+00
5.614979999999612119e+03 1.271102786064147949e+00
5.616459999999611682e+03 1.257573246955871582e+00
5.617939999999611246e+03 1.163917422294616699e+00
5.619419999999610809e+03 1.227157950401306152e+00
5.620899999999610372e+03 1.236861348152160645e+00
5.622379999999609936e+03 1.250172853469848633e+00
5.623859999999609499e+03 1.294927239418029785e+00
5.625339999999609063e+03 1.301515698432922363e+00
5.626819999999608626e+03 1.324693679809570312e+00
5.628299999999608190e+03 1.269268512725830078e+00
5.629779999999607753e+03 1.309124112129211426e+00
5.631259999999607317e+03 1.340982913970947266e+00
5.632739999999606880e+03 1.250392675399780273e+00
5.634219999999606443e+03 1.237992405891418457e+00
5.635699999999606007e+03 1.293452382087707520e+00
5.637179999999605570e+03 1.295472025871276855e+00
5.638659999999605134e+03 1.327215075492858887e+00
5.640139999999604697e+03 1.346558570861816406e+00
5.641619999999604261e+03 1.281906485557556152e+00
5.643099999999603824e+03 1.250389337539672852e+00
5.644579999999603388e+03 1.275387525558471680e+00
5.646059999999602951e+03 1.287041068077087402e+00
5.647539999999602514e+03 1.264867663383483887e+00
5.649019999999602078e+03 1.312580347061157227e+00
5.650499999999601641e+03 1.266442656517028809e+00
5.651979999999601205e+03 1.301440119743347168e+00
5.653459999999600768e+03 1.342395782470703125e+00
5.654939999999600332e+03 1.277846217155456543e+00
5.656419999999599895e+03 1.248431801795959473e+00
5.657899999999599459e+03 1.283103585243225098e+00
5.659379999999599022e+03 1.262904405593872070e+00
5.660859999999598585e+03 1.185539364814758301e+00
5.662339999999598149e+03 1.271482825279235840e+00
5.663819999999597712e+03 1.261757612228393555e+00
5.665299999999597276e+03 1.280328869819641113e+00
5.666779999999596839e+03 1.261576414108276367e+00
5.668259999999596403e+03 1.257646203041076660e+00
5.669739999999595966e+03 1.261957406997680664e+00
5.671219999999595530e+03 1.261566281318664551e+00
5.672699999999595093e+03 1.277655243873596191e+00
5.674179999999594656e+03 1.304608106613159180e+00
5.675659999999594220e+03 1.255399584770202637e+00
5.677139999999593783e+03 1.248653411865234375e+00
5.678619999999593347e+03 1.273689150810241699e+00
5.680099999999592910e+03 1.367019891738891602e+00
5.681579999999592474e+03 1.388136744499206543e+00
5.683059999999592037e+03 1.351318597793579102e+00
5.684539999999591600e+03 1.290248513221740723e+00
5.686019999999591164e+03 1.290458798408508301e+00
5.687499999999590727e+03 1.262510895729064941e+00
5.688979999999590291e+03 1.260912060737609863e+00
5.690459999999589854e+03 1.332797288894653320e+00
5.691939999999589418e+03 1.263745427131652832e+00
5.693419999999588981e+03 1.284046411514282227e+00
5.694899999999588545e+03 1.301891088485717773e+00
5.696379999999588108e+03 1.327358722686767578e+00
5.697859999999587671e+03 1.281130552291870117e+00
5.699339999999587235e+03 1.279309034347534180e+00
5.700819999999586798e+03 1.326615452766418457e+00
5.702299999999586362e+03 1.266586184501647949e+00
5.703779999999585925e+03 1.245843410491943359e+00
5.705259999999585489e+03 1.262379050254821777e+00
5.706739999999585052e+03 1.287792205810546875e+00
5.708219999999584616e+03 1.257843971252441406e+00
5.709699999999584179e+03 1.260199069976806641e+00
5.711179999999583742e+03 1.229080080986022949e+00
5.712659999999583306e+03 1.314722299575805664e+00
5.714139999999582869e+03 1.302443027496337891e+00
5.715619999999582433e+03 1.375965952873229980e+00
5.717099999999581996e+03 1.278419256210327148e+00
5.718579999999581560e+03 1.270430803298950195e+00
5.720059999999581123e+03 1.270206093788146973e+00
5.721539999999580687e+03 1.294111132621765137e+00
5.723019999999580250e+03 1.175818085670471191e+00
5.724499999999579813e+03 1.143647551536560059e+00
5.725979999999579377e+03 1.238301515579223633e+00
5.727459999999578940e+03 1.279850006103515625e+00
5.728939999999578504e+03 1.249088287353515625e+00
5.730419999999578067e+03 1.292464494705200195e+00
5.731899999999577631e+03 1.256813049316406250e+00
5.733379999999577194e+03 1.231290817260742188e+00
5.734859999999576758e+03 1.219088554382324219e+00
5.736339999999576321e+03 1.243910431861877441e+00
5.737819999999575884e+03 1.317001700401306152e+00
5.739299999999575448e+03 1.299994111061096191e+00
5.740779999999575011e+03 1.290615677833557129e+00
5.742259999999574575e+03 1.296677947044372559e+00
5.743739999999574138e+03 1.276490092277526855e+00
5.745219999999573702e+03 1.336532115936279297e+00
5.746699999999573265e+03 1.339445710182189941e+00
5.748179999999572829e+03 1.247018337249755859e+00
5.749659999999572392e+03 1.257883429527282715e+00
5.751139999999571955e+03 1.276999831199645996e+00
5.752619999999571519e+03 1.308250308036804199e+00
5.754099999999571082e+03 1.247779846191406250e+00
5.755579999999570646e+03 1.296139836311340332e+00
5.757059999999570209e+03 1.236180901527404785e+00
5.758539999999569773e+03 1.267129659652709961e+00
5.760019999999569336e+03 1.280825853347778320e+00
5.761499999999568900e+03 1.253656387329101562e+00
5.762979999999568463e+03 1.287804603576660156e+00
5.764459999999568026e+03 1.243379473686218262e+00
5.765939999999567590e+03 1.296214699745178223e+00
5.767419999999567153e+03 1.304336428642272949e+00
5.768899999999566717e+03 1.270373344421386719e+00
5.770379999999566280e+03 1.232559800148010254e+00
5.771859999999565844e+03 1.264936566352844238e+00
5.773339999999565407e+03 1.254238963127136230e+00
5.774819999999564970e+03 1.301432847976684570e+00
5.776299999999564534e+03 1.359686970710754395e+00
5.777779999999564097e+03 1.281194567680358887e+00
5.779259999999563661e+03 1.232887744903564453e+00
5.780739999999563224e+03 1.265655755996704102e+00
5.782219999999562788e+03 1.273773074150085449e+00
5.783699999999562351e+03 1.233229756355285645e+00
5.785179999999561915e+03 1.202640771865844727e+00
5.786659999999561478e+03 1.277536869049072266e+00
5.788139999999561041e+03 1.289275407791137695e+00
5.789619999999560605e+03 1.272859096527099609e+00
5.791099999999560168e+03 1.193926572799682617e+00
5.792579999999559732e+03 1.142019271850585938e+00
5.794059999999559295e+03 1.243388772010803223e+00
5.795539999999558859e+03 1.266474962234497070e+00
5.797019999999558422e+03 1.219904541969299316e+00
5.798499999999557986e+03 1.181298255920410156e+00
5.799979999999557549e+03 1.231901049613952637e+00
5.801459999999557112e+03 1.259790539741516113e+00
5.802939999999556676e+03 1.276329994201660156e+00
5.804419999999556239e+03 1.253235697746276855e+00
5.805899999999555803e+03 1.238168835639953613e+00
5.807379999999555366e+03 1.277428746223449707e+00
5.808859999999554930e+03 1.307404994964599609e+00
5.810339999999554493e+03 1.286709547042846680e+00
5.811819999999554057e+03 1.285426855087280273e+00
5.813299999999553620e+03 1.249998092651367188e+00
5.814779999999553183e+03 1.223832249641418457e+00
5.816259999999552747e+03 1.198575854301452637e+00
5.817739999999552310e+03 1.266420960426330566e+00
5.819219999999551874e+03 1.277127385139465332e+00
5.820699999999551437e+03 1.257184982299804688e+00
5.822179999999551001e+03 1.295058846473693848e+00
5.823659999999550564e+03 1.277071475982666016e+00
5.825139999999550128e+03 1.217575788497924805e+00
5.826619999999549691e+03 1.258396983146667480e+00
5.828099999999549254e+03 1.337058186531066895e+00
5.829579999999548818e+03 1.325345754623413086e+00
5.831059999999548381e+03 1.293123006820678711e+00
5.832539999999547945e+03 1.246108770370483398e+00
5.834019999999547508e+03 1.196944117546081543e+00
5.835499999999547072e+03 1.221006274223327637e+00
5.836979999999546635e+03 1.202179789543151855e+00
5.838459999999546199e+03 1.230859875679016113e+00
5.839939999999545762e+03 1.174684166908264160e+00
5.841419999999545325e+03 1.203369617462158203e+00
5.842899999999544889e+03 1.243946790695190430e+00
5.844379999999544452e+03 1.165926694869995117e+00
5.845859999999544016e+03 1.236919164657592773e+00
5.847339999999543579e+03 1.246122121810913086e+00
5.848819999999543143e+03 1.281859397888183594e+00
5.850299999999542706e+03 1.319792032241821289e+00
5.851779999999542270e+03 1.292781710624694824e+00
5.853259999999541833e+03 1.298048138618469238e+00
5.854739999999541396e+03 1.291525363922119141e+00
5.856219999999540960e+03 1.284705996513366699e+00
5.857699999999540523e+03 1.265537381172180176e+00
5.859179999999540087e+03 1.391263842582702637e+00
5.860659999999539650e+03 1.450931787490844727e+00
5.862139999999539214e+03 1.351861834526062012e+00
5.863619999999538777e+03 1.250311136245727539e+00
5.865099999999538340e+03 1.251622319221496582e+00
5.866579999999537904e+03 1.278182744979858398e+00
5.868059999999537467e+03 1.321280360221862793e+00
5.869539999999537031e+03 1.344025135040283203e+00
5.871019999999536594e+03 1.330442309379577637e+00
5.872499999999536158e+03 1.350354433059692383e+00
5.873979999999535721e+03 1.370789289474487305e+00
5.875459999999535285e+03 1.354480385780334473e+00
5.876939999999534848e+03 1.288416385650634766e+00
5.878419999999534411e+03 1.331614255905151367e+00
5.879899999999533975e+03 1.363001465797424316e+00
5.881379999999533538e+03 1.353425741195678711e+00
5.882859999999533102e+03 1.315718293190002441e+00
5.884339999999532665e+03 1.239841699600219727e+00
5.885819999999532229e+03 1.261091947555541992e+00
5.887299999999531792e+03 1.256137490272521973e+00
5.888779999999531356e+03 1.296627044677734375e+00
5.890259999999530919e+03 1.356235027313232422e+00
5.891739999999530482e+03 1.332158803939819336e+00
5.893219999999530046e+03 1.308405041694641113e+00
5.894699999999529609e+03 1.275524377822875977e+00
5.896179999999529173e+03 1.295054078102111816e+00
5.897659999999528736e+03 1.300557017326354980e+00
5.899139999999528300e+03 1.280915379524230957e+00
5.900619999999527863e+03 1.290866017341613770e+00
5.902099999999527427e+03 1.298514008522033691e+00
5.903579999999526990e+03 1.328203320503234863e+00
5.905059999999526553e+03 1.326810121536254883e+00
5.906539999999526117e+03 1.300796627998352051e+00
5.908019999999525680e+03 1.293196082115173340e+00
5.909499999999525244e+03 1.303745150566101074e+00
5.910979999999524807e+03 1.256329178810119629e+00
5.912459999999524371e+03 1.291640996932983398e+00
5.913939999999523934e+03 1.349567890167236328e+00
5.915419999999523498e+03 1.273615717887878418e+00
5.916899999999523061e+03 1.261090993881225586e+00
5.918379999999522624e+03 1.240429520606994629e+00
5.919859999999522188e+03 1.103016018867492676e+00
5.921339999999521751e+03 1.157887697219848633e+00
5.922819999999521315e+03 1.295564651489257812e+00
5.924299999999520878e+03 1.257471084594726562e+00
5.925779999999520442e+03 1.320126414299011230e+00
5.927259999999520005e+03 1.278503775596618652e+00
5.928739999999519569e+03 1.239663839340209961e+00
5.930219999999519132e+03 1.242152452468872070e+00
5.931699999999518695e+03 1.230736851692199707e+00
5.933179999999518259e+03 1.297503948211669922e+00
5.934659999999517822e+03 1.336412787437438965e+00
5.936139999999517386e+03 1.302030324935913086e+00
5.937619999999516949e+03 1.303069114685058594e+00
5.939099999999516513e+03 1.363121986389160156e+00
5.940579999999516076e+03 1.316289782524108887e+00
5.942059999999515640e+03 1.309552907943725586e+00
5.943539999999515203e+03 1.319222807884216309e+00
5.945019999999514766e+03 1.282668590545654297e+00
5.946499999999514330e+03 1.282114028930664062e+00
5.947979999999513893e+03 1.253842234611511230e+00
5.949459999999513457e+03 1.359391093254089355e+00
5.950939999999513020e+03 1.306348085403442383e+00
5.952419999999512584e+03 1.301444888114929199e+00
5.953899999999512147e+03 1.349453449249267578e+00
5.955379999999511710e+03 1.236618399620056152e+00
5.956859999999511274e+03 1.292489171028137207e+00
5.958339999999510837e+03 1.321483612060546875e+00
5.959819999999510401e+03 1.317976832389831543e+00
5.961299999999509964e+03 1.304057121276855469e+00
5.962779999999509528e+03 1.353863477706909180e+00
5.964259999999509091e+03 1.333105206489562988e+00
5.965739999999508655e+03 1.280212521553039551e+00
5.967219999999508218e+03 1.283030629158020020e+00
5.968699999999507781e+03 1.277309417724609375e+00
5.970179999999507345e+03 1.285784006118774414e+00
5.971659999999506908e+03 1.299867153167724609e+00
5.973139999999506472e+03 1.371178507804870605e+00
5.974619999999506035e+03 1.353946805000305176e+00
5.976099999999505599e+03 1.304076910018920898e+00
5.977579999999505162e+03 1.327184200286865234e+00
5.979059999999504726e+03 1.323463201522827148e+00
5.980539999999504289e+03 1.271464109420776367e+00
5.982019999999503852e+03 1.251072287559509277e+00
5.983499999999503416e+03 1.293548107147216797e+00
5.984979999999502979e+03 1.329715609550476074e+00
5.986459999999502543e+03 1.277611017227172852e+00
5.987939999999502106e+03 1.239603281021118164e+00
5.989419999999501670e+03 1.287737607955932617e+00
5.990899999999501233e+03 1.245129823684692383e+00
5.992379999999500797e+03 1.253668904304504395e+00
5.993859999999500360e+03 1.239504098892211914e+00
5.995339999999499923e+03 1.167413353919982910e+00
5.996819999999499487e+03 1.226831197738647461e+00
5.998299999999499050e+03 1.254163146018981934e+00
5.999779999999498614e+03 1.235311746597290039e+00
6.001259999999498177e+03 1.235331535339355469e+00
6.002739999999497741e+03 1.276621818542480469e+00
6.004219999999497304e+03 1.311577916145324707e+00
6.005699999999496868e+03 1.321190118789672852e+00
6.007179999999496431e+03 1.306913971900939941e+00
6.008659999999495994e+03 1.324000000953674316e+00
6.010139999999495558e+03 1.348722100257873535e+00
6.011619999999495121e+03 1.267459034919738770e+00
6.013099999999494685e+03 1.320124149322509766e+00
6.014579999999494248e+03 1.433281183242797852e+00
6.016059999999493812e+03 1.412791490554809570e+00
6.017539999999493375e+03 1.294554948806762695e+00
6.019019999999492939e+03 1.257943153381347656e+00
6.020499999999492502e+03 1.241022825241088867e+00
6.021979999999492065e+03 1.224962353706359863e+00
6.023459999999491629e+03 1.271717667579650879e+00
6.024939999999491192e+03 1.230703473091125488e+00
6.026419999999490756e+03 1.234090924263000488e+00
6.027899999999490319e+03 1.167836189270019531e+00
6.029379999999489883e+03 1.139957904815673828e+00
6.030859999999489446e+03 1.155886411666870117e+00
6.032339999999489009e+03 1.095646381378173828e+00
6.033819999999488573e+03 1.134128212928771973e+00
6.035299999999488136e+03 1.161319017410278320e+00
6.036779999999487700e+03 1.176273465156555176e+00
6.038259999999487263e+03 1.180662751197814941e+00
6.039739999999486827e+03 1.175640821456909180e+00
6.041219999999486390e+03 1.219877719879150391e+00
6.042699999999485954e+03 1.316498041152954102e+00
6.044179999999485517e+03 1.210191369056701660e+00
6.045659999999485080e+03 1.290178537368774414e+00
6.047139999999484644e+03 1.260129332542419434e+00
6.048619999999484207e+03 1.181001901626586914e+00
6.050099999999483771e+03 1.297384142875671387e+00
6.051579999999483334e+03 1.292434692382812500e+00
6.053059999999482898e+03 1.202033996582031250e+00
6.054539999999482461e+03 1.178669095039367676e+00
6.056019999999482025e+03 1.244591474533081055e+00
6.057499999999481588e+03 1.218271374702453613e+00
6.058979999999481151e+03 1.270601511001586914e+00
6.060459999999480715e+03 1.316508889198303223e+00
6.061939999999480278e+03 1.323105454444885254e+00
6.063419999999479842e+03 1.296658873558044434e+00
6.064899999999479405e+03 1.267780542373657227e+00
6.066379999999478969e+03 1.195943474769592285e+00
6.067859999999478532e+03 1.231833219528198242e+00
6.069339999999478096e+03 1.278107643127441406e+00
6.070819999999477659e+03 1.207447171211242676e+00
6.072299999999477222e+03 1.191644787788391113e+00
6.073779999999476786e+03 1.265332221984863281e+00
6.075259999999476349e+03 1.316390872001647949e+00
6.076739999999475913e+03 1.253657102584838867e+00
6.078219999999475476e+03 1.240356802940368652e+00
6.079699999999475040e+03 1.288712263107299805e+00
6.081179999999474603e+03 1.277834773063659668e+00
6.082659999999474167e+03 1.235963821411132812e+00
6.084139999999473730e+03 1.231882929801940918e+00
6.085619999999473293e+03 1.270691514015197754e+00
6.087099999999472857e+03 1.313763022422790527e+00
6.088579999999472420e+03 1.273836612701416016e+00
6.090059999999471984e+03 1.195576906204223633e+00
6.091539999999471547e+03 1.222836494445800781e+00
6.093019999999471111e+03 1.252683162689208984e+00
6.094499999999470674e+03 1.221772193908691406e+00
6.095979999999470238e+03 1.191747426986694336e+00
6.097459999999469801e+03 1.240885496139526367e+00
6.098939999999469364e+03 1.260880708694458008e+00
6.100419999999468928e+03 1.260207414627075195e+00
6.101899999999468491e+03 1.273402571678161621e+00
6.103379999999468055e+03 1.280367612838745117e+00
6.104859999999467618e+03 1.228951454162597656e+00
6.106339999999467182e+03 1.348100304603576660e+00
6.107819999999466745e+03 1.254565477371215820e+00
6.109299999999466309e+03 1.229139328002929688e+00
6.110779999999465872e+03 1.303388118743896484e+00
6.112259999999465435e+03 1.293715238571166992e+00
6.113739999999464999e+03 1.343130707740783691e+00
6.115219999999464562e+03 1.353425145149230957e+00
6.116699999999464126e+03 1.268332481384277344e+00
6.118179999999463689e+03 1.207321524620056152e+00
6.119659999999463253e+03 1.245950460433959961e+00
6.121139999999462816e+03 1.249594926834106445e+00
6.122619999999462379e+03 1.296465992927551270e+00
6.124099999999461943e+03 1.274988651275634766e+00
6.125579999999461506e+03 1.250621199607849121e+00
6.127059999999461070e+03 1.260783791542053223e+00
6.128539999999460633e+03 1.196644186973571777e+00
6.130019999999460197e+03 1.200184941291809082e+00
6.131499999999459760e+03 1.229802727699279785e+00
6.132979999999459324e+03 1.185156941413879395e+00
6.134459999999458887e+03 1.248430967330932617e+00
6.135939999999458450e+03 1.283392429351806641e+00
6.137419999999458014e+03 1.241817712783813477e+00
6.138899999999457577e+03 1.280013918876647949e+00
6.140379999999457141e+03 1.222807049751281738e+00
6.141859999999456704e+03 1.214517354965209961e+00
6.143339999999456268e+03 1.233160138130187988e+00
6.144819999999455831e+03 1.271924972534179688e+00
6.146299999999455395e+03 1.296816825866699219e+00
6.147779999999454958e+03 1.237317681312561035e+00
6.149259999999454521e+03 1.203531861305236816e+00
6.150739999999454085e+03 1.193735122680664062e+00
6.152219999999453648e+03 1.195224165916442871e+00
6.153699999999453212e+03 1.226669549942016602e+00
6.155179999999452775e+03 1.188008308410644531e+00
6.156659999999452339e+03 1.177521467208862305e+00
6.158139999999451902e+03 1.264163851737976074e+00
6.159619999999451466e+03 1.228756546974182129e+00
6.161099999999451029e+03 1.212891817092895508e+00
6.162579999999450592e+03 1.196912407875061035e+00
6.164059999999450156e+03 1.167805790901184082e+00
6.165539999999449719e+03 1.237263083457946777e+00
6.167019999999449283e+03 1.290666103363037109e+00
6.168499999999448846e+03 1.275811553001403809e+00
6.169979999999448410e+03 1.264792680740356445e+00
6.171459999999447973e+03 1.316012501716613770e+00
6.172939999999447537e+03 1.273024559020996094e+00
6.174419999999447100e+03 1.306802868843078613e+00
6.175899999999446663e+03 1.250550150871276855e+00
6.177379999999446227e+03 1.325314998626708984e+00
6.178859999999445790e+03 1.314501643180847168e+00
6.180339999999445354e+03 1.284278512001037598e+00
6.181819999999444917e+03 1.217203974723815918e+00
6.183299999999444481e+03 1.277244567871093750e+00
6.184779999999444044e+03 1.181784152984619141e+00
6.186259999999443608e+03 1.284781694412231445e+00
6.187739999999443171e+03 1.256232261657714844e+00
6.189219999999442734e+03 1.278037667274475098e+00
6.190699999999442298e+03 1.282704472541809082e+00
6.192179999999441861e+03 1.278635382652282715e+00
6.193659999999441425e+03 1.238082647323608398e+00
6.195139999999440988e+03 1.262611865997314453e+00
6.196619999999440552e+03 1.250363707542419434e+00
6.198099999999440115e+03 1.254163622856140137e+00
6.199579999999439679e+03 1.197131991386413574e+00
6.201059999999439242e+03 1.175032854080200195e+00
6.202539999999438805e+03 1.259441733360290527e+00
6.204019999999438369e+03 1.248612880706787109e+00
6.205499999999437932e+03 1.207856893539428711e+00
6.206979999999437496e+03 1.241181492805480957e+00
6.208459999999437059e+03 1.217609405517578125e+00
6.209939999999436623e+03 1.223984718322753906e+00
6.211419999999436186e+03 1.309328556060791016e+00
6.212899999999435749e+03 1.315911531448364258e+00
6.214379999999435313e+03 1.312249779701232910e+00
6.215859999999434876e+03 1.274881839752197266e+00
6.217339999999434440e+03 1.234070777893066406e+00
6.218819999999434003e+03 1.196130990982055664e+00
6.220299999999433567e+03 1.212109804153442383e+00
6.221779999999433130e+03 1.281955480575561523e+00
6.223259999999432694e+03 1.240533590316772461e+00
6.224739999999432257e+03 1.239263057708740234e+00
6.226219999999431820e+03 1.246219992637634277e+00
6.227699999999431384e+03 1.290756344795227051e+00
6.229179999999430947e+03 1.213472485542297363e+00
6.230659999999430511e+03 1.267207860946655273e+00
6.232139999999430074e+03 1.192641258239746094e+00
6.233619999999429638e+03 1.192247867584228516e+00
6.235099999999429201e+03 1.318651676177978516e+00
6.236579999999428765e+03 1.275080084800720215e+00
6.238059999999428328e+03 1.243093490600585938e+00
6.239539999999427891e+03 1.243428945541381836e+00
6.241019999999427455e+03 1.305937528610229492e+00
6.242499999999427018e+03 1.226952075958251953e+00
6.243979999999426582e+03 1.264212608337402344e+00
6.245459999999426145e+03 1.252417087554931641e+00
6.246939999999425709e+03 1.179354667663574219e+00
6.248419999999425272e+03 1.152757644653320312e+00
6.249899999999424836e+03 1.196537137031555176e+00
6.251379999999424399e+03 1.264478921890258789e+00
6.252859999999423962e+03 1.300929784774780273e+00
6.254339999999423526e+03 1.235627889633178711e+00
6.255819999999423089e+03 1.254189491271972656e+00
6.257299999999422653e+03 1.315265774726867676e+00
6.258779999999422216e+03 1.269960641860961914e+00
6.260259999999421780e+03 1.252849698066711426e+00
6.261739999999421343e+03 1.231158018112182617e+00
6.263219999999420907e+03 1.187937140464782715e+00
6.264699999999420470e+03 1.211844682693481445e+00
6.266179999999420033e+03 1.176178932189941406e+00
6.267659999999419597e+03 1.212044000625610352e+00
6.269139999999419160e+03 1.261136412620544434e+00
6.270619999999418724e+03 1.261780023574829102e+00
6.272099999999418287e+03 1.276103973388671875e+00
6.273579999999417851e+03 1.207206487655639648e+00
6.275059999999417414e+03 1.188384652137756348e+00
6.276539999999416978e+03 1.160445451736450195e+00
6.278019999999416541e+03 1.142299175262451172e+00
6.279499999999416104e+03 1.186439514160156250e+00
6.280979999999415668e+03 1.166181683540344238e+00
6.282459999999415231e+03 1.123417735099792480e+00
6.283939999999414795e+03 1.111886382102966309e+00
6.285419999999414358e+03 1.141531467437744141e+00
6.286899999999413922e+03 1.249624848365783691e+00
6.288379999999413485e+03 1.233716011047363281e+00
6.289859999999413048e+03 1.210965156555175781e+00
6.291339999999412612e+03 1.218586444854736328e+00
6.292819999999412175e+03 1.189941167831420898e+00
6.294299999999411739e+03 1.173800230026245117e+00
6.295779999999411302e+03 1.157764673233032227e+00
6.297259999999410866e+03 1.011767029762268066e+00
6.298739999999410429e+03 1.192458987236022949e+00
6.300219999999409993e+03 1.394618511199951172e+00
6.301699999999409556e+03 1.200992703437805176e+00
6.303179999999409119e+03 1.128075838088989258e+00
6.304659999999408683e+03 1.209273099899291992e+00
6.306139999999408246e+03 1.206762194633483887e+00
6.307619999999407810e+03 1.189612507820129395e+00
6.309099999999407373e+03 1.117969274520874023e+00
6.310579999999406937e+03 1.072473883628845215e+00
6.312059999999406500e+03 1.130660891532897949e+00
6.313539999999406064e+03 1.188347458839416504e+00
6.315019999999405627e+03 1.181096673011779785e+00
6.316499999999405190e+03 1.114688873291015625e+00
6.317979999999404754e+03 1.130107641220092773e+00
6.319459999999404317e+03 1.214728116989135742e+00
6.320939999999403881e+03 1.195904731750488281e+00
6.322419999999403444e+03 1.231335997581481934e+00
6.323899999999403008e+03 1.280684232711791992e+00
6.325379999999402571e+03 1.159201860427856445e+00
6.326859999999402135e+03 1.246123909950256348e+00
6.328339999999401698e+03 1.199865579605102539e+00
6.329819999999401261e+03 1.179087162017822266e+00
6.331299999999400825e+03 1.192887544631958008e+00
6.332779999999400388e+03 1.198421001434326172e+00
6.334259999999399952e+03 1.192824602127075195e+00
6.335739999999399515e+03 1.160853028297424316e+00
6.337219999999399079e+03 1.153490185737609863e+00
6.338699999999398642e+03 1.125080227851867676e+00
6.340179999999398206e+03 1.196337699890136719e+00
6.341659999999397769e+03 1.266526222229003906e+00
6.343139999999397332e+03 1.210147261619567871e+00
6.344619999999396896e+03 1.206038475036621094e+00
6.346099999999396459e+03 1.171463608741760254e+00
6.347579999999396023e+03 1.168628096580505371e+00
6.349059999999395586e+03 1.214259028434753418e+00
6.350539999999395150e+03 1.274950265884399414e+00
6.352019999999394713e+03 1.247809410095214844e+00
6.353499999999394277e+03 1.203781008720397949e+00
6.354979999999393840e+03 1.200819373130798340e+00
6.356459999999393403e+03 1.190613865852355957e+00
6.357939999999392967e+03 1.238890767097473145e+00
6.359419999999392530e+03 1.196220636367797852e+00
6.360899999999392094e+03 1.116521477699279785e+00
6.362379999999391657e+03 1.184735894203186035e+00
6.363859999999391221e+03 1.237040400505065918e+00
6.365339999999390784e+03 1.219889283180236816e+00
6.366819999999390348e+03 1.219865083694458008e+00
6.368299999999389911e+03 1.156475424766540527e+00
6.369779999999389474e+03 1.150426268577575684e+00
6.371259999999389038e+03 1.171555757522583008e+00
6.372739999999388601e+03 1.163603186607360840e+00
6.374219999999388165e+03 1.205309629440307617e+00
6.375699999999387728e+03 1.179729938507080078e+00
6.377179999999387292e+03 1.202573180198669434e+00
6.378659999999386855e+03 1.142636418342590332e+00
6.380139999999386418e+03 1.127832531929016113e+00
6.381619999999385982e+03 1.141409635543823242e+00
6.383099999999385545e+03 1.155472636222839355e+00
6.384579999999385109e+03 1.194472670555114746e+00
6.386059999999384672e+03 1.149038791656494141e+00
6.387539999999384236e+03 1.165537118911743164e+00
6.389019999999383799e+03 1.102011203765869141e+00
6.390499999999383363e+03 1.100333452224731445e+00
6.391979999999382926e+03 1.168233036994934082e+00
6.393459999999382489e+03 1.203804016113281250e+00
6.394939999999382053e+03 1.184442996978759766e+00
6.396419999999381616e+03 1.176613569259643555e+00
6.397899999999381180e+03 1.176523089408874512e+00
6.399379999999380743e+03 1.171528935432434082e+00
6.400859999999380307e+03 1.156586408615112305e+00
6.402339999999379870e+03 1.086127281188964844e+00
6.403819999999379434e+03 1.126141548156738281e+00
6.405299999999378997e+03 1.119278550148010254e+00
6.406779999999378560e+03 1.097185611724853516e+00
6.408259999999378124e+03 1.151433944702148438e+00
6.409739999999377687e+03 1.158267498016357422e+00
6.411219999999377251e+03 1.248777270317077637e+00
6.412699999999376814e+03 1.185937523841857910e+00
6.414179999999376378e+03 1.217460632324218750e+00
6.415659999999375941e+03 1.177882194519042969e+00
6.417139999999375505e+03 1.263063192367553711e+00
6.418619999999375068e+03 1.210875749588012695e+00
6.420099999999374631e+03 1.192233920097351074e+00
6.421579999999374195e+03 1.133710265159606934e+00
6.423059999999373758e+03 1.160246253013610840e+00
6.424539999999373322e+03 1.189897060394287109e+00
6.426019999999372885e+03 1.200670003890991211e+00
6.427499999999372449e+03 1.179549694061279297e+00
6.428979999999372012e+03 1.126675963401794434e+00
6.430459999999371576e+03 1.134069919586181641e+00
6.431939999999371139e+03 1.194703221321105957e+00
6.433419999999370702e+03 1.234058141708374023e+00
6.434899999999370266e+03 1.222619414329528809e+00
6.436379999999369829e+03 1.205695629119873047e+00
6.437859999999369393e+03 1.243197202682495117e+00
6.439339999999368956e+03 1.251578569412231445e+00
6.440819999999368520e+03 1.236926674842834473e+00
6.442299999999368083e+03 1.266375541687011719e+00
6.443779999999367647e+03 1.204965591430664062e+00
6.445259999999367210e+03 1.177119970321655273e+00
6.446739999999366773e+03 1.224191427230834961e+00
6.448219999999366337e+03 1.272596955299377441e+00
6.449699999999365900e+03 1.277885437011718750e+00
6.451179999999365464e+03 1.292566180229187012e+00
6.452659999999365027e+03 1.150590538978576660e+00
6.454139999999364591e+03 1.225812196731567383e+00
6.455619999999364154e+03 1.153342366218566895e+00
6.457099999999363718e+03 1.238974690437316895e+00
6.458579999999363281e+03 1.265663981437683105e+00
6.460059999999362844e+03 1.195426106452941895e+00
6.461539999999362408e+03 1.138873100280761719e+00
6.463019999999361971e+03 1.110763549804687500e+00
6.464499999999361535e+03 1.151890635490417480e+00
6.465979999999361098e+03 1.144209504127502441e+00
6.467459999999360662e+03 1.114352226257324219e+00
6.468939999999360225e+03 1.122572541236877441e+00
6.470419999999359788e+03 1.162427783012390137e+00
6.471899999999359352e+03 1.203565955162048340e+00
6.473379999999358915e+03 1.175159335136413574e+00
6.474859999999358479e+03 1.148042440414428711e+00
6.476339999999358042e+03 1.205467700958251953e+00
6.477819999999357606e+03 1.236811399459838867e+00
6.479299999999357169e+03 1.229029536247253418e+00
6.480779999999356733e+03 1.210561633110046387e+00
6.482259999999356296e+03 1.208421707153320312e+00
6.483739999999355859e+03 1.236973404884338379e+00
6.485219999999355423e+03 1.178190588951110840e+00
6.486699999999354986e+03 1.119470596313476562e+00
6.488179999999354550e+03 1.178614616394042969e+00
6.489659999999354113e+03 1.102066159248352051e+00
6.491139999999353677e+03 1.228711605072021484e+00
6.492619999999353240e+03 1.228866934776306152e+00
6.494099999999352804e+03 1.120504617691040039e+00
6.495579999999352367e+03 1.166862368583679199e+00
6.497059999999351930e+03 1.251317620277404785e+00
6.498539999999351494e+03 1.243677020072937012e+00
6.500019999999351057e+03 1.245948314666748047e+00
6.501499999999350621e+03 1.206778168678283691e+00
6.502979999999350184e+03 1.216192007064819336e+00
6.504459999999349748e+03 1.213520169258117676e+00
6.505939999999349311e+03 1.178787350654602051e+00
6.507419999999348875e+03 1.175834894180297852e+00
6.508899999999348438e+03 1.188233137130737305e+00
6.510379999999348001e+03 1.150113463401794434e+00
6.511859999999347565e+03 1.127053022384643555e+00
6.513339999999347128e+03 1.169490456581115723e+00
6.514819999999346692e+03 1.211171627044677734e+00
6.516299999999346255e+03 1.197493553161621094e+00
6.517779999999345819e+03 1.181135296821594238e+00
6.519259999999345382e+03 1.182357788085937500e+00
6.520739999999344946e+03 1.120344877243041992e+00
6.522219999999344509e+03 1.177229881286621094e+00
6.523699999999344072e+03 1.262542366981506348e+00
6.525179999999343636e+03 1.173427939414978027e+00
6.526659999999343199e+03 1.180334448814392090e+00
6.528139999999342763e+03 1.221682786941528320e+00
6.529619999999342326e+03 1.245692014694213867e+00
6.531099999999341890e+03 1.180785655975341797e+00
6.532579999999341453e+03 1.241563439369201660e+00
6.534059999999341017e+03 1.194522380828857422e+00
6.535539999999340580e+03 1.158553123474121094e+00
6.537019999999340143e+03 1.211569309234619141e+00
6.538499999999339707e+03 1.160391092300415039e+00
6.539979999999339270e+03 1.187483906745910645e+00
6.541459999999338834e+03 1.219188928604125977e+00
6.542939999999338397e+03 1.160930514335632324e+00
6.544419999999337961e+03 1.174907565116882324e+00
6.545899999999337524e+03 1.208113551139831543e+00
6.547379999999337088e+03 1.171795606613159180e+00
6.548859999999336651e+03 1.149862170219421387e+00
6.550339999999336214e+03 1.129514575004577637e+00
6.551819999999335778e+03 1.176048636436462402e+00
6.553299999999335341e+03 1.238713502883911133e+00
6.554779999999334905e+03 1.189940452575683594e+00
6.556259999999334468e+03 1.195529341697692871e+00
6.557739999999334032e+03 1.205497860908508301e+00
6.559219999999333595e+03 1.267135381698608398e+00
6.560699999999333158e+03 1.203566551208496094e+00
6.562179999999332722e+03 1.112672209739685059e+00
6.563659999999332285e+03 1.176124453544616699e+00
6.565139999999331849e+03 1.182759404182434082e+00
6.566619999999331412e+03 1.196573019027709961e+00
6.568099999999330976e+03 1.209939360618591309e+00
6.569579999999330539e+03 1.164857864379882812e+00
6.571059999999330103e+03 1.184100389480590820e+00
6.572539999999329666e+03 1.189436435699462891e+00
6.574019999999329229e+03 1.140354037284851074e+00
6.575499999999328793e+03 1.218192696571350098e+00
6.576979999999328356e+03 1.239905953407287598e+00
6.578459999999327920e+03 1.229897260665893555e+00
6.579939999999327483e+03 1.202082395553588867e+00
6.581419999999327047e+03 1.172551870346069336e+00
6.582899999999326610e+03 1.151673555374145508e+00
6.584379999999326174e+03 1.175460696220397949e+00
6.585859999999325737e+03 1.199825763702392578e+00
6.587339999999325300e+03 1.171193718910217285e+00
6.588819999999324864e+03 1.170128822326660156e+00
6.590299999999324427e+03 1.149682998657226562e+00
6.591779999999323991e+03 1.190086007118225098e+00
6.593259999999323554e+03 1.226541519165039062e+00
6.594739999999323118e+03 1.251558303833007812e+00
6.596219999999322681e+03 1.256613731384277344e+00
6.597699999999322245e+03 1.241481781005859375e+00
6.599179999999321808e+03 1.285120964050292969e+00
6.600659999999321371e+03 1.196703433990478516e+00
6.602139999999320935e+03 1.192478179931640625e+00
6.603619999999320498e+03 1.146276712417602539e+00
6.605099999999320062e+03 1.179691553115844727e+00
6.606579999999319625e+03 1.171809673309326172e+00
6.608059999999319189e+03 1.164607167243957520e+00
6.609539999999318752e+03 1.092261433601379395e+00
6.611019999999318316e+03 1.179158091545104980e+00
6.612499999999317879e+03 1.227081298828125000e+00
6.613979999999317442e+03 1.191794037818908691e+00
6.615459999999317006e+03 1.108452916145324707e+00
6.616939999999316569e+03 1.159374833106994629e+00
6.618419999999316133e+03 1.242370724678039551e+00
6.619899999999315696e+03 1.172279953956604004e+00
6.621379999999315260e+03 1.189759254455566406e+00
6.622859999999314823e+03 1.194850921630859375e+00
6.624339999999314387e+03 1.145361781120300293e+00
6.625819999999313950e+03 1.139476656913757324e+00
6.627299999999313513e+03 1.162467956542968750e+00
6.628779999999313077e+03 1.186672449111938477e+00
6.630259999999312640e+03 1.154099941253662109e+00
6.631739999999312204e+03 1.226891040802001953e+00
6.633219999999311767e+03 1.171823978424072266e+00
6.634699999999311331e+03 1.225195765495300293e+00
6.636179999999310894e+03 1.183959841728210449e+00
6.637659999999310457e+03 1.151252627372741699e+00
6.639139999999310021e+03 1.197373986244201660e+00
6.640619999999309584e+03 1.210145592689514160e+00
6.642099999999309148e+03 1.178001999855041504e+00
6.643579999999308711e+03 1.198130249977111816e+00
6.645059999999308275e+03 1.190052509307861328e+00
6.646539999999307838e+03 1.164308905601501465e+00
6.648019999999307402e+03 1.131178975105285645e+00
6.649499999999306965e+03 1.058503866195678711e+00
6.650979999999306528e+03 1.060454368591308594e+00
6.652459999999306092e+03 1.117546796798706055e+00
6.653939999999305655e+03 1.126477122306823730e+00
6.655419999999305219e+03 1.147374153137207031e+00
6.656899999999304782e+03 1.207989811897277832e+00
6.658379999999304346e+03 1.208606839179992676e+00
6.659859999999303909e+03 1.184912562370300293e+00
6.661339999999303473e+03 1.214454770088195801e+00
6.662819999999303036e+03 1.158185243606567383e+00
6.664299999999302599e+03 1.185923099517822266e+00
6.665779999999302163e+03 1.152307271957397461e+00
6.667259999999301726e+03 1.124470829963684082e+00
6.668739999999301290e+03 1.203374266624450684e+00
6.670219999999300853e+03 1.188737869262695312e+00
6.671699999999300417e+03 1.165791511535644531e+00
6.673179999999299980e+03 1.126289606094360352e+00
6.674659999999299544e+03 1.160346388816833496e+00
6.676139999999299107e+03 1.208756208419799805e+00
6.677619999999298670e+03 1.233678102493286133e+00
6.679099999999298234e+03 1.234198451042175293e+00
6.680579999999297797e+03 1.232240796089172363e+00
6.682059999999297361e+03 1.195315480232238770e+00
6.683539999999296924e+03 1.177211761474609375e+00
6.685019999999296488e+03 1.195118308067321777e+00
6.686499999999296051e+03 1.189475417137145996e+00
6.687979999999295615e+03 1.218276500701904297e+00
6.689459999999295178e+03 1.230955123901367188e+00
6.690939999999294741e+03 1.240266799926757812e+00
6.692419999999294305e+03 1.193812370300292969e+00
6.693899999999293868e+03 1.213732957839965820e+00
6.695379999999293432e+03 1.226766109466552734e+00
6.696859999999292995e+03 1.204147458076477051e+00
6.698339999999292559e+03 1.251776099205017090e+00
6.699819999999292122e+03 1.240565061569213867e+00
6.701299999999291686e+03 1.472676515579223633e+00
6.702779999999291249e+03 1.929927945137023926e+00
6.704259999999290812e+03 1.985240697860717773e+00
6.705739999999290376e+03 1.545441865921020508e+00
6.707219999999289939e+03 1.152756452560424805e+00
6.708699999999289503e+03 1.118309736251831055e+00
6.710179999999289066e+03 1.147505402565002441e+00
6.711659999999288630e+03 1.171787023544311523e+00
6.713139999999288193e+03 1.196688890457153320e+00
6.714619999999287757e+03 1.312225222587585449e+00
6.716099999999287320e+03 2.891502618789672852e+00
6.717579999999286883e+03 6.260481357574462891e+00
6.719059999999286447e+03 7.231593132019042969e+00
6.720539999999286010e+03 4.035273551940917969e+00
6.722019999999285574e+03 1.554022908210754395e+00
6.723499999999285137e+03 1.257739305496215820e+00
6.724979999999284701e+03 1.088831305503845215e+00
6.726459999999284264e+03 1.136099338531494141e+00
6.727939999999283827e+03 1.146273493766784668e+00
6.729419999999283391e+03 1.167094349861145020e+00
6.730899999999282954e+03 1.186194300651550293e+00
6.732379999999282518e+03 1.142307758331298828e+00
6.733859999999282081e+03 1.203727602958679199e+00
6.735339999999281645e+03 1.211913228034973145e+00
6.736819999999281208e+03 1.615838170051574707e+00
6.738299999999280772e+03 2.980263233184814453e+00
6.739779999999280335e+03 3.905914068222045898e+00
6.741259999999279898e+03 2.994100093841552734e+00
6.742739999999279462e+03 1.526647448539733887e+00
6.744219999999279025e+03 1.189802646636962891e+00
6.745699999999278589e+03 1.180996537208557129e+00
6.747179999999278152e+03 1.216955423355102539e+00
6.748659999999277716e+03 1.117747783660888672e+00
6.750139999999277279e+03 1.094162702560424805e+00
6.751619999999276843e+03 1.163402557373046875e+00
6.753099999999276406e+03 1.211873412132263184e+00
6.754579999999275969e+03 1.158794164657592773e+00
6.756059999999275533e+03 1.164618611335754395e+00
6.757539999999275096e+03 1.213733911514282227e+00
6.759019999999274660e+03 1.203140258789062500e+00
6.760499999999274223e+03 1.149130344390869141e+00
6.761979999999273787e+03 1.178274393081665039e+00
6.763459999999273350e+03 1.169893145561218262e+00
6.764939999999272914e+03 1.167490363121032715e+00
6.766419999999272477e+03 1.181842684745788574e+00
6.767899999999272040e+03 1.207303881645202637e+00
6.769379999999271604e+03 1.185401678085327148e+00
6.770859999999271167e+03 1.180142164230346680e+00
6.772339999999270731e+03 1.229245781898498535e+00
6.773819999999270294e+03 1.289513707160949707e+00
6.775299999999269858e+03 1.230301856994628906e+00
6.776779999999269421e+03 1.161503434181213379e+00
6.778259999999268985e+03 1.202544212341308594e+00
6.779739999999268548e+03 1.213136553764343262e+00
6.781219999999268111e+03 1.203455209732055664e+00
6.782699999999267675e+03 1.154346823692321777e+00
6.784179999999267238e+03 1.196943640708923340e+00
6.785659999999266802e+03 1.210258245468139648e+00
6.787139999999266365e+03 1.169465184211730957e+00
6.788619999999265929e+03 1.180071830749511719e+00
6.790099999999265492e+03 1.132556676864624023e+00
6.791579999999265056e+03 1.195835351943969727e+00
6.793059999999264619e+03 1.201325774192810059e+00
6.794539999999264182e+03 1.185842752456665039e+00
6.796019999999263746e+03 1.164830446243286133e+00
6.797499999999263309e+03 1.192238807678222656e+00
6.798979999999262873e+03 1.185212731361389160e+00
6.800459999999262436e+03 1.170972347259521484e+00
6.801939999999262000e+03 1.176750183105468750e+00
6.803419999999261563e+03 1.190054655075073242e+00
6.804899999999261127e+03 1.155946612358093262e+00
6.806379999999260690e+03 1.148182272911071777e+00
6.807859999999260253e+03 1.212878823280334473e+00
6.809339999999259817e+03 1.192929148674011230e+00
6.810819999999259380e+03 1.151455044746398926e+00
6.812299999999258944e+03 1.168967843055725098e+00
6.813779999999258507e+03 1.136955380439758301e+00
6.815259999999258071e+03 1.153200864791870117e+00
6.816739999999257634e+03 1.168949365615844727e+00
6.818219999999257197e+03 1.156119346618652344e+00
6.819699999999256761e+03 1.125311851501464844e+00
6.821179999999256324e+03 1.111379981040954590e+00
6.822659999999255888e+03 1.197580456733703613e+00
6.824139999999255451e+03 1.200466752052307129e+00
6.825619999999255015e+03 1.187814831733703613e+00
6.827099999999254578e+03 1.169955968856811523e+00
6.828579999999254142e+03 1.175310730934143066e+00
6.830059999999253705e+03 1.219418406486511230e+00
6.831539999999253268e+03 1.249143481254577637e+00
6.833019999999252832e+03 1.220679044723510742e+00
6.834499999999252395e+03 1.152963519096374512e+00
6.835979999999251959e+03 1.154020667076110840e+00
6.837459999999251522e+03 1.195430755615234375e+00
6.838939999999251086e+03 1.162888646125793457e+00
6.840419999999250649e+03 1.185514450073242188e+00
6.841899999999250213e+03 1.240231990814208984e+00
6.843379999999249776e+03 1.162527203559875488e+00
6.844859999999249339e+03 1.186025142669677734e+00
6.846339999999248903e+03 1.174564003944396973e+00
6.847819999999248466e+03 1.155933380126953125e+00
6.849299999999248030e+03 1.194228768348693848e+00
6.850779999999247593e+03 1.162721872329711914e+00
6.852259999999247157e+03 1.155644774436950684e+00
6.853739999999246720e+03 1.159766316413879395e+00
6.855219999999246284e+03 1.193763852119445801e+00
6.856699999999245847e+03 1.242165565490722656e+00
6.858179999999245410e+03 1.221005082130432129e+00
6.859659999999244974e+03 1.092820644378662109e+00
6.861139999999244537e+03 1.100035429000854492e+00
6.862619999999244101e+03 1.242478609085083008e+00
6.864099999999243664e+03 1.232160210609436035e+00
6.865579999999243228e+03 1.014216661453247070e+00
6.867059999999242791e+03 8.044772148132324219e-01
6.868539999999242355e+03 7.728036642074584961e-01
6.870019999999241918e+03 8.418015241622924805e-01
6.871499999999241481e+03 9.128140807151794434e-01
6.872979999999241045e+03 1.150009274482727051e+00
6.874459999999240608e+03 1.631464123725891113e+00
6.875939999999240172e+03 1.889733910560607910e+00
6.877419999999239735e+03 1.520080447196960449e+00
6.878899999999239299e+03 1.136981844902038574e+00
6.880379999999238862e+03 1.107808947563171387e+00
6.881859999999238426e+03 1.140658736228942871e+00
6.883339999999237989e+03 1.129377722740173340e+00
6.884819999999237552e+03 1.002738118171691895e+00
6.886299999999237116e+03 9.828596711158752441e-01
6.887779999999236679e+03 1.291052222251892090e+00
6.889259999999236243e+03 1.832875251770019531e+00
6.890739999999235806e+03 1.884990930557250977e+00
6.892219999999235370e+03 1.449838280677795410e+00
6.893699999999234933e+03 1.185180187225341797e+00
6.895179999999234496e+03 1.028018712997436523e+00
6.896659999999234060e+03 9.606434702873229980e-01
6.898139999999233623e+03 1.058071732521057129e+00
6.899619999999233187e+03 1.081254720687866211e+00
6.901099999999232750e+03 1.087070107460021973e+00
6.902579999999232314e+03 1.092268109321594238e+00
6.904059999999231877e+03 1.011966228485107422e+00
6.905539999999231441e+03 1.071428775787353516e+00
6.907019999999231004e+03 1.036527633666992188e+00
6.908499999999230567e+03 1.025848865509033203e+00
6.909979999999230131e+03 1.111742258071899414e+00
6.911459999999229694e+03 1.127604842185974121e+00
6.912939999999229258e+03 1.080865979194641113e+00
6.914419999999228821e+03 1.087278485298156738e+00
6.915899999999228385e+03 1.099049806594848633e+00
6.917379999999227948e+03 1.112043380737304688e+00
6.918859999999227512e+03 1.128688693046569824e+00
6.920339999999227075e+03 1.115696549415588379e+00
6.921819999999226638e+03 1.119703531265258789e+00
6.923299999999226202e+03 1.120056867599487305e+00
6.924779999999225765e+03 1.103341102600097656e+00
6.926259999999225329e+03 1.095853447914123535e+00
6.927739999999224892e+03 1.096505641937255859e+00
6.929219999999224456e+03 1.124446630477905273e+00
6.930699999999224019e+03 1.123266220092773438e+00
6.932179999999223583e+03 1.105338573455810547e+00
6.933659999999223146e+03 1.105060100555419922e+00
6.935139999999222709e+03 1.104725003242492676e+00
6.936619999999222273e+03 1.142778396606445312e+00
6.938099999999221836e+03 1.157933712005615234e+00
6.939579999999221400e+03 1.123756408691406250e+00
6.941059999999220963e+03 1.144497752189636230e+00
6.942539999999220527e+03 1.174358129501342773e+00
6.944019999999220090e+03 1.108417510986328125e+00
6.945499999999219654e+03 1.050973176956176758e+00
6.946979999999219217e+03 1.076561689376831055e+00
6.948459999999218780e+03 1.162291765213012695e+00
6.949939999999218344e+03 1.203944087028503418e+00
6.951419999999217907e+03 1.132709860801696777e+00
6.952899999999217471e+03 1.127081394195556641e+00
6.954379999999217034e+03 1.079615950584411621e+00
6.955859999999216598e+03 1.106032133102416992e+00
6.957339999999216161e+03 1.141560912132263184e+00
6.958819999999215725e+03 1.150275349617004395e+00
6.960299999999215288e+03 1.153695344924926758e+00
6.961779999999214851e+03 1.162160992622375488e+00
6.963259999999214415e+03 1.121625661849975586e+00
