4.300739999999999782e+03 1.749944567680358887e+00
4.302219999999999345e+03 6.672511696815490723e-01
4.303699999999998909e+03 7.267327308654785156e-01
4.305179999999998472e+03 1.138988494873046875e+00
4.306659999999998035e+03 8.106622099876403809e-01
4.308139999999997599e+03 5.621973872184753418e-01
4.309619999999997162e+03 6.862193942070007324e-01
4.311099999999996726e+03 7.982298135757446289e-01
4.312579999999996289e+03 8.171987533569335938e-01
4.314059999999995853e+03 6.223425865173339844e-01
4.315539999999995416e+03 8.525418639183044434e-01
4.317019999999994980e+03 7.557688951492309570e-01
4.318499999999994543e+03 8.797152638435363770e-01
4.319979999999994106e+03 9.031876325607299805e-01
4.321459999999993670e+03 9.802680015563964844e-01
4.322939999999993233e+03 1.025774836540222168e+00
4.324419999999992797e+03 9.575660228729248047e-01
4.325899999999992360e+03 7.041414380073547363e-01
4.327379999999991924e+03 8.812904953956604004e-01
4.328859999999991487e+03 8.215301632881164551e-01
4.330339999999991051e+03 7.486585974693298340e-01
4.331819999999990614e+03 1.098376035690307617e+00
4.333299999999990177e+03 1.127981662750244141e+00
4.334779999999989741e+03 1.072110176086425781e+00
4.336259999999989304e+03 7.685892581939697266e-01
4.337739999999988868e+03 8.165544271469116211e-01
4.339219999999988431e+03 8.674874901771545410e-01
4.340699999999987995e+03 7.936773300170898438e-01
4.342179999999987558e+03 7.527344822883605957e-01
4.343659999999987122e+03 9.404622316360473633e-01
4.345139999999986685e+03 8.826885819435119629e-01
4.346619999999986248e+03 8.892710804939270020e-01
4.348099999999985812e+03 9.339916706085205078e-01
4.349579999999985375e+03 1.155597567558288574e+00
4.351059999999984939e+03 8.479430079460144043e-01
4.352539999999984502e+03 7.113832235336303711e-01
4.354019999999984066e+03 1.159743905067443848e+00
4.355499999999983629e+03 9.594602584838867188e-01
4.356979999999983193e+03 1.036404490470886230e+00
4.358459999999982756e+03 8.347013592720031738e-01
4.359939999999982319e+03 1.025502800941467285e+00
4.361419999999981883e+03 1.018738627433776855e+00
4.362899999999981446e+03 8.899208903312683105e-01
4.364379999999981010e+03 1.035644769668579102e+00
4.365859999999980573e+03 1.245113730430603027e+00
4.367339999999980137e+03 1.063575506210327148e+00
4.368819999999979700e+03 9.221674799919128418e-01
4.370299999999979264e+03 8.171209096908569336e-01
4.371779999999978827e+03 9.842081665992736816e-01
4.373259999999978390e+03 9.069510698318481445e-01
4.374739999999977954e+03 8.577499985694885254e-01
4.376219999999977517e+03 7.999264001846313477e-01
4.377699999999977081e+03 9.721453189849853516e-01
4.379179999999976644e+03 9.888532161712646484e-01
4.380659999999976208e+03 9.883747100830078125e-01
4.382139999999975771e+03 1.030946254730224609e+00
4.383619999999975335e+03 6.402384638786315918e-01
4.385099999999974898e+03 6.816000938415527344e-01
4.386579999999974461e+03 7.945310473442077637e-01
4.388059999999974025e+03 7.796388864517211914e-01
4.389539999999973588e+03 9.670398235321044922e-01
4.391019999999973152e+03 7.948188185691833496e-01
4.392499999999972715e+03 7.808161973953247070e-01
4.393979999999972279e+03 7.445576190948486328e-01
4.395459999999971842e+03 7.505599260330200195e-01
4.396939999999971405e+03 7.978374361991882324e-01
4.398419999999970969e+03 1.013709545135498047e+00
4.399899999999970532e+03 6.871126294136047363e-01
4.401379999999970096e+03 7.375799417495727539e-01
4.402859999999969659e+03 8.763052225112915039e-01
4.404339999999969223e+03 6.179249286651611328e-01
4.405819999999968786e+03 7.225613594055175781e-01
4.407299999999968350e+03 6.297691464424133301e-01
4.408779999999967913e+03 6.709361672401428223e-01
4.410259999999967476e+03 7.090646624565124512e-01
4.411739999999967040e+03 8.289989233016967773e-01
4.413219999999966603e+03 1.060530781745910645e+00
4.414699999999966167e+03 7.149101495742797852e-01
4.416179999999965730e+03 4.768686294555664062e-01
4.417659999999965294e+03 4.850462675094604492e-01
4.419139999999964857e+03 8.359983563423156738e-01
4.420619999999964421e+03 8.005725741386413574e-01
4.422099999999963984e+03 7.876124978065490723e-01
4.423579999999963547e+03 8.623676896095275879e-01
4.425059999999963111e+03 7.106214761734008789e-01
4.426539999999962674e+03 7.014573216438293457e-01
4.428019999999962238e+03 5.991014242172241211e-01
4.429499999999961801e+03 6.422302722930908203e-01
4.430979999999961365e+03 5.249125361442565918e-01
4.432459999999960928e+03 6.476681828498840332e-01
4.433939999999960492e+03 7.109786868095397949e-01
4.435419999999960055e+03 5.979552865028381348e-01
4.436899999999959618e+03 4.379740059375762939e-01
4.438379999999959182e+03 6.919233798980712891e-01
4.439859999999958745e+03 5.416890978813171387e-01
4.441339999999958309e+03 9.727786779403686523e-01
4.442819999999957872e+03 2.827905893325805664e+00
4.444299999999957436e+03 2.960470676422119141e+00
4.445779999999956999e+03 1.117651104927062988e+00
4.447259999999956563e+03 5.251958370208740234e-01
4.448739999999956126e+03 4.689848124980926514e-01
4.450219999999955689e+03 5.157639980316162109e-01
4.451699999999955253e+03 7.551131844520568848e-01
4.453179999999954816e+03 7.415866255760192871e-01
4.454659999999954380e+03 5.872001647949218750e-01
4.456139999999953943e+03 7.077118158340454102e-01
4.457619999999953507e+03 7.324166893959045410e-01
4.459099999999953070e+03 6.764870285987854004e-01
4.460579999999952634e+03 5.901437997817993164e-01
4.462059999999952197e+03 6.961649060249328613e-01
4.463539999999951760e+03 7.474068999290466309e-01
4.465019999999951324e+03 7.478538155555725098e-01
4.466499999999950887e+03 7.058427333831787109e-01
4.467979999999950451e+03 7.686910033226013184e-01
4.469459999999950014e+03 5.700754523277282715e-01
4.470939999999949578e+03 6.057990789413452148e-01
4.472419999999949141e+03 7.706973552703857422e-01
4.473899999999948704e+03 8.195528388023376465e-01
4.475379999999948268e+03 6.571465730667114258e-01
4.476859999999947831e+03 6.612627506256103516e-01
4.478339999999947395e+03 7.385592460632324219e-01
4.479819999999946958e+03 6.427198648452758789e-01
4.481299999999946522e+03 6.784077286720275879e-01
4.482779999999946085e+03 5.892711281776428223e-01
4.484259999999945649e+03 7.159454822540283203e-01
4.485739999999945212e+03 6.427021026611328125e-01
4.487219999999944775e+03 5.710411667823791504e-01
4.488699999999944339e+03 6.257393360137939453e-01
4.490179999999943902e+03 6.366150975227355957e-01
4.491659999999943466e+03 7.859542965888977051e-01
4.493139999999943029e+03 6.205626726150512695e-01
4.494619999999942593e+03 7.580431699752807617e-01
4.496099999999942156e+03 5.117807984352111816e-01
4.497579999999941720e+03 5.828237533569335938e-01
4.499059999999941283e+03 7.039062380790710449e-01
4.500539999999940846e+03 5.548084974288940430e-01
4.502019999999940410e+03 5.254982113838195801e-01
4.503499999999939973e+03 6.698499917984008789e-01
4.504979999999939537e+03 5.145255923271179199e-01
4.506459999999939100e+03 6.907419562339782715e-01
4.507939999999938664e+03 7.641255855560302734e-01
4.509419999999938227e+03 5.959299206733703613e-01
4.510899999999937791e+03 6.293580532073974609e-01
4.512379999999937354e+03 5.105088949203491211e-01
4.513859999999936917e+03 5.035187005996704102e-01
4.515339999999936481e+03 6.666046977043151855e-01
4.516819999999936044e+03 5.836218595504760742e-01
4.518299999999935608e+03 5.606421232223510742e-01
4.519779999999935171e+03 5.662145018577575684e-01
4.521259999999934735e+03 5.904125571250915527e-01
4.522739999999934298e+03 5.488861799240112305e-01
4.524219999999933862e+03 5.099759697914123535e-01
4.525699999999933425e+03 6.660718917846679688e-01
4.527179999999932988e+03 6.312341690063476562e-01
4.528659999999932552e+03 6.861518621444702148e-01
4.530139999999932115e+03 6.669066548347473145e-01
4.531619999999931679e+03 6.229267120361328125e-01
4.533099999999931242e+03 6.410610675811767578e-01
4.534579999999930806e+03 5.915715694427490234e-01
4.536059999999930369e+03 4.953885972499847412e-01
4.537539999999929933e+03 7.412841916084289551e-01
4.539019999999929496e+03 5.135453939437866211e-01
4.540499999999929059e+03 4.869467020034790039e-01
4.541979999999928623e+03 6.856062412261962891e-01
4.543459999999928186e+03 5.786949396133422852e-01
4.544939999999927750e+03 5.961900949478149414e-01
4.546419999999927313e+03 6.830443143844604492e-01
4.547899999999926877e+03 5.792827010154724121e-01
4.549379999999926440e+03 6.054806113243103027e-01
4.550859999999926004e+03 4.889500737190246582e-01
4.552339999999925567e+03 5.797325372695922852e-01
4.553819999999925130e+03 5.965300202369689941e-01
4.555299999999924694e+03 6.602174639701843262e-01
4.556779999999924257e+03 6.844016909599304199e-01
4.558259999999923821e+03 5.943020582199096680e-01
4.559739999999923384e+03 6.136711835861206055e-01
4.561219999999922948e+03 6.629998087882995605e-01
4.562699999999922511e+03 5.664638280868530273e-01
4.564179999999922074e+03 6.039801836013793945e-01
4.565659999999921638e+03 5.376940369606018066e-01
4.567139999999921201e+03 6.074864864349365234e-01
4.568619999999920765e+03 5.580161213874816895e-01
4.570099999999920328e+03 6.902144551277160645e-01
4.571579999999919892e+03 5.192059278488159180e-01
4.573059999999919455e+03 5.787935256958007812e-01
4.574539999999919019e+03 4.093865454196929932e-01
4.576019999999918582e+03 7.119029164314270020e-01
4.577499999999918145e+03 7.909152507781982422e-01
4.578979999999917709e+03 7.831324934959411621e-01
4.580459999999917272e+03 7.511756420135498047e-01
4.581939999999916836e+03 5.825593471527099609e-01
4.583419999999916399e+03 7.557517290115356445e-01
4.584899999999915963e+03 6.514642238616943359e-01
4.586379999999915526e+03 5.111995935440063477e-01
4.587859999999915090e+03 5.417611598968505859e-01
4.589339999999914653e+03 6.262203454971313477e-01
4.590819999999914216e+03 5.623289942741394043e-01
4.592299999999913780e+03 7.351654767990112305e-01
4.593779999999913343e+03 6.580861806869506836e-01
4.595259999999912907e+03 4.760605394840240479e-01
4.596739999999912470e+03 7.055398225784301758e-01
4.598219999999912034e+03 6.328235864639282227e-01
4.599699999999911597e+03 6.403877139091491699e-01
4.601179999999911161e+03 5.974099040031433105e-01
4.602659999999910724e+03 5.544798374176025391e-01
4.604139999999910287e+03 5.248862504959106445e-01
4.605619999999909851e+03 6.932058334350585938e-01
4.607099999999909414e+03 6.298738121986389160e-01
4.608579999999908978e+03 6.622108817100524902e-01
4.610059999999908541e+03 5.516021251678466797e-01
4.611539999999908105e+03 7.177829742431640625e-01
4.613019999999907668e+03 7.430516481399536133e-01
4.614499999999907232e+03 7.132419347763061523e-01
4.615979999999906795e+03 5.079475641250610352e-01
4.617459999999906358e+03 6.471801996231079102e-01
4.618939999999905922e+03 5.662130713462829590e-01
4.620419999999905485e+03 5.806840658187866211e-01
4.621899999999905049e+03 5.437441468238830566e-01
4.623379999999904612e+03 6.460527181625366211e-01
4.624859999999904176e+03 6.155105829238891602e-01
4.626339999999903739e+03 6.155990958213806152e-01
4.627819999999903303e+03 5.946050286293029785e-01
4.629299999999902866e+03 6.050759553909301758e-01
4.630779999999902429e+03 5.811493396759033203e-01
4.632259999999901993e+03 5.929420590400695801e-01
4.633739999999901556e+03 7.159827351570129395e-01
4.635219999999901120e+03 5.009315013885498047e-01
4.636699999999900683e+03 5.050083398818969727e-01
4.638179999999900247e+03 6.039235591888427734e-01
4.639659999999899810e+03 7.792056202888488770e-01
4.641139999999899374e+03 6.061899662017822266e-01
4.642619999999898937e+03 5.347598791122436523e-01
4.644099999999898500e+03 6.728562116622924805e-01
4.645579999999898064e+03 6.123070716857910156e-01
4.647059999999897627e+03 6.705027818679809570e-01
4.648539999999897191e+03 7.351449131965637207e-01
4.650019999999896754e+03 7.608059048652648926e-01
4.651499999999896318e+03 6.661470532417297363e-01
4.652979999999895881e+03 7.231850028038024902e-01
4.654459999999895444e+03 6.592081189155578613e-01
4.655939999999895008e+03 8.010216951370239258e-01
4.657419999999894571e+03 5.503334999084472656e-01
4.658899999999894135e+03 5.825813412666320801e-01
4.660379999999893698e+03 5.130442976951599121e-01
4.661859999999893262e+03 5.084958672523498535e-01
4.663339999999892825e+03 5.344260334968566895e-01
4.664819999999892389e+03 6.619762182235717773e-01
4.666299999999891952e+03 7.084575891494750977e-01
4.667779999999891515e+03 6.003814935684204102e-01
4.669259999999891079e+03 5.657799243927001953e-01
4.670739999999890642e+03 5.896087884902954102e-01
4.672219999999890206e+03 5.722013115882873535e-01
4.673699999999889769e+03 5.997887849807739258e-01
4.675179999999889333e+03 5.821034312248229980e-01
4.676659999999888896e+03 7.663602828979492188e-01
4.678139999999888460e+03 7.034898400306701660e-01
4.679619999999888023e+03 5.311478972434997559e-01
4.681099999999887586e+03 5.964333415031433105e-01
4.682579999999887150e+03 6.195118427276611328e-01
4.684059999999886713e+03 7.297236323356628418e-01
4.685539999999886277e+03 6.183588504791259766e-01
4.687019999999885840e+03 5.499235987663269043e-01
4.688499999999885404e+03 6.898002624511718750e-01
4.689979999999884967e+03 6.337826848030090332e-01
4.691459999999884531e+03 5.826134681701660156e-01
4.692939999999884094e+03 5.161191225051879883e-01
4.694419999999883657e+03 5.849129557609558105e-01
4.695899999999883221e+03 7.007418274879455566e-01
4.697379999999882784e+03 6.650167107582092285e-01
4.698859999999882348e+03 5.971268415451049805e-01
4.700339999999881911e+03 7.025959491729736328e-01
4.701819999999881475e+03 5.037788152694702148e-01
4.703299999999881038e+03 6.683625578880310059e-01
4.704779999999880602e+03 6.360121965408325195e-01
4.706259999999880165e+03 6.226986646652221680e-01
4.707739999999879728e+03 6.432281732559204102e-01
4.709219999999879292e+03 7.145494818687438965e-01
4.710699999999878855e+03 7.453624010086059570e-01
4.712179999999878419e+03 7.970572710037231445e-01
4.713659999999877982e+03 6.798065900802612305e-01
4.715139999999877546e+03 6.859865784645080566e-01
4.716619999999877109e+03 5.742219686508178711e-01
4.718099999999876673e+03 5.983501672744750977e-01
4.719579999999876236e+03 5.548247098922729492e-01
4.721059999999875799e+03 5.710662007331848145e-01
4.722539999999875363e+03 6.016910076141357422e-01
4.724019999999874926e+03 5.868611335754394531e-01
4.725499999999874490e+03 7.089052796363830566e-01
4.726979999999874053e+03 6.932144761085510254e-01
4.728459999999873617e+03 6.567808985710144043e-01
4.729939999999873180e+03 6.313979625701904297e-01
4.731419999999872744e+03 6.534692645072937012e-01
4.732899999999872307e+03 7.383413910865783691e-01
4.734379999999871870e+03 6.924546957015991211e-01
4.735859999999871434e+03 5.056148767471313477e-01
4.737339999999870997e+03 6.738921403884887695e-01
4.738819999999870561e+03 6.246510744094848633e-01
4.740299999999870124e+03 5.868241190910339355e-01
4.741779999999869688e+03 6.152036190032958984e-01
4.743259999999869251e+03 6.336578726768493652e-01
4.744739999999868814e+03 5.536342263221740723e-01
4.746219999999868378e+03 5.641260743141174316e-01
4.747699999999867941e+03 5.579218268394470215e-01
4.749179999999867505e+03 6.421582698822021484e-01
4.750659999999867068e+03 5.508612394332885742e-01
4.752139999999866632e+03 4.464184343814849854e-01
4.753619999999866195e+03 6.449361443519592285e-01
4.755099999999865759e+03 7.083164453506469727e-01
4.756579999999865322e+03 5.817663073539733887e-01
4.758059999999864885e+03 5.088526606559753418e-01
4.759539999999864449e+03 8.181673884391784668e-01
4.761019999999864012e+03 6.296583414077758789e-01
4.762499999999863576e+03 6.878806948661804199e-01
4.763979999999863139e+03 6.343414187431335449e-01
4.765459999999862703e+03 6.169973611831665039e-01
4.766939999999862266e+03 6.537775993347167969e-01
4.768419999999861830e+03 7.974462509155273438e-01
4.769899999999861393e+03 6.640296578407287598e-01
4.771379999999860956e+03 6.327682733535766602e-01
4.772859999999860520e+03 6.010048389434814453e-01
4.774339999999860083e+03 6.115525364875793457e-01
4.775819999999859647e+03 5.948485136032104492e-01
4.777299999999859210e+03 5.640152692794799805e-01
4.778779999999858774e+03 5.074751377105712891e-01
4.780259999999858337e+03 5.822080969810485840e-01
4.781739999999857901e+03 6.204459071159362793e-01
4.783219999999857464e+03 6.698125004768371582e-01
4.784699999999857027e+03 5.903528332710266113e-01
4.786179999999856591e+03 5.757358074188232422e-01
4.787659999999856154e+03 6.777659654617309570e-01
4.789139999999855718e+03 6.241601705551147461e-01
4.790619999999855281e+03 6.596944928169250488e-01
4.792099999999854845e+03 5.579648613929748535e-01
4.793579999999854408e+03 6.300471425056457520e-01
4.795059999999853972e+03 6.785974502563476562e-01
4.796539999999853535e+03 7.526287436485290527e-01
4.798019999999853098e+03 6.534826755523681641e-01
4.799499999999852662e+03 6.477134227752685547e-01
4.800979999999852225e+03 5.828994512557983398e-01
4.802459999999851789e+03 5.725191831588745117e-01
4.803939999999851352e+03 5.528596639633178711e-01
4.805419999999850916e+03 6.222900152206420898e-01
4.806899999999850479e+03 6.368862986564636230e-01
4.808379999999850043e+03 5.454602837562561035e-01
4.809859999999849606e+03 5.720674991607666016e-01
4.811339999999849169e+03 6.747391223907470703e-01
4.812819999999848733e+03 5.946136116981506348e-01
4.814299999999848296e+03 5.686396360397338867e-01
4.815779999999847860e+03 6.114635467529296875e-01
4.817259999999847423e+03 6.355924010276794434e-01
4.818739999999846987e+03 5.559916496276855469e-01
4.820219999999846550e+03 6.481243371963500977e-01
4.821699999999846113e+03 7.062510848045349121e-01
4.823179999999845677e+03 6.041471958160400391e-01
4.824659999999845240e+03 6.023389101028442383e-01
4.826139999999844804e+03 5.759732127189636230e-01
4.827619999999844367e+03 6.445643305778503418e-01
4.829099999999843931e+03 5.860497951507568359e-01
4.830579999999843494e+03 6.765148639678955078e-01
4.832059999999843058e+03 6.140712499618530273e-01
4.833539999999842621e+03 6.872658133506774902e-01
4.835019999999842184e+03 5.115399956703186035e-01
4.836499999999841748e+03 6.558762788772583008e-01
4.837979999999841311e+03 5.404285788536071777e-01
4.839459999999840875e+03 5.886930227279663086e-01
4.840939999999840438e+03 6.580397486686706543e-01
4.842419999999840002e+03 5.853174924850463867e-01
4.843899999999839565e+03 5.948829054832458496e-01
4.845379999999839129e+03 5.308039188385009766e-01
4.846859999999838692e+03 5.888568162918090820e-01
4.848339999999838255e+03 6.810865402221679688e-01
4.849819999999837819e+03 7.142695188522338867e-01
4.851299999999837382e+03 6.323003768920898438e-01
4.852779999999836946e+03 5.786119103431701660e-01
4.854259999999836509e+03 6.474624276161193848e-01
4.855739999999836073e+03 6.478810906410217285e-01
4.857219999999835636e+03 6.881913542747497559e-01
4.858699999999835200e+03 6.143311858177185059e-01
4.860179999999834763e+03 6.115517616271972656e-01
4.861659999999834326e+03 6.217683553695678711e-01
4.863139999999833890e+03 5.990699529647827148e-01
4.864619999999833453e+03 6.964652538299560547e-01
4.866099999999833017e+03 6.909173130989074707e-01
4.867579999999832580e+03 5.824326276779174805e-01
4.869059999999832144e+03 7.294503450393676758e-01
4.870539999999831707e+03 5.685696601867675781e-01
4.872019999999831271e+03 4.872207641601562500e-01
4.873499999999830834e+03 6.027581095695495605e-01
4.874979999999830397e+03 5.965057611465454102e-01
4.876459999999829961e+03 6.358560323715209961e-01
4.877939999999829524e+03 5.757469534873962402e-01
4.879419999999829088e+03 7.379010915756225586e-01
4.880899999999828651e+03 5.414085388183593750e-01
4.882379999999828215e+03 5.455723404884338379e-01
4.883859999999827778e+03 6.747845411300659180e-01
4.885339999999827342e+03 6.616459488868713379e-01
4.886819999999826905e+03 6.599515676498413086e-01
4.888299999999826468e+03 6.037658452987670898e-01
4.889779999999826032e+03 5.739711523056030273e-01
4.891259999999825595e+03 5.592937469482421875e-01
4.892739999999825159e+03 6.936985850334167480e-01
4.894219999999824722e+03 7.007146477699279785e-01
4.895699999999824286e+03 7.217352390289306641e-01
4.897179999999823849e+03 5.564029812812805176e-01
4.898659999999823413e+03 5.999759435653686523e-01
4.900139999999822976e+03 6.835972070693969727e-01
4.901619999999822539e+03 6.551890373229980469e-01
4.903099999999822103e+03 5.954616069793701172e-01
4.904579999999821666e+03 6.442201733589172363e-01
4.906059999999821230e+03 6.442993879318237305e-01
4.907539999999820793e+03 5.742782354354858398e-01
4.909019999999820357e+03 6.254130005836486816e-01
4.910499999999819920e+03 6.822451353073120117e-01
4.911979999999819483e+03 6.449106335639953613e-01
4.913459999999819047e+03 6.478230357170104980e-01
4.914939999999818610e+03 5.712820291519165039e-01
4.916419999999818174e+03 6.658203601837158203e-01
4.917899999999817737e+03 7.100816369056701660e-01
4.919379999999817301e+03 5.800334811210632324e-01
4.920859999999816864e+03 5.477054715156555176e-01
4.922339999999816428e+03 6.881479024887084961e-01
4.923819999999815991e+03 6.131670475006103516e-01
4.925299999999815554e+03 6.601449251174926758e-01
4.926779999999815118e+03 7.683343291282653809e-01
4.928259999999814681e+03 6.143510937690734863e-01
4.929739999999814245e+03 6.006893515586853027e-01
4.931219999999813808e+03 6.997420191764831543e-01
4.932699999999813372e+03 7.105779647827148438e-01
4.934179999999812935e+03 6.368399262428283691e-01
4.935659999999812499e+03 6.887429952621459961e-01
4.937139999999812062e+03 5.326898097991943359e-01
4.938619999999811625e+03 5.581953525543212891e-01
4.940099999999811189e+03 6.337093114852905273e-01
4.941579999999810752e+03 5.833487510681152344e-01
4.943059999999810316e+03 5.947835445404052734e-01
4.944539999999809879e+03 6.754125356674194336e-01
4.946019999999809443e+03 6.709186434745788574e-01
4.947499999999809006e+03 6.726896762847900391e-01
4.948979999999808570e+03 5.695896744728088379e-01
4.950459999999808133e+03 6.245524883270263672e-01
4.951939999999807696e+03 5.986660718917846680e-01
4.953419999999807260e+03 5.630640387535095215e-01
4.954899999999806823e+03 6.607095003128051758e-01
4.956379999999806387e+03 5.210739970207214355e-01
4.957859999999805950e+03 6.420578360557556152e-01
4.959339999999805514e+03 6.941359043121337891e-01
4.960819999999805077e+03 6.432058215141296387e-01
4.962299999999804641e+03 6.237621903419494629e-01
4.963779999999804204e+03 5.880862474441528320e-01
4.965259999999803767e+03 6.895676851272583008e-01
4.966739999999803331e+03 6.654642820358276367e-01
4.968219999999802894e+03 6.099727749824523926e-01
4.969699999999802458e+03 5.343013405799865723e-01
4.971179999999802021e+03 5.477584004402160645e-01
4.972659999999801585e+03 5.643141865730285645e-01
4.974139999999801148e+03 1.623366713523864746e+00
4.975619999999800712e+03 5.739596843719482422e+00
4.977099999999800275e+03 6.469106197357177734e+00
4.978579999999799838e+03 2.223612785339355469e+00
4.980059999999799402e+03 5.531178116798400879e-01
4.981539999999798965e+03 5.533211231231689453e-01
4.983019999999798529e+03 5.657551288604736328e-01
4.984499999999798092e+03 5.859455466270446777e-01
4.985979999999797656e+03 5.789389610290527344e-01
4.987459999999797219e+03 5.741719007492065430e-01
4.988939999999796783e+03 5.995532870292663574e-01
4.990419999999796346e+03 5.163729190826416016e-01
4.991899999999795909e+03 5.950384736061096191e-01
4.993379999999795473e+03 6.324899196624755859e-01
4.994859999999795036e+03 7.153339385986328125e-01
4.996339999999794600e+03 6.832116246223449707e-01
4.997819999999794163e+03 6.671237349510192871e-01
4.999299999999793727e+03 6.010584235191345215e-01
5.000779999999793290e+03 6.115308403968811035e-01
5.002259999999792853e+03 6.497179269790649414e-01
5.003739999999792417e+03 7.148678302764892578e-01
5.005219999999791980e+03 6.705546379089355469e-01
5.006699999999791544e+03 6.958777308464050293e-01
5.008179999999791107e+03 6.545444130897521973e-01
5.009659999999790671e+03 6.008536219596862793e-01
5.011139999999790234e+03 6.868749856948852539e-01
5.012619999999789798e+03 6.376939415931701660e-01
5.014099999999789361e+03 6.498019099235534668e-01
5.015579999999788924e+03 6.601729989051818848e-01
5.017059999999788488e+03 7.196160554885864258e-01
5.018539999999788051e+03 6.578866243362426758e-01
5.020019999999787615e+03 6.592255830764770508e-01
5.021499999999787178e+03 7.238491177558898926e-01
5.022979999999786742e+03 7.177019715309143066e-01
5.024459999999786305e+03 7.049759626388549805e-01
5.025939999999785869e+03 6.100562810897827148e-01
5.027419999999785432e+03 6.711272597312927246e-01
5.028899999999784995e+03 7.792145013809204102e-01
5.030379999999784559e+03 6.534450054168701172e-01
5.031859999999784122e+03 7.028716206550598145e-01
5.033339999999783686e+03 7.265318632125854492e-01
5.034819999999783249e+03 6.596977710723876953e-01
5.036299999999782813e+03 5.471676588058471680e-01
5.037779999999782376e+03 7.157872319221496582e-01
5.039259999999781940e+03 6.742835044860839844e-01
5.040739999999781503e+03 6.099349260330200195e-01
5.042219999999781066e+03 7.306540608406066895e-01
5.043699999999780630e+03 7.086667418479919434e-01
5.045179999999780193e+03 7.624985575675964355e-01
5.046659999999779757e+03 6.950694918632507324e-01
5.048139999999779320e+03 6.612939834594726562e-01
5.049619999999778884e+03 7.103711366653442383e-01
5.051099999999778447e+03 5.831688642501831055e-01
5.052579999999778011e+03 6.926646232604980469e-01
5.054059999999777574e+03 6.645759940147399902e-01
5.055539999999777137e+03 6.964884996414184570e-01
5.057019999999776701e+03 6.668062210083007812e-01
5.058499999999776264e+03 6.281981468200683594e-01
5.059979999999775828e+03 6.608729362487792969e-01
5.061459999999775391e+03 7.154738306999206543e-01
5.062939999999774955e+03 6.279150843620300293e-01
5.064419999999774518e+03 6.931838989257812500e-01
5.065899999999774082e+03 7.597075104713439941e-01
5.067379999999773645e+03 7.124342918395996094e-01
5.068859999999773208e+03 7.642213702201843262e-01
5.070339999999772772e+03 7.589637041091918945e-01
5.071819999999772335e+03 6.727380752563476562e-01
5.073299999999771899e+03 8.194925785064697266e-01
5.074779999999771462e+03 1.768519878387451172e+00
5.076259999999771026e+03 2.770055294036865234e+00
5.077739999999770589e+03 2.167348861694335938e+00
5.079219999999770152e+03 8.077189922332763672e-01
5.080699999999769716e+03 7.145043015480041504e-01
5.082179999999769279e+03 7.483280301094055176e-01
5.083659999999768843e+03 6.958006620407104492e-01
5.085139999999768406e+03 6.609047651290893555e-01
5.086619999999767970e+03 7.342171072959899902e-01
5.088099999999767533e+03 7.070376276969909668e-01
5.089579999999767097e+03 7.115557789802551270e-01
5.091059999999766660e+03 7.291362881660461426e-01
5.092539999999766223e+03 7.823342680931091309e-01
5.094019999999765787e+03 7.720239162445068359e-01
5.095499999999765350e+03 6.336963772773742676e-01
5.096979999999764914e+03 6.212379336357116699e-01
5.098459999999764477e+03 7.187448143959045410e-01
5.099939999999764041e+03 6.639735102653503418e-01
5.101419999999763604e+03 7.210111618041992188e-01
5.102899999999763168e+03 7.406016588211059570e-01
5.104379999999762731e+03 8.242836594581604004e-01
5.105859999999762294e+03 7.490875124931335449e-01
5.107339999999761858e+03 5.764172077178955078e-01
5.108819999999761421e+03 6.419880390167236328e-01
5.110299999999760985e+03 7.553630471229553223e-01
5.111779999999760548e+03 7.645686864852905273e-01
5.113259999999760112e+03 7.170485854148864746e-01
5.114739999999759675e+03 7.243894338607788086e-01
5.116219999999759239e+03 7.929179072380065918e-01
5.117699999999758802e+03 6.528730392456054688e-01
5.119179999999758365e+03 6.619387269020080566e-01
5.120659999999757929e+03 5.865305662155151367e-01
5.122139999999757492e+03 7.661821246147155762e-01
5.123619999999757056e+03 3.551462888717651367e+00
5.125099999999756619e+03 7.121955394744873047e+00
5.126579999999756183e+03 5.485448837280273438e+00
5.128059999999755746e+03 1.454934000968933105e+00
5.129539999999755310e+03 6.589835286140441895e-01
5.131019999999754873e+03 6.413736939430236816e-01
5.132499999999754436e+03 7.594709992408752441e-01
5.133979999999754000e+03 8.594310283660888672e-01
5.135459999999753563e+03 8.159545660018920898e-01
5.136939999999753127e+03 6.452495455741882324e-01
5.138419999999752690e+03 6.629751920700073242e-01
5.139899999999752254e+03 8.482764363288879395e-01
5.141379999999751817e+03 7.574690580368041992e-01
5.142859999999751381e+03 7.363522648811340332e-01
5.144339999999750944e+03 7.818810939788818359e-01
5.145819999999750507e+03 7.086495757102966309e-01
5.147299999999750071e+03 6.436353921890258789e-01
5.148779999999749634e+03 6.907027959823608398e-01
5.150259999999749198e+03 7.271351218223571777e-01
5.151739999999748761e+03 6.913208961486816406e-01
5.153219999999748325e+03 6.918247342109680176e-01
5.154699999999747888e+03 6.836132407188415527e-01
5.156179999999747452e+03 7.864686846733093262e-01
5.157659999999747015e+03 7.078523039817810059e-01
5.159139999999746578e+03 6.591727137565612793e-01
5.160619999999746142e+03 6.441373825073242188e-01
5.162099999999745705e+03 7.210345268249511719e-01
5.163579999999745269e+03 7.574191689491271973e-01
5.165059999999744832e+03 6.389214992523193359e-01
5.166539999999744396e+03 7.461289763450622559e-01
5.168019999999743959e+03 7.495967149734497070e-01
5.169499999999743522e+03 7.499132156372070312e-01
5.170979999999743086e+03 6.752475500106811523e-01
5.172459999999742649e+03 6.791543364524841309e-01
5.173939999999742213e+03 7.356266379356384277e-01
5.175419999999741776e+03 7.368916869163513184e-01
5.176899999999741340e+03 6.878949403762817383e-01
5.178379999999740903e+03 7.587043046951293945e-01
5.179859999999740467e+03 7.935978174209594727e-01
5.181339999999740030e+03 7.488018870353698730e-01
5.182819999999739593e+03 6.959720253944396973e-01
5.184299999999739157e+03 6.186824440956115723e-01
5.185779999999738720e+03 7.409963011741638184e-01
5.187259999999738284e+03 6.249174475669860840e-01
5.188739999999737847e+03 6.882094740867614746e-01
5.190219999999737411e+03 7.600106000900268555e-01
5.191699999999736974e+03 7.246301174163818359e-01
5.193179999999736538e+03 7.220492959022521973e-01
5.194659999999736101e+03 7.341420650482177734e-01
5.196139999999735664e+03 7.603040933609008789e-01
5.197619999999735228e+03 6.772921681404113770e-01
5.199099999999734791e+03 7.640864849090576172e-01
5.200579999999734355e+03 7.679473161697387695e-01
5.202059999999733918e+03 7.120935916900634766e-01
5.203539999999733482e+03 8.344569206237792969e-01
5.205019999999733045e+03 7.645767927169799805e-01
5.206499999999732609e+03 6.803309917449951172e-01
5.207979999999732172e+03 6.700435876846313477e-01
5.209459999999731735e+03 6.922846436500549316e-01
5.210939999999731299e+03 7.737498283386230469e-01
5.212419999999730862e+03 7.069353461265563965e-01
5.213899999999730426e+03 8.224402666091918945e-01
5.215379999999729989e+03 7.972974777221679688e-01
5.216859999999729553e+03 7.205865383148193359e-01
5.218339999999729116e+03 7.335610985755920410e-01
5.219819999999728680e+03 7.614557147026062012e-01
5.221299999999728243e+03 8.061642050743103027e-01
5.222779999999727806e+03 7.086773514747619629e-01
5.224259999999727370e+03 7.485948801040649414e-01
5.225739999999726933e+03 7.598063945770263672e-01
5.227219999999726497e+03 7.441962957382202148e-01
5.228699999999726060e+03 7.343327999114990234e-01
5.230179999999725624e+03 7.274809479713439941e-01
5.231659999999725187e+03 7.377827167510986328e-01
5.233139999999724751e+03 7.696851491928100586e-01
5.234619999999724314e+03 7.141560912132263184e-01
5.236099999999723877e+03 7.342415452003479004e-01
5.237579999999723441e+03 7.598067522048950195e-01
5.239059999999723004e+03 7.323565483093261719e-01
5.240539999999722568e+03 7.666625976562500000e-01
5.242019999999722131e+03 7.207092642784118652e-01
5.243499999999721695e+03 6.870757341384887695e-01
5.244979999999721258e+03 8.950430154800415039e-01
5.246459999999720822e+03 7.066972255706787109e-01
5.247939999999720385e+03 6.793655157089233398e-01
5.249419999999719948e+03 6.431316733360290527e-01
5.250899999999719512e+03 7.213369011878967285e-01
5.252379999999719075e+03 6.659896969795227051e-01
5.253859999999718639e+03 7.651385664939880371e-01
5.255339999999718202e+03 7.944267392158508301e-01
5.256819999999717766e+03 7.647921442985534668e-01
5.258299999999717329e+03 6.885384321212768555e-01
5.259779999999716892e+03 7.869398593902587891e-01
5.261259999999716456e+03 8.904925584793090820e-01
5.262739999999716019e+03 8.628917932510375977e-01
5.264219999999715583e+03 7.088500857353210449e-01
5.265699999999715146e+03 6.290487647056579590e-01
5.267179999999714710e+03 6.902067065238952637e-01
5.268659999999714273e+03 6.702110171318054199e-01
5.270139999999713837e+03 7.303001880645751953e-01
5.271619999999713400e+03 6.512394547462463379e-01
5.273099999999712963e+03 8.289204835891723633e-01
5.274579999999712527e+03 5.230123996734619141e-01
5.276059999999712090e+03 6.916050910949707031e-01
5.277539999999711654e+03 7.622679471969604492e-01
5.279019999999711217e+03 7.205516099929809570e-01
5.280499999999710781e+03 6.583070755004882812e-01
5.281979999999710344e+03 7.009944915771484375e-01
5.283459999999709908e+03 6.594585776329040527e-01
5.284939999999709471e+03 7.244826555252075195e-01
5.286419999999709034e+03 7.255617976188659668e-01
5.287899999999708598e+03 6.870496869087219238e-01
5.289379999999708161e+03 6.477653980255126953e-01
5.290859999999707725e+03 6.871153116226196289e-01
5.292339999999707288e+03 7.144737839698791504e-01
5.293819999999706852e+03 6.635852456092834473e-01
5.295299999999706415e+03 6.146463155746459961e-01
5.296779999999705979e+03 6.537622809410095215e-01
5.298259999999705542e+03 7.326875329017639160e-01
5.299739999999705105e+03 7.424961924552917480e-01
5.301219999999704669e+03 6.614463329315185547e-01
5.302699999999704232e+03 6.370629668235778809e-01
5.304179999999703796e+03 6.927556395530700684e-01
5.305659999999703359e+03 7.175466418266296387e-01
5.307139999999702923e+03 7.109526395797729492e-01
5.308619999999702486e+03 7.297339439392089844e-01
5.310099999999702050e+03 7.066034078598022461e-01
5.311579999999701613e+03 7.482920885086059570e-01
5.313059999999701176e+03 7.152196168899536133e-01
5.314539999999700740e+03 6.906600594520568848e-01
5.316019999999700303e+03 6.231821179389953613e-01
5.317499999999699867e+03 7.055252194404602051e-01
5.318979999999699430e+03 7.283899188041687012e-01
5.320459999999698994e+03 7.651929855346679688e-01
5.321939999999698557e+03 8.260527849197387695e-01
5.323419999999698121e+03 7.465726137161254883e-01
5.324899999999697684e+03 7.841430902481079102e-01
5.326379999999697247e+03 7.044553160667419434e-01
5.327859999999696811e+03 6.339637041091918945e-01
5.329339999999696374e+03 6.965944766998291016e-01
5.330819999999695938e+03 7.297291159629821777e-01
5.332299999999695501e+03 7.548761367797851562e-01
5.333779999999695065e+03 7.310478687286376953e-01
5.335259999999694628e+03 7.031320333480834961e-01
5.336739999999694192e+03 7.541134953498840332e-01
5.338219999999693755e+03 6.591518521308898926e-01
5.339699999999693318e+03 6.630342006683349609e-01
5.341179999999692882e+03 6.964035034179687500e-01
5.342659999999692445e+03 7.141461968421936035e-01
5.344139999999692009e+03 7.202428579330444336e-01
5.345619999999691572e+03 6.909545660018920898e-01
5.347099999999691136e+03 7.628780007362365723e-01
5.348579999999690699e+03 6.019629836082458496e-01
5.350059999999690262e+03 6.623339056968688965e-01
5.351539999999689826e+03 7.277985811233520508e-01
5.353019999999689389e+03 6.041867136955261230e-01
5.354499999999688953e+03 6.345050334930419922e-01
5.355979999999688516e+03 7.581036090850830078e-01
5.357459999999688080e+03 7.022686004638671875e-01
5.358939999999687643e+03 6.966651082038879395e-01
5.360419999999687207e+03 7.298014163970947266e-01
5.361899999999686770e+03 7.134371995925903320e-01
5.363379999999686333e+03 6.952486634254455566e-01
5.364859999999685897e+03 7.014683485031127930e-01
5.366339999999685460e+03 7.850202918052673340e-01
5.367819999999685024e+03 7.973420619964599609e-01
5.369299999999684587e+03 7.474895715713500977e-01
5.370779999999684151e+03 7.045214176177978516e-01
5.372259999999683714e+03 7.183309197425842285e-01
5.373739999999683278e+03 7.158940434455871582e-01
5.375219999999682841e+03 6.644644737243652344e-01
5.376699999999682404e+03 6.941958665847778320e-01
5.378179999999681968e+03 7.226738929748535156e-01
5.379659999999681531e+03 6.873289942741394043e-01
5.381139999999681095e+03 7.000634670257568359e-01
5.382619999999680658e+03 6.809128522872924805e-01
5.384099999999680222e+03 7.191504240036010742e-01
5.385579999999679785e+03 7.244005203247070312e-01
5.387059999999679349e+03 7.890089154243469238e-01
5.388539999999678912e+03 7.161234617233276367e-01
5.390019999999678475e+03 6.429712772369384766e-01
5.391499999999678039e+03 6.215910315513610840e-01
5.392979999999677602e+03 6.876978874206542969e-01
5.394459999999677166e+03 6.411083340644836426e-01
5.395939999999676729e+03 7.536618709564208984e-01
5.397419999999676293e+03 7.482485175132751465e-01
5.398899999999675856e+03 6.682565808296203613e-01
5.400379999999675420e+03 6.714966893196105957e-01
5.401859999999674983e+03 6.845392584800720215e-01
5.403339999999674546e+03 7.250106334686279297e-01
5.404819999999674110e+03 6.445320248603820801e-01
5.406299999999673673e+03 6.934298872947692871e-01
5.407779999999673237e+03 7.886932492256164551e-01
5.409259999999672800e+03 7.191628217697143555e-01
5.410739999999672364e+03 6.313558220863342285e-01
5.412219999999671927e+03 6.685776710510253906e-01
5.413699999999671491e+03 7.603859305381774902e-01
5.415179999999671054e+03 8.351199030876159668e-01
5.416659999999670617e+03 7.672137022018432617e-01
5.418139999999670181e+03 7.158608436584472656e-01
5.419619999999669744e+03 6.840053200721740723e-01
5.421099999999669308e+03 6.653338670730590820e-01
5.422579999999668871e+03 6.654596924781799316e-01
5.424059999999668435e+03 6.828410029411315918e-01
5.425539999999667998e+03 6.847063302993774414e-01
5.427019999999667561e+03 6.989114284515380859e-01
5.428499999999667125e+03 7.010072469711303711e-01
5.429979999999666688e+03 7.013922333717346191e-01
5.431459999999666252e+03 7.659643292427062988e-01
5.432939999999665815e+03 8.139418363571166992e-01
5.434419999999665379e+03 7.626638412475585938e-01
5.435899999999664942e+03 7.476056218147277832e-01
5.437379999999664506e+03 7.663399577140808105e-01
5.438859999999664069e+03 7.416539192199707031e-01
5.440339999999663632e+03 7.122160196304321289e-01
5.441819999999663196e+03 6.897198557853698730e-01
5.443299999999662759e+03 7.127162814140319824e-01
5.444779999999662323e+03 6.707071661949157715e-01
5.446259999999661886e+03 6.321127414703369141e-01
5.447739999999661450e+03 7.894819378852844238e-01
5.449219999999661013e+03 6.961125135421752930e-01
5.450699999999660577e+03 6.487048864364624023e-01
5.452179999999660140e+03 6.271684765815734863e-01
5.453659999999659703e+03 6.373813748359680176e-01
5.455139999999659267e+03 6.635592579841613770e-01
5.456619999999658830e+03 6.513149738311767578e-01
5.458099999999658394e+03 6.977293491363525391e-01
5.459579999999657957e+03 7.343699932098388672e-01
5.461059999999657521e+03 7.043913006782531738e-01
5.462539999999657084e+03 6.686152815818786621e-01
5.464019999999656648e+03 7.273769378662109375e-01
5.465499999999656211e+03 7.082676291465759277e-01
5.466979999999655774e+03 7.201360464096069336e-01
5.468459999999655338e+03 7.487881183624267578e-01
5.469939999999654901e+03 6.859385371208190918e-01
5.471419999999654465e+03 6.712425351142883301e-01
5.472899999999654028e+03 6.474199891090393066e-01
5.474379999999653592e+03 7.475342750549316406e-01
5.475859999999653155e+03 7.059118151664733887e-01
5.477339999999652719e+03 6.876502633094787598e-01
5.478819999999652282e+03 7.174713015556335449e-01
5.480299999999651845e+03 6.904597878456115723e-01
5.481779999999651409e+03 7.566952705383300781e-01
5.483259999999650972e+03 7.891377210617065430e-01
5.484739999999650536e+03 7.246751785278320312e-01
5.486219999999650099e+03 6.778311729431152344e-01
5.487699999999649663e+03 6.437766551971435547e-01
5.489179999999649226e+03 6.790357232093811035e-01
5.490659999999648790e+03 7.640635371208190918e-01
5.492139999999648353e+03 6.799197793006896973e-01
5.493619999999647916e+03 7.433843612670898438e-01
5.495099999999647480e+03 7.171211838722229004e-01
5.496579999999647043e+03 6.269330382347106934e-01
5.498059999999646607e+03 6.912845969200134277e-01
5.499539999999646170e+03 7.434174418449401855e-01
5.501019999999645734e+03 7.428891062736511230e-01
5.502499999999645297e+03 7.538450956344604492e-01
5.503979999999644861e+03 7.072164416313171387e-01
5.505459999999644424e+03 6.796128153800964355e-01
5.506939999999643987e+03 7.014935612678527832e-01
5.508419999999643551e+03 7.044159173965454102e-01
5.509899999999643114e+03 6.627932786941528320e-01
5.511379999999642678e+03 6.847237348556518555e-01
5.512859999999642241e+03 7.362862825393676758e-01
5.514339999999641805e+03 6.685066223144531250e-01
5.515819999999641368e+03 6.445293426513671875e-01
5.517299999999640931e+03 6.444781422615051270e-01
5.518779999999640495e+03 7.558399438858032227e-01
5.520259999999640058e+03 7.702842950820922852e-01
5.521739999999639622e+03 6.627562642097473145e-01
5.523219999999639185e+03 6.250851154327392578e-01
5.524699999999638749e+03 7.116866111755371094e-01
5.526179999999638312e+03 7.116262912750244141e-01
5.527659999999637876e+03 7.364531159400939941e-01
5.529139999999637439e+03 7.635532021522521973e-01
5.530619999999637002e+03 7.277708053588867188e-01
5.532099999999636566e+03 6.533030867576599121e-01
5.533579999999636129e+03 6.713639497756958008e-01
5.535059999999635693e+03 6.586046814918518066e-01
5.536539999999635256e+03 6.358441114425659180e-01
5.538019999999634820e+03 6.499848961830139160e-01
5.539499999999634383e+03 6.799736618995666504e-01
5.540979999999633947e+03 6.779450178146362305e-01
5.542459999999633510e+03 6.327931284904479980e-01
5.543939999999633073e+03 6.536856293678283691e-01
5.545419999999632637e+03 7.042809128761291504e-01
5.546899999999632200e+03 6.935716867446899414e-01
5.548379999999631764e+03 6.483064889907836914e-01
5.549859999999631327e+03 6.979798674583435059e-01
5.551339999999630891e+03 6.612372398376464844e-01
5.552819999999630454e+03 6.780946850776672363e-01
5.554299999999630018e+03 7.408010959625244141e-01
5.555779999999629581e+03 7.254952192306518555e-01
5.557259999999629144e+03 6.784859895706176758e-01
5.558739999999628708e+03 7.012497782707214355e-01
5.560219999999628271e+03 6.182922124862670898e-01
5.561699999999627835e+03 6.605206131935119629e-01
5.563179999999627398e+03 6.089025139808654785e-01
5.564659999999626962e+03 6.117094159126281738e-01
5.566139999999626525e+03 6.668739914894104004e-01
5.567619999999626089e+03 6.956226229667663574e-01
5.569099999999625652e+03 7.253046631813049316e-01
5.570579999999625215e+03 6.638576388359069824e-01
5.572059999999624779e+03 6.430888175964355469e-01
5.573539999999624342e+03 6.540133357048034668e-01
5.575019999999623906e+03 4.750635027885437012e-01
5.576499999999623469e+03 7.413279414176940918e-01
5.577979999999623033e+03 7.687618732452392578e-01
5.579459999999622596e+03 5.484636425971984863e-01
5.580939999999622160e+03 7.065346240997314453e-01
5.582419999999621723e+03 7.473170161247253418e-01
5.583899999999621286e+03 6.669270396232604980e-01
5.585379999999620850e+03 6.742725372314453125e-01
5.586859999999620413e+03 6.675294041633605957e-01
5.588339999999619977e+03 6.732823848724365234e-01
5.589819999999619540e+03 6.580746173858642578e-01
5.591299999999619104e+03 5.735618472099304199e-01
5.592779999999618667e+03 6.441742777824401855e-01
5.594259999999618231e+03 6.637621521949768066e-01
5.595739999999617794e+03 6.949953436851501465e-01
5.597219999999617357e+03 6.448171734809875488e-01
5.598699999999616921e+03 6.929203271865844727e-01
5.600179999999616484e+03 6.337825655937194824e-01
5.601659999999616048e+03 6.560977697372436523e-01
5.603139999999615611e+03 6.226955056190490723e-01
5.604619999999615175e+03 6.653127670288085938e-01
5.606099999999614738e+03 6.182842850685119629e-01
5.607579999999614301e+03 6.153213977813720703e-01
5.609059999999613865e+03 6.233595013618469238e-01
5.610539999999613428e+03 5.920926332473754883e-01
5.612019999999612992e+03 6.275830864906311035e-01
5.613499999999612555e+03 6.560176610946655273e-01
5.614979999999612119e+03 6.518631577491760254e-01
5.616459999999611682e+03 6.578352451324462891e-01
5.617939999999611246e+03 6.520088315010070801e-01
5.619419999999610809e+03 6.243935823440551758e-01
5.620899999999610372e+03 6.759330630302429199e-01
5.622379999999609936e+03 6.509538888931274414e-01
5.623859999999609499e+03 6.819669604301452637e-01
5.625339999999609063e+03 6.463469266891479492e-01
5.626819999999608626e+03 6.342684030532836914e-01
5.628299999999608190e+03 6.845983862876892090e-01
5.629779999999607753e+03 6.718759536743164062e-01
5.631259999999607317e+03 5.963969826698303223e-01
5.632739999999606880e+03 6.689402461051940918e-01
5.634219999999606443e+03 7.012903094291687012e-01
5.635699999999606007e+03 6.776713132858276367e-01
5.637179999999605570e+03 6.453597545623779297e-01
5.638659999999605134e+03 6.546686291694641113e-01
5.640139999999604697e+03 6.876229643821716309e-01
5.641619999999604261e+03 6.866433620452880859e-01
5.643099999999603824e+03 6.998591423034667969e-01
5.644579999999603388e+03 6.935397982597351074e-01
5.646059999999602951e+03 6.870925426483154297e-01
5.647539999999602514e+03 6.995573043823242188e-01
5.649019999999602078e+03 7.043465971946716309e-01
5.650499999999601641e+03 6.595489978790283203e-01
5.651979999999601205e+03 5.767278075218200684e-01
5.653459999999600768e+03 6.475799083709716797e-01
5.654939999999600332e+03 6.902288794517517090e-01
5.656419999999599895e+03 6.630658507347106934e-01
5.657899999999599459e+03 6.674609184265136719e-01
5.659379999999599022e+03 6.854370832443237305e-01
5.660859999999598585e+03 6.564232110977172852e-01
5.662339999999598149e+03 6.094843149185180664e-01
5.663819999999597712e+03 6.155616044998168945e-01
5.665299999999597276e+03 5.888016223907470703e-01
5.666779999999596839e+03 6.119512915611267090e-01
5.668259999999596403e+03 6.450805664062500000e-01
5.669739999999595966e+03 6.535326838493347168e-01
5.671219999999595530e+03 6.626489758491516113e-01
5.672699999999595093e+03 6.637069582939147949e-01
5.674179999999594656e+03 6.393995285034179688e-01
5.675659999999594220e+03 6.252415776252746582e-01
5.677139999999593783e+03 6.928379535675048828e-01
5.678619999999593347e+03 6.671003103256225586e-01
5.680099999999592910e+03 6.125632524490356445e-01
5.681579999999592474e+03 6.183246374130249023e-01
5.683059999999592037e+03 6.615129709243774414e-01
5.684539999999591600e+03 6.625314950942993164e-01
5.686019999999591164e+03 6.477601528167724609e-01
5.687499999999590727e+03 6.655312776565551758e-01
5.688979999999590291e+03 6.620740294456481934e-01
5.690459999999589854e+03 6.476524472236633301e-01
5.691939999999589418e+03 5.955965518951416016e-01
5.693419999999588981e+03 6.718888878822326660e-01
5.694899999999588545e+03 6.704497933387756348e-01
5.696379999999588108e+03 7.009757161140441895e-01
5.697859999999587671e+03 6.944410204887390137e-01
5.699339999999587235e+03 5.737023353576660156e-01
5.700819999999586798e+03 6.221881508827209473e-01
5.702299999999586362e+03 6.493119001388549805e-01
5.703779999999585925e+03 6.429449319839477539e-01
5.705259999999585489e+03 6.304544210433959961e-01
5.706739999999585052e+03 6.296312808990478516e-01
5.708219999999584616e+03 6.654105782508850098e-01
5.709699999999584179e+03 6.682916879653930664e-01
5.711179999999583742e+03 5.102586150169372559e-01
5.712659999999583306e+03 6.122392416000366211e-01
5.714139999999582869e+03 6.285376548767089844e-01
5.715619999999582433e+03 6.575493216514587402e-01
5.717099999999581996e+03 6.414859294891357422e-01
5.718579999999581560e+03 5.628327727317810059e-01
5.720059999999581123e+03 6.720983386039733887e-01
5.721539999999580687e+03 6.727221012115478516e-01
5.723019999999580250e+03 6.368116140365600586e-01
5.724499999999579813e+03 6.335768103599548340e-01
5.725979999999579377e+03 6.087788939476013184e-01
5.727459999999578940e+03 6.517549753189086914e-01
5.728939999999578504e+03 6.896925568580627441e-01
5.730419999999578067e+03 6.243994235992431641e-01
5.731899999999577631e+03 6.180819272994995117e-01
5.733379999999577194e+03 6.043172478675842285e-01
5.734859999999576758e+03 6.663132309913635254e-01
5.736339999999576321e+03 7.116253376007080078e-01
5.737819999999575884e+03 7.027132511138916016e-01
5.739299999999575448e+03 6.660659909248352051e-01
5.740779999999575011e+03 6.901666522026062012e-01
5.742259999999574575e+03 6.390795707702636719e-01
5.743739999999574138e+03 6.447907686233520508e-01
5.745219999999573702e+03 6.476104855537414551e-01
5.746699999999573265e+03 6.164036989212036133e-01
5.748179999999572829e+03 5.642193555831909180e-01
5.749659999999572392e+03 6.365823149681091309e-01
5.751139999999571955e+03 6.468726396560668945e-01
5.752619999999571519e+03 6.694372296333312988e-01
5.754099999999571082e+03 6.675121784210205078e-01
5.755579999999570646e+03 6.395449042320251465e-01
5.757059999999570209e+03 5.747399330139160156e-01
5.758539999999569773e+03 5.829289555549621582e-01
5.760019999999569336e+03 6.215763092041015625e-01
5.761499999999568900e+03 6.397580504417419434e-01
5.762979999999568463e+03 6.480202078819274902e-01
5.764459999999568026e+03 6.162453889846801758e-01
5.765939999999567590e+03 6.058369874954223633e-01
5.767419999999567153e+03 7.025860548019409180e-01
5.768899999999566717e+03 7.028108835220336914e-01
5.770379999999566280e+03 6.376980543136596680e-01
5.771859999999565844e+03 7.089490890502929688e-01
5.773339999999565407e+03 6.389167308807373047e-01
5.774819999999564970e+03 5.787861347198486328e-01
5.776299999999564534e+03 6.191788315773010254e-01
5.777779999999564097e+03 6.392955780029296875e-01
5.779259999999563661e+03 6.409931182861328125e-01
5.780739999999563224e+03 5.816029310226440430e-01
5.782219999999562788e+03 6.741372346878051758e-01
5.783699999999562351e+03 6.249363422393798828e-01
5.785179999999561915e+03 5.611851215362548828e-01
5.786659999999561478e+03 6.841561198234558105e-01
5.788139999999561041e+03 6.125271916389465332e-01
5.789619999999560605e+03 6.087753772735595703e-01
5.791099999999560168e+03 6.431345343589782715e-01
5.792579999999559732e+03 6.545255184173583984e-01
5.794059999999559295e+03 6.003335118293762207e-01
5.795539999999558859e+03 6.256389617919921875e-01
5.797019999999558422e+03 6.503360867500305176e-01
5.798499999999557986e+03 6.656877398490905762e-01
5.799979999999557549e+03 6.279879212379455566e-01
5.801459999999557112e+03 6.945479512214660645e-01
5.802939999999556676e+03 6.295338869094848633e-01
5.804419999999556239e+03 6.253008842468261719e-01
5.805899999999555803e+03 6.380453705787658691e-01
5.807379999999555366e+03 5.970418453216552734e-01
5.808859999999554930e+03 6.260518431663513184e-01
5.810339999999554493e+03 5.939188003540039062e-01
5.811819999999554057e+03 6.359294056892395020e-01
5.813299999999553620e+03 6.507706046104431152e-01
5.814779999999553183e+03 6.605074405670166016e-01
5.816259999999552747e+03 6.273021697998046875e-01
5.817739999999552310e+03 5.753306150436401367e-01
5.819219999999551874e+03 6.007305383682250977e-01
5.820699999999551437e+03 6.507371664047241211e-01
5.822179999999551001e+03 7.171824574470520020e-01
5.823659999999550564e+03 6.600900888442993164e-01
5.825139999999550128e+03 6.455571651458740234e-01
5.826619999999549691e+03 6.237584948539733887e-01
5.828099999999549254e+03 6.556505560874938965e-01
5.829579999999548818e+03 7.048676609992980957e-01
5.831059999999548381e+03 6.661684513092041016e-01
5.832539999999547945e+03 5.795497298240661621e-01
5.834019999999547508e+03 6.373299360275268555e-01
5.835499999999547072e+03 6.384404301643371582e-01
5.836979999999546635e+03 6.431381106376647949e-01
5.838459999999546199e+03 6.685125231742858887e-01
5.839939999999545762e+03 6.342244148254394531e-01
5.841419999999545325e+03 6.307127475738525391e-01
5.842899999999544889e+03 6.467709541320800781e-01
5.844379999999544452e+03 6.222896575927734375e-01
5.845859999999544016e+03 6.626837253570556641e-01
5.847339999999543579e+03 6.601004004478454590e-01
5.848819999999543143e+03 6.879601478576660156e-01
5.850299999999542706e+03 6.445834040641784668e-01
5.851779999999542270e+03 6.374061107635498047e-01
5.853259999999541833e+03 6.655557751655578613e-01
5.854739999999541396e+03 6.388572454452514648e-01
5.856219999999540960e+03 6.306136250495910645e-01
5.857699999999540523e+03 6.451860666275024414e-01
5.859179999999540087e+03 6.558253765106201172e-01
5.860659999999539650e+03 6.986634731292724609e-01
5.862139999999539214e+03 6.146740913391113281e-01
5.863619999999538777e+03 6.616306304931640625e-01
5.865099999999538340e+03 7.329441905021667480e-01
5.866579999999537904e+03 7.198466062545776367e-01
5.868059999999537467e+03 6.228484511375427246e-01
5.869539999999537031e+03 5.866521000862121582e-01
5.871019999999536594e+03 6.956447362899780273e-01
5.872499999999536158e+03 7.359457612037658691e-01
5.873979999999535721e+03 6.727592945098876953e-01
5.875459999999535285e+03 6.499699950218200684e-01
5.876939999999534848e+03 6.992974877357482910e-01
5.878419999999534411e+03 6.546189785003662109e-01
5.879899999999533975e+03 6.106814146041870117e-01
5.881379999999533538e+03 6.684898734092712402e-01
5.882859999999533102e+03 6.633766293525695801e-01
5.884339999999532665e+03 5.916557908058166504e-01
5.885819999999532229e+03 6.781262755393981934e-01
5.887299999999531792e+03 6.651257872581481934e-01
5.888779999999531356e+03 5.964650511741638184e-01
5.890259999999530919e+03 7.749537825584411621e-01
5.891739999999530482e+03 7.598856687545776367e-01
5.893219999999530046e+03 6.575134992599487305e-01
5.894699999999529609e+03 6.939739584922790527e-01
5.896179999999529173e+03 6.290814280509948730e-01
5.897659999999528736e+03 6.100881099700927734e-01
5.899139999999528300e+03 6.374107599258422852e-01
5.900619999999527863e+03 6.379997730255126953e-01
5.902099999999527427e+03 6.693933606147766113e-01
5.903579999999526990e+03 6.416992545127868652e-01
5.905059999999526553e+03 6.505216956138610840e-01
5.906539999999526117e+03 7.349249124526977539e-01
5.908019999999525680e+03 6.815276145935058594e-01
5.909499999999525244e+03 5.923619866371154785e-01
5.910979999999524807e+03 5.961441397666931152e-01
5.912459999999524371e+03 5.876913070678710938e-01
5.913939999999523934e+03 6.033972501754760742e-01
5.915419999999523498e+03 6.361216306686401367e-01
5.916899999999523061e+03 6.251547932624816895e-01
5.918379999999522624e+03 6.065338850021362305e-01
5.919859999999522188e+03 6.745357513427734375e-01
5.921339999999521751e+03 6.513796448707580566e-01
5.922819999999521315e+03 6.042543053627014160e-01
5.924299999999520878e+03 6.485955119132995605e-01
5.925779999999520442e+03 6.543644070625305176e-01
5.927259999999520005e+03 5.947696566581726074e-01
5.928739999999519569e+03 5.752267837524414062e-01
5.930219999999519132e+03 5.974760055541992188e-01
5.931699999999518695e+03 6.508368253707885742e-01
5.933179999999518259e+03 6.339245438575744629e-01
5.934659999999517822e+03 6.110519170761108398e-01
5.936139999999517386e+03 6.961537003517150879e-01
5.937619999999516949e+03 6.939980983734130859e-01
5.939099999999516513e+03 6.451500654220581055e-01
5.940579999999516076e+03 6.680677533149719238e-01
5.942059999999515640e+03 6.460098028182983398e-01
5.943539999999515203e+03 6.308894753456115723e-01
5.945019999999514766e+03 7.274677753448486328e-01
5.946499999999514330e+03 6.992378234863281250e-01
5.947979999999513893e+03 5.564656257629394531e-01
5.949459999999513457e+03 6.855456233024597168e-01
5.950939999999513020e+03 7.855122685432434082e-01
5.952419999999512584e+03 6.750397682189941406e-01
5.953899999999512147e+03 6.913661956787109375e-01
5.955379999999511710e+03 6.625241637229919434e-01
5.956859999999511274e+03 6.993706822395324707e-01
5.958339999999510837e+03 7.506875395774841309e-01
5.959819999999510401e+03 6.764228940010070801e-01
5.961299999999509964e+03 6.349282264709472656e-01
5.962779999999509528e+03 6.418820619583129883e-01
5.964259999999509091e+03 6.314095258712768555e-01
5.965739999999508655e+03 6.662852764129638672e-01
5.967219999999508218e+03 6.147497296333312988e-01
5.968699999999507781e+03 6.519387364387512207e-01
5.970179999999507345e+03 6.744075417518615723e-01
5.971659999999506908e+03 6.526895761489868164e-01
5.973139999999506472e+03 7.183182239532470703e-01
5.974619999999506035e+03 6.561538577079772949e-01
5.976099999999505599e+03 5.601369142532348633e-01
5.977579999999505162e+03 6.318607330322265625e-01
5.979059999999504726e+03 5.588942766189575195e-01
5.980539999999504289e+03 5.863056778907775879e-01
5.982019999999503852e+03 6.054345965385437012e-01
5.983499999999503416e+03 6.276932358741760254e-01
5.984979999999502979e+03 6.449899673461914062e-01
5.986459999999502543e+03 6.221805214881896973e-01
5.987939999999502106e+03 6.372845768928527832e-01
5.989419999999501670e+03 6.135349273681640625e-01
5.990899999999501233e+03 6.021203398704528809e-01
5.992379999999500797e+03 6.165933609008789062e-01
5.993859999999500360e+03 6.196957826614379883e-01
5.995339999999499923e+03 6.064450740814208984e-01
5.996819999999499487e+03 5.940697789192199707e-01
5.998299999999499050e+03 6.107335090637207031e-01
5.999779999999498614e+03 5.943260192871093750e-01
6.001259999999498177e+03 5.919451117515563965e-01
6.002739999999497741e+03 5.865374803543090820e-01
6.004219999999497304e+03 5.983611345291137695e-01
6.005699999999496868e+03 6.182273626327514648e-01
6.007179999999496431e+03 5.916038751602172852e-01
6.008659999999495994e+03 6.262283921241760254e-01
6.010139999999495558e+03 6.098013520240783691e-01
6.011619999999495121e+03 5.569634437561035156e-01
6.013099999999494685e+03 8.473424911499023438e-01
6.014579999999494248e+03 1.356342554092407227e+00
6.016059999999493812e+03 1.311569929122924805e+00
6.017539999999493375e+03 8.494321107864379883e-01
6.019019999999492939e+03 6.291835904121398926e-01
6.020499999999492502e+03 5.302894711494445801e-01
6.021979999999492065e+03 6.118652224540710449e-01
6.023459999999491629e+03 6.511630415916442871e-01
6.024939999999491192e+03 6.110666990280151367e-01
6.026419999999490756e+03 6.239861845970153809e-01
6.027899999999490319e+03 6.106302738189697266e-01
6.029379999999489883e+03 6.340165138244628906e-01
6.030859999999489446e+03 5.707632303237915039e-01
6.032339999999489009e+03 6.546822190284729004e-01
6.033819999999488573e+03 6.507834196090698242e-01
6.035299999999488136e+03 5.433329343795776367e-01
6.036779999999487700e+03 5.151057243347167969e-01
6.038259999999487263e+03 6.116424798965454102e-01
6.039739999999486827e+03 6.451303362846374512e-01
6.041219999999486390e+03 6.665896177291870117e-01
6.042699999999485954e+03 6.053767204284667969e-01
6.044179999999485517e+03 5.349023342132568359e-01
6.045659999999485080e+03 5.893241167068481445e-01
6.047139999999484644e+03 5.961478948593139648e-01
6.048619999999484207e+03 5.732577443122863770e-01
6.050099999999483771e+03 6.304792165756225586e-01
6.051579999999483334e+03 6.195700764656066895e-01
6.053059999999482898e+03 5.896018743515014648e-01
6.054539999999482461e+03 6.006044745445251465e-01
6.056019999999482025e+03 5.940157175064086914e-01
6.057499999999481588e+03 6.313122510910034180e-01
6.058979999999481151e+03 5.926178097724914551e-01
6.060459999999480715e+03 6.318959593772888184e-01
6.061939999999480278e+03 5.952397584915161133e-01
6.063419999999479842e+03 6.544650793075561523e-01
6.064899999999479405e+03 6.299733519554138184e-01
6.066379999999478969e+03 6.057220101356506348e-01
6.067859999999478532e+03 6.489201188087463379e-01
6.069339999999478096e+03 6.635138988494873047e-01
6.070819999999477659e+03 6.244698166847229004e-01
6.072299999999477222e+03 5.667977929115295410e-01
6.073779999999476786e+03 5.578483343124389648e-01
6.075259999999476349e+03 6.088238358497619629e-01
6.076739999999475913e+03 6.155812740325927734e-01
6.078219999999475476e+03 5.953547954559326172e-01
6.079699999999475040e+03 5.777546167373657227e-01
6.081179999999474603e+03 6.063228249549865723e-01
6.082659999999474167e+03 6.202559471130371094e-01
6.084139999999473730e+03 6.366427540779113770e-01
6.085619999999473293e+03 6.358992457389831543e-01
6.087099999999472857e+03 6.102920770645141602e-01
6.088579999999472420e+03 6.194930672645568848e-01
6.090059999999471984e+03 5.800070166587829590e-01
6.091539999999471547e+03 6.297197937965393066e-01
6.093019999999471111e+03 6.251853704452514648e-01
6.094499999999470674e+03 6.215705275535583496e-01
6.095979999999470238e+03 6.574060320854187012e-01
6.097459999999469801e+03 6.512795686721801758e-01
6.098939999999469364e+03 6.256456971168518066e-01
6.100419999999468928e+03 6.614716649055480957e-01
6.101899999999468491e+03 5.964846014976501465e-01
6.103379999999468055e+03 5.825840830802917480e-01
6.104859999999467618e+03 6.556811928749084473e-01
6.106339999999467182e+03 6.500152945518493652e-01
6.107819999999466745e+03 6.555286645889282227e-01
6.109299999999466309e+03 6.709193587303161621e-01
6.110779999999465872e+03 7.128495573997497559e-01
6.112259999999465435e+03 5.954257845878601074e-01
6.113739999999464999e+03 6.423759460449218750e-01
6.115219999999464562e+03 6.256592273712158203e-01
6.116699999999464126e+03 5.918250083923339844e-01
6.118179999999463689e+03 6.162487268447875977e-01
6.119659999999463253e+03 6.304212808609008789e-01
6.121139999999462816e+03 6.096863150596618652e-01
6.122619999999462379e+03 5.968825221061706543e-01
6.124099999999461943e+03 6.081936955451965332e-01
6.125579999999461506e+03 5.803655385971069336e-01
6.127059999999461070e+03 6.137303113937377930e-01
6.128539999999460633e+03 6.608669757843017578e-01
6.130019999999460197e+03 5.907747149467468262e-01
6.131499999999459760e+03 6.289280056953430176e-01
6.132979999999459324e+03 6.349968314170837402e-01
6.134459999999458887e+03 5.901031494140625000e-01
6.135939999999458450e+03 5.983519554138183594e-01
6.137419999999458014e+03 5.460467338562011719e-01
6.138899999999457577e+03 5.612717866897583008e-01
6.140379999999457141e+03 6.063973307609558105e-01
6.141859999999456704e+03 5.791651606559753418e-01
6.143339999999456268e+03 5.659827589988708496e-01
6.144819999999455831e+03 5.929352641105651855e-01
6.146299999999455395e+03 6.333242058753967285e-01
6.147779999999454958e+03 6.340945959091186523e-01
6.149259999999454521e+03 5.806092619895935059e-01
6.150739999999454085e+03 5.464659929275512695e-01
6.152219999999453648e+03 5.392313003540039062e-01
6.153699999999453212e+03 5.406377911567687988e-01
6.155179999999452775e+03 5.664187669754028320e-01
6.156659999999452339e+03 6.116728186607360840e-01
6.158139999999451902e+03 6.223984360694885254e-01
6.159619999999451466e+03 6.062219738960266113e-01
6.161099999999451029e+03 5.601539611816406250e-01
6.162579999999450592e+03 5.611807703971862793e-01
6.164059999999450156e+03 5.663011670112609863e-01
6.165539999999449719e+03 5.997175574302673340e-01
6.167019999999449283e+03 6.459761857986450195e-01
6.168499999999448846e+03 5.562810897827148438e-01
6.169979999999448410e+03 5.783608555793762207e-01
6.171459999999447973e+03 5.467919707298278809e-01
6.172939999999447537e+03 6.144834756851196289e-01
6.174419999999447100e+03 5.669293403625488281e-01
6.175899999999446663e+03 6.124393939971923828e-01
6.177379999999446227e+03 6.046341061592102051e-01
6.178859999999445790e+03 5.877082347869873047e-01
6.180339999999445354e+03 6.181347370147705078e-01
6.181819999999444917e+03 5.348730087280273438e-01
6.183299999999444481e+03 5.982664227485656738e-01
6.184779999999444044e+03 5.817908644676208496e-01
6.186259999999443608e+03 5.663607716560363770e-01
6.187739999999443171e+03 5.926857590675354004e-01
6.189219999999442734e+03 6.228561401367187500e-01
6.190699999999442298e+03 5.822783708572387695e-01
6.192179999999441861e+03 5.288790464401245117e-01
6.193659999999441425e+03 5.908324122428894043e-01
6.195139999999440988e+03 5.609008073806762695e-01
6.196619999999440552e+03 5.359649062156677246e-01
6.198099999999440115e+03 5.824353694915771484e-01
6.199579999999439679e+03 5.859622359275817871e-01
6.201059999999439242e+03 5.856017470359802246e-01
6.202539999999438805e+03 6.278352737426757812e-01
6.204019999999438369e+03 6.520950198173522949e-01
6.205499999999437932e+03 6.446785926818847656e-01
6.206979999999437496e+03 6.049716472625732422e-01
6.208459999999437059e+03 5.910563468933105469e-01
6.209939999999436623e+03 6.039682030677795410e-01
6.211419999999436186e+03 6.484077572822570801e-01
6.212899999999435749e+03 6.656751632690429688e-01
6.214379999999435313e+03 5.813673138618469238e-01
6.215859999999434876e+03 5.544291734695434570e-01
6.217339999999434440e+03 5.942262411117553711e-01
6.218819999999434003e+03 6.305525302886962891e-01
6.220299999999433567e+03 6.089308261871337891e-01
6.221779999999433130e+03 5.773708820343017578e-01
6.223259999999432694e+03 5.647938847541809082e-01
6.224739999999432257e+03 6.111391186714172363e-01
6.226219999999431820e+03 5.684810876846313477e-01
6.227699999999431384e+03 5.519568324089050293e-01
6.229179999999430947e+03 5.393742322921752930e-01
6.230659999999430511e+03 5.772749185562133789e-01
6.232139999999430074e+03 5.826939344406127930e-01
6.233619999999429638e+03 6.103948354721069336e-01
6.235099999999429201e+03 5.600600242614746094e-01
6.236579999999428765e+03 6.269107460975646973e-01
6.238059999999428328e+03 6.122719645500183105e-01
6.239539999999427891e+03 5.630788803100585938e-01
6.241019999999427455e+03 5.773427486419677734e-01
6.242499999999427018e+03 6.202357411384582520e-01
6.243979999999426582e+03 6.019518375396728516e-01
6.245459999999426145e+03 5.846525430679321289e-01
6.246939999999425709e+03 5.532552599906921387e-01
6.248419999999425272e+03 5.599306225776672363e-01
6.249899999999424836e+03 5.658537149429321289e-01
6.251379999999424399e+03 5.527212619781494141e-01
6.252859999999423962e+03 6.076744794845581055e-01
6.254339999999423526e+03 5.271998643875122070e-01
6.255819999999423089e+03 5.597661137580871582e-01
6.257299999999422653e+03 6.328896880149841309e-01
6.258779999999422216e+03 5.875891447067260742e-01
6.260259999999421780e+03 6.034867167472839355e-01
6.261739999999421343e+03 5.472558140754699707e-01
6.263219999999420907e+03 5.739085078239440918e-01
6.264699999999420470e+03 6.238948106765747070e-01
6.266179999999420033e+03 5.659013986587524414e-01
6.267659999999419597e+03 5.971436500549316406e-01
6.269139999999419160e+03 5.781763792037963867e-01
6.270619999999418724e+03 5.336771011352539062e-01
6.272099999999418287e+03 5.350715517997741699e-01
6.273579999999417851e+03 4.981480538845062256e-01
6.275059999999417414e+03 5.175407528877258301e-01
6.276539999999416978e+03 5.301299095153808594e-01
6.278019999999416541e+03 5.164341926574707031e-01
6.279499999999416104e+03 6.147335171699523926e-01
6.280979999999415668e+03 4.920961260795593262e-01
6.282459999999415231e+03 5.655589103698730469e-01
6.283939999999414795e+03 4.953616857528686523e-01
6.285419999999414358e+03 5.034842491149902344e-01
6.286899999999413922e+03 6.386842131614685059e-01
6.288379999999413485e+03 5.384885072708129883e-01
6.289859999999413048e+03 5.860587954521179199e-01
6.291339999999412612e+03 5.953474640846252441e-01
6.292819999999412175e+03 5.483785271644592285e-01
6.294299999999411739e+03 5.687491297721862793e-01
6.295779999999411302e+03 5.703301429748535156e-01
6.297259999999410866e+03 3.183723986148834229e-01
6.298739999999410429e+03 5.934358239173889160e-01
6.300219999999409993e+03 8.354069590568542480e-01
6.301699999999409556e+03 5.997492074966430664e-01
6.303179999999409119e+03 4.781600534915924072e-01
6.304659999999408683e+03 5.532446503639221191e-01
6.306139999999408246e+03 6.177465319633483887e-01
6.307619999999407810e+03 6.060681939125061035e-01
6.309099999999407373e+03 5.383753180503845215e-01
6.310579999999406937e+03 5.160680413246154785e-01
6.312059999999406500e+03 5.047073960304260254e-01
6.313539999999406064e+03 5.236719846725463867e-01
6.315019999999405627e+03 5.562793612480163574e-01
6.316499999999405190e+03 5.439007282257080078e-01
6.317979999999404754e+03 5.764843821525573730e-01
6.319459999999404317e+03 5.750721693038940430e-01
6.320939999999403881e+03 5.342366695404052734e-01
6.322419999999403444e+03 5.674850344657897949e-01
6.323899999999403008e+03 5.444246530532836914e-01
6.325379999999402571e+03 5.345150828361511230e-01
6.326859999999402135e+03 5.491191148757934570e-01
6.328339999999401698e+03 5.722514986991882324e-01
6.329819999999401261e+03 5.611980557441711426e-01
6.331299999999400825e+03 5.905237793922424316e-01
6.332779999999400388e+03 5.260903239250183105e-01
6.334259999999399952e+03 5.419092774391174316e-01
6.335739999999399515e+03 5.012285709381103516e-01
6.337219999999399079e+03 5.264722108840942383e-01
6.338699999999398642e+03 5.702196359634399414e-01
6.340179999999398206e+03 5.144580602645874023e-01
6.341659999999397769e+03 5.469737052917480469e-01
6.343139999999397332e+03 5.640769600868225098e-01
6.344619999999396896e+03 5.835766196250915527e-01
6.346099999999396459e+03 5.406928062438964844e-01
6.347579999999396023e+03 5.680754780769348145e-01
6.349059999999395586e+03 5.990562438964843750e-01
6.350539999999395150e+03 5.600826144218444824e-01
6.352019999999394713e+03 5.645934343338012695e-01
6.353499999999394277e+03 5.452791452407836914e-01
6.354979999999393840e+03 5.659312605857849121e-01
6.356459999999393403e+03 5.843617916107177734e-01
6.357939999999392967e+03 5.674308538436889648e-01
6.359419999999392530e+03 5.565979480743408203e-01
6.360899999999392094e+03 4.488523602485656738e-01
6.362379999999391657e+03 5.109422206878662109e-01
6.363859999999391221e+03 6.274098157882690430e-01
6.365339999999390784e+03 5.290082097053527832e-01
6.366819999999390348e+03 5.353043675422668457e-01
6.368299999999389911e+03 5.384960770606994629e-01
6.369779999999389474e+03 6.026171445846557617e-01
6.371259999999389038e+03 6.285915374755859375e-01
6.372739999999388601e+03 5.940880775451660156e-01
6.374219999999388165e+03 5.982620716094970703e-01
6.375699999999387728e+03 5.729334950447082520e-01
6.377179999999387292e+03 5.133383274078369141e-01
6.378659999999386855e+03 5.041884779930114746e-01
6.380139999999386418e+03 5.388838648796081543e-01
6.381619999999385982e+03 5.647217631340026855e-01
6.383099999999385545e+03 6.062160730361938477e-01
6.384579999999385109e+03 5.167179107666015625e-01
6.386059999999384672e+03 5.364596843719482422e-01
6.387539999999384236e+03 5.135087966918945312e-01
6.389019999999383799e+03 4.862053096294403076e-01
6.390499999999383363e+03 5.590593814849853516e-01
6.391979999999382926e+03 5.507383346557617188e-01
6.393459999999382489e+03 5.185735225677490234e-01
6.394939999999382053e+03 4.976934790611267090e-01
6.396419999999381616e+03 5.699631571769714355e-01
6.397899999999381180e+03 6.252144575119018555e-01
6.399379999999380743e+03 5.351464748382568359e-01
6.400859999999380307e+03 5.043565034866333008e-01
6.402339999999379870e+03 4.953215718269348145e-01
6.403819999999379434e+03 5.338765978813171387e-01
6.405299999999378997e+03 5.456600785255432129e-01
6.406779999999378560e+03 5.070739388465881348e-01
6.408259999999378124e+03 5.643828511238098145e-01
6.409739999999377687e+03 5.613279342651367188e-01
6.411219999999377251e+03 5.824756622314453125e-01
6.412699999999376814e+03 5.314776301383972168e-01
6.414179999999376378e+03 5.464743375778198242e-01
6.415659999999375941e+03 5.585204958915710449e-01
6.417139999999375505e+03 5.110814571380615234e-01
6.418619999999375068e+03 5.232118368148803711e-01
6.420099999999374631e+03 5.287460088729858398e-01
6.421579999999374195e+03 5.583249926567077637e-01
6.423059999999373758e+03 5.746762156486511230e-01
6.424539999999373322e+03 5.756152272224426270e-01
6.426019999999372885e+03 5.263052582740783691e-01
6.427499999999372449e+03 4.925623238086700439e-01
6.428979999999372012e+03 5.620568394660949707e-01
6.430459999999371576e+03 5.995735526084899902e-01
6.431939999999371139e+03 5.328021049499511719e-01
6.433419999999370702e+03 5.263540148735046387e-01
6.434899999999370266e+03 5.697697401046752930e-01
6.436379999999369829e+03 5.868841409683227539e-01
6.437859999999369393e+03 5.748948454856872559e-01
6.439339999999368956e+03 5.636243224143981934e-01
6.440819999999368520e+03 5.325099825859069824e-01
6.442299999999368083e+03 4.851369261741638184e-01
6.443779999999367647e+03 5.084534287452697754e-01
6.445259999999367210e+03 5.206729173660278320e-01
6.446739999999366773e+03 6.122010350227355957e-01
6.448219999999366337e+03 7.679092288017272949e-01
6.449699999999365900e+03 8.333321213722229004e-01
6.451179999999365464e+03 7.501533627510070801e-01
6.452659999999365027e+03 5.718629956245422363e-01
6.454139999999364591e+03 5.509923100471496582e-01
6.455619999999364154e+03 5.568489432334899902e-01
6.457099999999363718e+03 6.173064708709716797e-01
6.458579999999363281e+03 6.649857163429260254e-01
6.460059999999362844e+03 6.110243201255798340e-01
6.461539999999362408e+03 5.756850242614746094e-01
6.463019999999361971e+03 5.785154700279235840e-01
6.464499999999361535e+03 5.756729841232299805e-01
6.465979999999361098e+03 6.049786806106567383e-01
6.467459999999360662e+03 5.155288577079772949e-01
6.468939999999360225e+03 5.309447646141052246e-01
6.470419999999359788e+03 5.331026911735534668e-01
6.471899999999359352e+03 4.943584203720092773e-01
6.473379999999358915e+03 5.724818706512451172e-01
6.474859999999358479e+03 6.230219006538391113e-01
6.476339999999358042e+03 6.003767848014831543e-01
6.477819999999357606e+03 5.562835335731506348e-01
6.479299999999357169e+03 5.445977449417114258e-01
6.480779999999356733e+03 5.730883479118347168e-01
6.482259999999356296e+03 5.385299921035766602e-01
6.483739999999355859e+03 5.552349090576171875e-01
6.485219999999355423e+03 5.516945123672485352e-01
6.486699999999354986e+03 5.069154500961303711e-01
6.488179999999354550e+03 5.727676749229431152e-01
6.489659999999354113e+03 5.517606735229492188e-01
6.491139999999353677e+03 5.404616594314575195e-01
6.492619999999353240e+03 5.644831061363220215e-01
6.494099999999352804e+03 5.348631143569946289e-01
6.495579999999352367e+03 5.081754922866821289e-01
6.497059999999351930e+03 5.065734386444091797e-01
6.498539999999351494e+03 5.502890944480895996e-01
6.500019999999351057e+03 5.615670084953308105e-01
6.501499999999350621e+03 5.238171219825744629e-01
6.502979999999350184e+03 6.055813431739807129e-01
6.504459999999349748e+03 6.421291828155517578e-01
6.505939999999349311e+03 5.685595273971557617e-01
6.507419999999348875e+03 5.003429055213928223e-01
6.508899999999348438e+03 5.439670681953430176e-01
6.510379999999348001e+03 5.606909394264221191e-01
6.511859999999347565e+03 5.080240368843078613e-01
6.513339999999347128e+03 6.017693281173706055e-01
6.514819999999346692e+03 6.842253208160400391e-01
6.516299999999346255e+03 6.267989277839660645e-01
6.517779999999345819e+03 5.827134251594543457e-01
6.519259999999345382e+03 5.416183471679687500e-01
6.520739999999344946e+03 5.438784360885620117e-01
6.522219999999344509e+03 5.957303047180175781e-01
6.523699999999344072e+03 6.076225638389587402e-01
6.525179999999343636e+03 5.620089173316955566e-01
6.526659999999343199e+03 5.107918977737426758e-01
6.528139999999342763e+03 5.895172953605651855e-01
6.529619999999342326e+03 5.633793473243713379e-01
6.531099999999341890e+03 5.799661874771118164e-01
6.532579999999341453e+03 5.649238228797912598e-01
6.534059999999341017e+03 6.000124812126159668e-01
6.535539999999340580e+03 6.133908629417419434e-01
6.537019999999340143e+03 6.182924509048461914e-01
6.538499999999339707e+03 5.261277556419372559e-01
6.539979999999339270e+03 5.376092791557312012e-01
6.541459999999338834e+03 5.569758415222167969e-01
6.542939999999338397e+03 5.313066244125366211e-01
6.544419999999337961e+03 5.340636968612670898e-01
6.545899999999337524e+03 4.983777105808258057e-01
6.547379999999337088e+03 5.307708382606506348e-01
6.548859999999336651e+03 5.830333232879638672e-01
6.550339999999336214e+03 5.375345945358276367e-01
6.551819999999335778e+03 5.270640850067138672e-01
6.553299999999335341e+03 5.812680125236511230e-01
6.554779999999334905e+03 5.781943798065185547e-01
6.556259999999334468e+03 5.223968625068664551e-01
6.557739999999334032e+03 5.553966760635375977e-01
6.559219999999333595e+03 5.263230204582214355e-01
6.560699999999333158e+03 5.298466086387634277e-01
6.562179999999332722e+03 5.207293629646301270e-01
6.563659999999332285e+03 4.995220303535461426e-01
6.565139999999331849e+03 5.319017767906188965e-01
6.566619999999331412e+03 5.255943536758422852e-01
6.568099999999330976e+03 5.564177632331848145e-01
6.569579999999330539e+03 5.422970056533813477e-01
6.571059999999330103e+03 5.377660989761352539e-01
6.572539999999329666e+03 4.998308420181274414e-01
6.574019999999329229e+03 4.676942825317382812e-01
6.575499999999328793e+03 5.602489113807678223e-01
6.576979999999328356e+03 5.575903058052062988e-01
6.578459999999327920e+03 5.164914131164550781e-01
6.579939999999327483e+03 5.498159527778625488e-01
6.581419999999327047e+03 5.575444698333740234e-01
6.582899999999326610e+03 5.407049655914306641e-01
6.584379999999326174e+03 5.488454103469848633e-01
6.585859999999325737e+03 5.343189239501953125e-01
6.587339999999325300e+03 5.371604561805725098e-01
6.588819999999324864e+03 6.117024421691894531e-01
6.590299999999324427e+03 5.885398983955383301e-01
6.591779999999323991e+03 4.993575811386108398e-01
6.593259999999323554e+03 4.820319116115570068e-01
6.594739999999323118e+03 5.323560833930969238e-01
6.596219999999322681e+03 5.325055122375488281e-01
6.597699999999322245e+03 5.018895268440246582e-01
6.599179999999321808e+03 5.518872141838073730e-01
6.600659999999321371e+03 5.181266665458679199e-01
6.602139999999320935e+03 5.597320795059204102e-01
6.603619999999320498e+03 5.317929983139038086e-01
6.605099999999320062e+03 5.433113574981689453e-01
6.606579999999319625e+03 5.687881112098693848e-01
6.608059999999319189e+03 4.803938865661621094e-01
6.609539999999318752e+03 4.720590710639953613e-01
6.611019999999318316e+03 5.678859353065490723e-01
6.612499999999317879e+03 5.131016969680786133e-01
6.613979999999317442e+03 4.792767167091369629e-01
6.615459999999317006e+03 5.324383378028869629e-01
6.616939999999316569e+03 5.641335844993591309e-01
6.618419999999316133e+03 5.692707300186157227e-01
6.619899999999315696e+03 5.321733355522155762e-01
6.621379999999315260e+03 5.564378499984741211e-01
6.622859999999314823e+03 6.087571978569030762e-01
6.624339999999314387e+03 5.600206851959228516e-01
6.625819999999313950e+03 5.344567894935607910e-01
6.627299999999313513e+03 5.345009565353393555e-01
6.628779999999313077e+03 5.638025403022766113e-01
6.630259999999312640e+03 5.565496683120727539e-01
6.631739999999312204e+03 5.220680832862854004e-01
6.633219999999311767e+03 5.326609015464782715e-01
6.634699999999311331e+03 5.513213872909545898e-01
6.636179999999310894e+03 5.440164208412170410e-01
6.637659999999310457e+03 4.938775599002838135e-01
6.639139999999310021e+03 5.202580094337463379e-01
6.640619999999309584e+03 5.883232951164245605e-01
6.642099999999309148e+03 5.652245879173278809e-01
6.643579999999308711e+03 5.629953145980834961e-01
6.645059999999308275e+03 5.546512007713317871e-01
6.646539999999307838e+03 5.280225276947021484e-01
6.648019999999307402e+03 5.108454227447509766e-01
6.649499999999306965e+03 5.046261548995971680e-01
6.650979999999306528e+03 5.188208818435668945e-01
6.652459999999306092e+03 4.916942119598388672e-01
6.653939999999305655e+03 5.357183814048767090e-01
6.655419999999305219e+03 5.949968695640563965e-01
6.656899999999304782e+03 5.057695508003234863e-01
6.658379999999304346e+03 5.435166358947753906e-01
6.659859999999303909e+03 5.780125856399536133e-01
6.661339999999303473e+03 5.423353314399719238e-01
6.662819999999303036e+03 5.443097352981567383e-01
6.664299999999302599e+03 5.705398321151733398e-01
6.665779999999302163e+03 5.751479864120483398e-01
6.667259999999301726e+03 5.666300058364868164e-01
6.668739999999301290e+03 5.529361963272094727e-01
6.670219999999300853e+03 5.457534193992614746e-01
6.671699999999300417e+03 5.685570240020751953e-01
6.673179999999299980e+03 5.524196028709411621e-01
6.674659999999299544e+03 5.288113355636596680e-01
6.676139999999299107e+03 5.322715044021606445e-01
6.677619999999298670e+03 5.500627756118774414e-01
6.679099999999298234e+03 5.454177260398864746e-01
6.680579999999297797e+03 5.874236822128295898e-01
6.682059999999297361e+03 5.929718017578125000e-01
6.683539999999296924e+03 5.527603626251220703e-01
6.685019999999296488e+03 5.365749597549438477e-01
6.686499999999296051e+03 5.501237511634826660e-01
6.687979999999295615e+03 5.689386725425720215e-01
6.689459999999295178e+03 5.473852753639221191e-01
6.690939999999294741e+03 5.787951350212097168e-01
6.692419999999294305e+03 5.693984031677246094e-01
6.693899999999293868e+03 5.769586563110351562e-01
6.695379999999293432e+03 5.753856301307678223e-01
6.696859999999292995e+03 5.430921912193298340e-01
6.698339999999292559e+03 5.702705979347229004e-01
6.699819999999292122e+03 5.890218019485473633e-01
6.701299999999291686e+03 1.407293438911437988e+00
6.702779999999291249e+03 2.346246957778930664e+00
6.704259999999290812e+03 2.063910007476806641e+00
6.705739999999290376e+03 1.045235633850097656e+00
6.707219999999289939e+03 5.236901640892028809e-01
6.708699999999289503e+03 5.093250274658203125e-01
6.710179999999289066e+03 5.526397228240966797e-01
6.711659999999288630e+03 5.699324607849121094e-01
6.713139999999288193e+03 6.007153987884521484e-01
6.714619999999287757e+03 8.003984093666076660e-01
6.716099999999287320e+03 9.703941345214843750e+00
6.717579999999286883e+03 2.281758880615234375e+01
6.719059999999286447e+03 2.116131591796875000e+01
6.720539999999286010e+03 7.804769039154052734e+00
6.722019999999285574e+03 1.300179839134216309e+00
6.723499999999285137e+03 6.936083436012268066e-01
6.724979999999284701e+03 6.062053442001342773e-01
6.726459999999284264e+03 5.195670127868652344e-01
6.727939999999283827e+03 5.889052152633666992e-01
6.729419999999283391e+03 5.796108245849609375e-01
6.730899999999282954e+03 5.712715387344360352e-01
6.732379999999282518e+03 5.743487477302551270e-01
6.733859999999282081e+03 5.886939764022827148e-01
6.735339999999281645e+03 6.044324040412902832e-01
6.736819999999281208e+03 1.860257506370544434e+00
6.738299999999280772e+03 5.086001873016357422e+00
6.739779999999280335e+03 5.787174701690673828e+00
6.741259999999279898e+03 3.323821544647216797e+00
6.742739999999279462e+03 9.008153080940246582e-01
6.744219999999279025e+03 6.004985570907592773e-01
6.745699999999278589e+03 5.632004141807556152e-01
6.747179999999278152e+03 5.710741877555847168e-01
6.748659999999277716e+03 5.994567275047302246e-01
6.750139999999277279e+03 5.590622425079345703e-01
6.751619999999276843e+03 5.439192652702331543e-01
6.753099999999276406e+03 5.249136090278625488e-01
6.754579999999275969e+03 4.900635182857513428e-01
6.756059999999275533e+03 5.594681501388549805e-01
6.757539999999275096e+03 5.502411127090454102e-01
6.759019999999274660e+03 5.847429633140563965e-01
6.760499999999274223e+03 5.645561218261718750e-01
6.761979999999273787e+03 5.642455220222473145e-01
6.763459999999273350e+03 5.371860861778259277e-01
6.764939999999272914e+03 5.037540197372436523e-01
6.766419999999272477e+03 5.094937682151794434e-01
6.767899999999272040e+03 5.280842781066894531e-01
6.769379999999271604e+03 5.456486344337463379e-01
6.770859999999271167e+03 5.302864313125610352e-01
6.772339999999270731e+03 5.388019680976867676e-01
6.773819999999270294e+03 5.585619807243347168e-01
6.775299999999269858e+03 5.538834333419799805e-01
6.776779999999269421e+03 5.455473661422729492e-01
6.778259999999268985e+03 5.464824438095092773e-01
6.779739999999268548e+03 5.499470829963684082e-01
6.781219999999268111e+03 5.092682838439941406e-01
6.782699999999267675e+03 4.811921417713165283e-01
6.784179999999267238e+03 4.954927861690521240e-01
6.785659999999266802e+03 5.372446179389953613e-01
6.787139999999266365e+03 5.366929769515991211e-01
6.788619999999265929e+03 5.284703969955444336e-01
6.790099999999265492e+03 4.658020734786987305e-01
6.791579999999265056e+03 4.658354222774505615e-01
6.793059999999264619e+03 5.506787896156311035e-01
6.794539999999264182e+03 5.553990006446838379e-01
6.796019999999263746e+03 5.183850526809692383e-01
6.797499999999263309e+03 4.929618835449218750e-01
6.798979999999262873e+03 4.982280433177947998e-01
6.800459999999262436e+03 4.724043607711791992e-01
6.801939999999262000e+03 5.641411542892456055e-01
6.803419999999261563e+03 5.963934659957885742e-01
6.804899999999261127e+03 5.173271894454956055e-01
6.806379999999260690e+03 5.155600309371948242e-01
6.807859999999260253e+03 4.913425147533416748e-01
6.809339999999259817e+03 4.767518043518066406e-01
6.810819999999259380e+03 5.292826890945434570e-01
6.812299999999258944e+03 5.487092733383178711e-01
6.813779999999258507e+03 5.282253623008728027e-01
6.815259999999258071e+03 4.921956658363342285e-01
6.816739999999257634e+03 5.505080223083496094e-01
6.818219999999257197e+03 5.590707063674926758e-01
6.819699999999256761e+03 4.857677817344665527e-01
6.821179999999256324e+03 5.302454233169555664e-01
6.822659999999255888e+03 5.092790722846984863e-01
6.824139999999255451e+03 5.029049515724182129e-01
6.825619999999255015e+03 4.968553185462951660e-01
6.827099999999254578e+03 5.163520574569702148e-01
6.828579999999254142e+03 5.210150480270385742e-01
6.830059999999253705e+03 4.877111911773681641e-01
6.831539999999253268e+03 4.886537790298461914e-01
6.833019999999252832e+03 5.680350065231323242e-01
6.834499999999252395e+03 7.139059305191040039e-01
6.835979999999251959e+03 7.400969862937927246e-01
6.837459999999251522e+03 6.448051333427429199e-01
6.838939999999251086e+03 5.427471995353698730e-01
6.840419999999250649e+03 4.670235514640808105e-01
6.841899999999250213e+03 5.602894425392150879e-01
6.843379999999249776e+03 5.816720724105834961e-01
6.844859999999249339e+03 4.839445054531097412e-01
6.846339999999248903e+03 4.809538424015045166e-01
6.847819999999248466e+03 5.225044488906860352e-01
6.849299999999248030e+03 5.264521241188049316e-01
6.850779999999247593e+03 5.139902830123901367e-01
6.852259999999247157e+03 5.320746898651123047e-01
6.853739999999246720e+03 5.271208286285400391e-01
6.855219999999246284e+03 5.188969969749450684e-01
6.856699999999245847e+03 4.827808141708374023e-01
6.858179999999245410e+03 4.975194036960601807e-01
6.859659999999244974e+03 4.830868244171142578e-01
6.861139999999244537e+03 4.608431458473205566e-01
6.862619999999244101e+03 5.993704795837402344e-01
6.864099999999243664e+03 6.572269797325134277e-01
6.865579999999243228e+03 4.843654930591583252e-01
6.867059999999242791e+03 3.934279084205627441e-01
6.868539999999242355e+03 4.173809885978698730e-01
6.870019999999241918e+03 3.774487376213073730e-01
6.871499999999241481e+03 3.711113929748535156e-01
6.872979999999241045e+03 1.135307788848876953e+00
6.874459999999240608e+03 2.681508064270019531e+00
6.875939999999240172e+03 2.840625047683715820e+00
6.877419999999239735e+03 1.566316962242126465e+00
6.878899999999239299e+03 6.533070802688598633e-01
6.880379999999238862e+03 5.132176876068115234e-01
6.881859999999238426e+03 5.406235456466674805e-01
6.883339999999237989e+03 5.002800226211547852e-01
6.884819999999237552e+03 4.802299737930297852e-01
6.886299999999237116e+03 5.031749606132507324e-01
6.887779999999236679e+03 1.212793827056884766e+00
6.889259999999236243e+03 2.518241405487060547e+00
6.890739999999235806e+03 2.466330289840698242e+00
6.892219999999235370e+03 1.261307358741760254e+00
6.893699999999234933e+03 5.729624032974243164e-01
6.895179999999234496e+03 4.830368757247924805e-01
6.896659999999234060e+03 4.440504014492034912e-01
6.898139999999233623e+03 4.501101374626159668e-01
6.899619999999233187e+03 4.969035685062408447e-01
6.901099999999232750e+03 4.975693523883819580e-01
6.902579999999232314e+03 4.964328408241271973e-01
6.904059999999231877e+03 4.755419790744781494e-01
6.905539999999231441e+03 4.584851861000061035e-01
6.907019999999231004e+03 4.340872466564178467e-01
6.908499999999230567e+03 4.466779530048370361e-01
6.909979999999230131e+03 4.799759984016418457e-01
6.911459999999229694e+03 5.039297342300415039e-01
6.912939999999229258e+03 4.815278053283691406e-01
6.914419999999228821e+03 4.765219688415527344e-01
6.915899999999228385e+03 4.697878360748291016e-01
6.917379999999227948e+03 4.603165388107299805e-01
6.918859999999227512e+03 4.440649151802062988e-01
6.920339999999227075e+03 4.610375165939331055e-01
6.921819999999226638e+03 5.330199599266052246e-01
6.923299999999226202e+03 5.088726282119750977e-01
6.924779999999225765e+03 4.713431298732757568e-01
6.926259999999225329e+03 4.941287934780120850e-01
6.927739999999224892e+03 5.010286569595336914e-01
6.929219999999224456e+03 5.406401753425598145e-01
6.930699999999224019e+03 5.273892879486083984e-01
6.932179999999223583e+03 4.975878596305847168e-01
6.933659999999223146e+03 4.562461972236633301e-01
6.935139999999222709e+03 5.158017873764038086e-01
6.936619999999222273e+03 4.990579485893249512e-01
6.938099999999221836e+03 5.229934453964233398e-01
6.939579999999221400e+03 5.011190176010131836e-01
6.941059999999220963e+03 4.842554330825805664e-01
6.942539999999220527e+03 4.896106123924255371e-01
6.944019999999220090e+03 4.660581350326538086e-01
6.945499999999219654e+03 4.531100690364837646e-01
6.946979999999219217e+03 5.082296729087829590e-01
6.948459999999218780e+03 5.721002817153930664e-01
6.949939999999218344e+03 5.060237050056457520e-01
6.951419999999217907e+03 4.595410227775573730e-01
6.952899999999217471e+03 4.877872765064239502e-01
6.954379999999217034e+03 4.953144192695617676e-01
6.955859999999216598e+03 5.145241022109985352e-01
6.957339999999216161e+03 4.731128513813018799e-01
6.958819999999215725e+03 5.196114778518676758e-01
6.960299999999215288e+03 5.487632751464843750e-01
6.961779999999214851e+03 5.118027329444885254e-01
6.963259999999214415e+03 4.966852366924285889e-01
