4.300739999999999782e+03 2.616402626037597656e+00
4.302219999999999345e+03 9.293879866600036621e-01
4.303699999999998909e+03 1.111663103103637695e+00
4.305179999999998472e+03 1.426477193832397461e+00
4.306659999999998035e+03 1.132379770278930664e+00
4.308139999999997599e+03 8.684179186820983887e-01
4.309619999999997162e+03 1.029240489006042480e+00
4.311099999999996726e+03 1.152883768081665039e+00
4.312579999999996289e+03 1.229109525680541992e+00
4.314059999999995853e+03 9.990136027336120605e-01
4.315539999999995416e+03 1.242108583450317383e+00
4.317019999999994980e+03 1.322849512100219727e+00
4.318499999999994543e+03 1.183268308639526367e+00
4.319979999999994106e+03 1.357907414436340332e+00
4.321459999999993670e+03 1.586671829223632812e+00
4.322939999999993233e+03 1.540821075439453125e+00
4.324419999999992797e+03 1.299192070960998535e+00
4.325899999999992360e+03 1.008157491683959961e+00
4.327379999999991924e+03 1.246453166007995605e+00
4.328859999999991487e+03 1.356915950775146484e+00
4.330339999999991051e+03 1.307046413421630859e+00
4.331819999999990614e+03 1.473254442214965820e+00
4.333299999999990177e+03 1.466289997100830078e+00
4.334779999999989741e+03 1.578937768936157227e+00
4.336259999999989304e+03 1.106402397155761719e+00
4.337739999999988868e+03 1.155761361122131348e+00
4.339219999999988431e+03 1.307754158973693848e+00
4.340699999999987995e+03 1.133886694908142090e+00
4.342179999999987558e+03 1.083775639533996582e+00
4.343659999999987122e+03 1.267353057861328125e+00
4.345139999999986685e+03 1.333345770835876465e+00
4.346619999999986248e+03 1.211353898048400879e+00
4.348099999999985812e+03 1.458153009414672852e+00
4.349579999999985375e+03 1.561529040336608887e+00
4.351059999999984939e+03 1.202656984329223633e+00
4.352539999999984502e+03 1.134123325347900391e+00
4.354019999999984066e+03 1.712628841400146484e+00
4.355499999999983629e+03 1.375755786895751953e+00
4.356979999999983193e+03 1.425058603286743164e+00
4.358459999999982756e+03 1.273520112037658691e+00
4.359939999999982319e+03 1.438394308090209961e+00
4.361419999999981883e+03 1.297455310821533203e+00
4.362899999999981446e+03 1.234768033027648926e+00
4.364379999999981010e+03 1.434780120849609375e+00
4.365859999999980573e+03 1.663808465003967285e+00
4.367339999999980137e+03 1.463285923004150391e+00
4.368819999999979700e+03 1.361687302589416504e+00
4.370299999999979264e+03 1.317894816398620605e+00
4.371779999999978827e+03 1.392999053001403809e+00
4.373259999999978390e+03 1.219556689262390137e+00
4.374739999999977954e+03 1.084879636764526367e+00
4.376219999999977517e+03 1.289103150367736816e+00
4.377699999999977081e+03 1.523795366287231445e+00
4.379179999999976644e+03 1.273424029350280762e+00
4.380659999999976208e+03 1.358848333358764648e+00
4.382139999999975771e+03 1.493340969085693359e+00
4.383619999999975335e+03 9.715354442596435547e-01
4.385099999999974898e+03 9.979352951049804688e-01
4.386579999999974461e+03 1.245114684104919434e+00
4.388059999999974025e+03 1.263937950134277344e+00
4.389539999999973588e+03 1.374756932258605957e+00
4.391019999999973152e+03 1.177574396133422852e+00
4.392499999999972715e+03 1.289531111717224121e+00
4.393979999999972279e+03 1.101929783821105957e+00
4.395459999999971842e+03 1.054381847381591797e+00
4.396939999999971405e+03 1.220120191574096680e+00
4.398419999999970969e+03 1.328331589698791504e+00
4.399899999999970532e+03 1.085244178771972656e+00
4.401379999999970096e+03 1.030405759811401367e+00
4.402859999999969659e+03 1.163777351379394531e+00
4.404339999999969223e+03 8.913848996162414551e-01
4.405819999999968786e+03 1.106939673423767090e+00
4.407299999999968350e+03 9.272754192352294922e-01
4.408779999999967913e+03 1.039347171783447266e+00
4.410259999999967476e+03 9.171134829521179199e-01
4.411739999999967040e+03 1.167912721633911133e+00
4.413219999999966603e+03 1.378726959228515625e+00
4.414699999999966167e+03 1.028336524963378906e+00
4.416179999999965730e+03 7.564887404441833496e-01
4.417659999999965294e+03 7.008146643638610840e-01
4.419139999999964857e+03 1.193956494331359863e+00
4.420619999999964421e+03 1.139130830764770508e+00
4.422099999999963984e+03 1.089138984680175781e+00
4.423579999999963547e+03 1.219169497489929199e+00
4.425059999999963111e+03 9.974057078361511230e-01
4.426539999999962674e+03 9.619281291961669922e-01
4.428019999999962238e+03 9.491622447967529297e-01
4.429499999999961801e+03 9.901111721992492676e-01
4.430979999999961365e+03 8.130770325660705566e-01
4.432459999999960928e+03 9.795027971267700195e-01
4.433939999999960492e+03 1.039352178573608398e+00
4.435419999999960055e+03 7.459949254989624023e-01
4.436899999999959618e+03 7.426040768623352051e-01
4.438379999999959182e+03 9.825060963630676270e-01
4.439859999999958745e+03 8.610790967941284180e-01
4.441339999999958309e+03 1.343293786048889160e+00
4.442819999999957872e+03 3.964571952819824219e+00
4.444299999999957436e+03 4.378776073455810547e+00
4.445779999999956999e+03 1.625125646591186523e+00
4.447259999999956563e+03 8.159018158912658691e-01
4.448739999999956126e+03 6.691498160362243652e-01
4.450219999999955689e+03 7.771793603897094727e-01
4.451699999999955253e+03 1.060464024543762207e+00
4.453179999999954816e+03 1.003311395645141602e+00
4.454659999999954380e+03 8.443882465362548828e-01
4.456139999999953943e+03 1.039374947547912598e+00
4.457619999999953507e+03 9.566383361816406250e-01
4.459099999999953070e+03 9.803199768066406250e-01
4.460579999999952634e+03 8.447635173797607422e-01
4.462059999999952197e+03 1.031905770301818848e+00
4.463539999999951760e+03 1.063913464546203613e+00
4.465019999999951324e+03 9.906331300735473633e-01
4.466499999999950887e+03 9.615550637245178223e-01
4.467979999999950451e+03 1.142780780792236328e+00
4.469459999999950014e+03 8.901962041854858398e-01
4.470939999999949578e+03 9.286234378814697266e-01
4.472419999999949141e+03 1.033348560333251953e+00
4.473899999999948704e+03 1.090613126754760742e+00
4.475379999999948268e+03 9.335086941719055176e-01
4.476859999999947831e+03 9.880867004394531250e-01
4.478339999999947395e+03 9.624172449111938477e-01
4.479819999999946958e+03 8.146273493766784668e-01
4.481299999999946522e+03 9.237340092658996582e-01
4.482779999999946085e+03 8.565654754638671875e-01
4.484259999999945649e+03 9.671839475631713867e-01
4.485739999999945212e+03 9.333171844482421875e-01
4.487219999999944775e+03 9.215551018714904785e-01
4.488699999999944339e+03 9.010289311408996582e-01
4.490179999999943902e+03 8.483527302742004395e-01
4.491659999999943466e+03 1.135060429573059082e+00
4.493139999999943029e+03 9.802690744400024414e-01
4.494619999999942593e+03 9.660934209823608398e-01
4.496099999999942156e+03 7.410078644752502441e-01
4.497579999999941720e+03 8.981621265411376953e-01
4.499059999999941283e+03 9.772086739540100098e-01
4.500539999999940846e+03 8.472044467926025391e-01
4.502019999999940410e+03 8.063544631004333496e-01
4.503499999999939973e+03 9.044887423515319824e-01
4.504979999999939537e+03 7.824431657791137695e-01
4.506459999999939100e+03 9.890653491020202637e-01
4.507939999999938664e+03 1.076528668403625488e+00
4.509419999999938227e+03 7.543737292289733887e-01
4.510899999999937791e+03 8.441080451011657715e-01
4.512379999999937354e+03 8.216310739517211914e-01
4.513859999999936917e+03 7.214380502700805664e-01
4.515339999999936481e+03 9.521884918212890625e-01
4.516819999999936044e+03 8.124706149101257324e-01
4.518299999999935608e+03 7.992231249809265137e-01
4.519779999999935171e+03 8.748653531074523926e-01
4.521259999999934735e+03 9.215733408927917480e-01
4.522739999999934298e+03 8.167297244071960449e-01
4.524219999999933862e+03 7.326663732528686523e-01
4.525699999999933425e+03 9.247834682464599609e-01
4.527179999999932988e+03 9.428716301918029785e-01
4.528659999999932552e+03 9.639096260070800781e-01
4.530139999999932115e+03 9.109950661659240723e-01
4.531619999999931679e+03 8.664929270744323730e-01
4.533099999999931242e+03 9.537728428840637207e-01
4.534579999999930806e+03 9.001027941703796387e-01
4.536059999999930369e+03 7.777181863784790039e-01
4.537539999999929933e+03 1.003097653388977051e+00
4.539019999999929496e+03 7.940886020660400391e-01
4.540499999999929059e+03 7.269548177719116211e-01
4.541979999999928623e+03 9.785148501396179199e-01
4.543459999999928186e+03 8.430498242378234863e-01
4.544939999999927750e+03 7.705615758895874023e-01
4.546419999999927313e+03 8.869950771331787109e-01
4.547899999999926877e+03 7.805055975914001465e-01
4.549379999999926440e+03 8.675497770309448242e-01
4.550859999999926004e+03 6.665244698524475098e-01
4.552339999999925567e+03 7.790543437004089355e-01
4.553819999999925130e+03 9.651675820350646973e-01
4.555299999999924694e+03 9.646454453468322754e-01
4.556779999999924257e+03 9.365150332450866699e-01
4.558259999999923821e+03 8.783721923828125000e-01
4.559739999999923384e+03 9.135784506797790527e-01
4.561219999999922948e+03 9.135221242904663086e-01
4.562699999999922511e+03 8.541671037673950195e-01
4.564179999999922074e+03 8.920204043388366699e-01
4.565659999999921638e+03 7.916314601898193359e-01
4.567139999999921201e+03 8.291921615600585938e-01
4.568619999999920765e+03 8.193292617797851562e-01
4.570099999999920328e+03 9.966899156570434570e-01
4.571579999999919892e+03 8.037320375442504883e-01
4.573059999999919455e+03 8.097332715988159180e-01
4.574539999999919019e+03 6.377328038215637207e-01
4.576019999999918582e+03 1.038265466690063477e+00
4.577499999999918145e+03 1.141063332557678223e+00
4.578979999999917709e+03 1.186869502067565918e+00
4.580459999999917272e+03 1.018931627273559570e+00
4.581939999999916836e+03 8.459904193878173828e-01
4.583419999999916399e+03 1.059168934822082520e+00
4.584899999999915963e+03 9.455187916755676270e-01
4.586379999999915526e+03 7.135075926780700684e-01
4.587859999999915090e+03 8.660995364189147949e-01
4.589339999999914653e+03 8.828411698341369629e-01
4.590819999999914216e+03 7.643575072288513184e-01
4.592299999999913780e+03 9.295734167098999023e-01
4.593779999999913343e+03 8.884129524230957031e-01
4.595259999999912907e+03 7.728099822998046875e-01
4.596739999999912470e+03 9.920818805694580078e-01
4.598219999999912034e+03 8.641837239265441895e-01
4.599699999999911597e+03 9.142141938209533691e-01
4.601179999999911161e+03 8.561016917228698730e-01
4.602659999999910724e+03 8.212289214134216309e-01
4.604139999999910287e+03 7.840387225151062012e-01
4.605619999999909851e+03 1.027399420738220215e+00
4.607099999999909414e+03 9.144039750099182129e-01
4.608579999999908978e+03 8.116807341575622559e-01
4.610059999999908541e+03 8.309472203254699707e-01
4.611539999999908105e+03 9.473916888236999512e-01
4.613019999999907668e+03 9.600082635879516602e-01
4.614499999999907232e+03 9.733534455299377441e-01
4.615979999999906795e+03 6.746663451194763184e-01
4.617459999999906358e+03 8.866939544677734375e-01
4.618939999999905922e+03 8.218166232109069824e-01
4.620419999999905485e+03 9.130660891532897949e-01
4.621899999999905049e+03 8.998610377311706543e-01
4.623379999999904612e+03 9.432270526885986328e-01
4.624859999999904176e+03 8.491509556770324707e-01
4.626339999999903739e+03 9.472076296806335449e-01
4.627819999999903303e+03 9.152317643165588379e-01
4.629299999999902866e+03 9.053902626037597656e-01
4.630779999999902429e+03 8.809601068496704102e-01
4.632259999999901993e+03 8.666839003562927246e-01
4.633739999999901556e+03 1.029565453529357910e+00
4.635219999999901120e+03 8.393386602401733398e-01
4.636699999999900683e+03 7.963608503341674805e-01
4.638179999999900247e+03 8.068902492523193359e-01
4.639659999999899810e+03 9.939367175102233887e-01
4.641139999999899374e+03 7.390610575675964355e-01
4.642619999999898937e+03 7.554317712783813477e-01
4.644099999999898500e+03 9.184182882308959961e-01
4.645579999999898064e+03 9.861350655555725098e-01
4.647059999999897627e+03 9.530923366546630859e-01
4.648539999999897191e+03 9.888518452644348145e-01
4.650019999999896754e+03 1.014868855476379395e+00
4.651499999999896318e+03 9.060752987861633301e-01
4.652979999999895881e+03 9.343847036361694336e-01
4.654459999999895444e+03 9.159960150718688965e-01
4.655939999999895008e+03 1.108118414878845215e+00
4.657419999999894571e+03 7.125740051269531250e-01
4.658899999999894135e+03 8.404003381729125977e-01
4.660379999999893698e+03 7.558398842811584473e-01
4.661859999999893262e+03 6.858274340629577637e-01
4.663339999999892825e+03 6.818850040435791016e-01
4.664819999999892389e+03 8.727728128433227539e-01
4.666299999999891952e+03 9.849629998207092285e-01
4.667779999999891515e+03 8.125298619270324707e-01
4.669259999999891079e+03 8.493685722351074219e-01
4.670739999999890642e+03 8.584043383598327637e-01
4.672219999999890206e+03 8.262425065040588379e-01
4.673699999999889769e+03 9.153431653976440430e-01
4.675179999999889333e+03 8.891686797142028809e-01
4.676659999999888896e+03 1.063574194908142090e+00
4.678139999999888460e+03 9.576053023338317871e-01
4.679619999999888023e+03 7.893865704536437988e-01
4.681099999999887586e+03 8.041276335716247559e-01
4.682579999999887150e+03 8.823879361152648926e-01
4.684059999999886713e+03 1.055846810340881348e+00
4.685539999999886277e+03 8.732590675354003906e-01
4.687019999999885840e+03 8.191137909889221191e-01
4.688499999999885404e+03 9.510648846626281738e-01
4.689979999999884967e+03 8.934120535850524902e-01
4.691459999999884531e+03 8.556953668594360352e-01
4.692939999999884094e+03 7.669705152511596680e-01
4.694419999999883657e+03 7.808767557144165039e-01
4.695899999999883221e+03 9.059149026870727539e-01
4.697379999999882784e+03 8.959845304489135742e-01
4.698859999999882348e+03 8.418563604354858398e-01
4.700339999999881911e+03 1.000322937965393066e+00
4.701819999999881475e+03 7.126124501228332520e-01
4.703299999999881038e+03 8.974356651306152344e-01
4.704779999999880602e+03 8.851931691169738770e-01
4.706259999999880165e+03 9.071530103683471680e-01
4.707739999999879728e+03 8.347976207733154297e-01
4.709219999999879292e+03 9.510478973388671875e-01
4.710699999999878855e+03 1.003190755844116211e+00
4.712179999999878419e+03 1.094379067420959473e+00
4.713659999999877982e+03 9.012807607650756836e-01
4.715139999999877546e+03 1.008664131164550781e+00
4.716619999999877109e+03 8.151054978370666504e-01
4.718099999999876673e+03 9.060159325599670410e-01
4.719579999999876236e+03 7.999048829078674316e-01
4.721059999999875799e+03 8.361826539039611816e-01
4.722539999999875363e+03 8.835117816925048828e-01
4.724019999999874926e+03 8.309016227722167969e-01
4.725499999999874490e+03 9.730463027954101562e-01
4.726979999999874053e+03 8.915880918502807617e-01
4.728459999999873617e+03 8.712160587310791016e-01
4.729939999999873180e+03 8.676005005836486816e-01
4.731419999999872744e+03 8.736483454704284668e-01
4.732899999999872307e+03 1.012865424156188965e+00
4.734379999999871870e+03 8.902463912963867188e-01
4.735859999999871434e+03 7.493086457252502441e-01
4.737339999999870997e+03 1.033713817596435547e+00
4.738819999999870561e+03 9.043686389923095703e-01
4.740299999999870124e+03 8.451096415519714355e-01
4.741779999999869688e+03 8.776919841766357422e-01
4.743259999999869251e+03 8.881466984748840332e-01
4.744739999999868814e+03 7.987961173057556152e-01
4.746219999999868378e+03 8.176625370979309082e-01
4.747699999999867941e+03 8.448963165283203125e-01
4.749179999999867505e+03 8.666308522224426270e-01
4.750659999999867068e+03 8.323676586151123047e-01
4.752139999999866632e+03 7.853653430938720703e-01
4.753619999999866195e+03 8.613308072090148926e-01
4.755099999999865759e+03 8.833993077278137207e-01
4.756579999999865322e+03 7.819013595581054688e-01
4.758059999999864885e+03 8.189132809638977051e-01
4.759539999999864449e+03 1.041398167610168457e+00
4.761019999999864012e+03 8.707535266876220703e-01
4.762499999999863576e+03 8.961417675018310547e-01
4.763979999999863139e+03 8.056492209434509277e-01
4.765459999999862703e+03 8.952356576919555664e-01
4.766939999999862266e+03 9.973631501197814941e-01
4.768419999999861830e+03 1.066532731056213379e+00
4.769899999999861393e+03 9.637622237205505371e-01
4.771379999999860956e+03 9.612788558006286621e-01
4.772859999999860520e+03 9.652222990989685059e-01
4.774339999999860083e+03 8.905528187751770020e-01
4.775819999999859647e+03 9.191094040870666504e-01
4.777299999999859210e+03 8.132917284965515137e-01
4.778779999999858774e+03 7.562350630760192871e-01
4.780259999999858337e+03 7.983943819999694824e-01
4.781739999999857901e+03 8.631380200386047363e-01
4.783219999999857464e+03 8.943145871162414551e-01
4.784699999999857027e+03 8.389570116996765137e-01
4.786179999999856591e+03 7.900128960609436035e-01
4.787659999999856154e+03 9.155740737915039062e-01
4.789139999999855718e+03 8.408570289611816406e-01
4.790619999999855281e+03 8.443723320960998535e-01
4.792099999999854845e+03 7.816903591156005859e-01
4.793579999999854408e+03 8.895145654678344727e-01
4.795059999999853972e+03 9.088279604911804199e-01
4.796539999999853535e+03 1.056807875633239746e+00
4.798019999999853098e+03 9.035611748695373535e-01
4.799499999999852662e+03 8.897029161453247070e-01
4.800979999999852225e+03 8.585455417633056641e-01
4.802459999999851789e+03 8.941115140914916992e-01
4.803939999999851352e+03 7.788769006729125977e-01
4.805419999999850916e+03 8.537268638610839844e-01
4.806899999999850479e+03 9.612268805503845215e-01
4.808379999999850043e+03 8.190088272094726562e-01
4.809859999999849606e+03 8.136841058731079102e-01
4.811339999999849169e+03 8.625535368919372559e-01
4.812819999999848733e+03 8.644703626632690430e-01
4.814299999999848296e+03 7.899006605148315430e-01
4.815779999999847860e+03 8.019706606864929199e-01
4.817259999999847423e+03 9.161176681518554688e-01
4.818739999999846987e+03 7.819917201995849609e-01
4.820219999999846550e+03 9.240632057189941406e-01
4.821699999999846113e+03 8.778929114341735840e-01
4.823179999999845677e+03 8.065451383590698242e-01
4.824659999999845240e+03 8.591459393501281738e-01
4.826139999999844804e+03 8.492568731307983398e-01
4.827619999999844367e+03 8.899620771408081055e-01
4.829099999999843931e+03 8.353496789932250977e-01
4.830579999999843494e+03 9.336806535720825195e-01
4.832059999999843058e+03 8.693740963935852051e-01
4.833539999999842621e+03 9.222550988197326660e-01
4.835019999999842184e+03 7.834709286689758301e-01
4.836499999999841748e+03 8.740076422691345215e-01
4.837979999999841311e+03 8.325425982475280762e-01
4.839459999999840875e+03 8.006029129028320312e-01
4.840939999999840438e+03 9.182016849517822266e-01
4.842419999999840002e+03 8.152750730514526367e-01
4.843899999999839565e+03 8.890275955200195312e-01
4.845379999999839129e+03 8.966950774192810059e-01
4.846859999999838692e+03 8.573577404022216797e-01
4.848339999999838255e+03 9.401867985725402832e-01
4.849819999999837819e+03 9.710137248039245605e-01
4.851299999999837382e+03 9.297475814819335938e-01
4.852779999999836946e+03 8.011023998260498047e-01
4.854259999999836509e+03 9.314503073692321777e-01
4.855739999999836073e+03 9.967069625854492188e-01
4.857219999999835636e+03 9.168409109115600586e-01
4.858699999999835200e+03 8.056977391242980957e-01
4.860179999999834763e+03 8.455709218978881836e-01
4.861659999999834326e+03 9.032346606254577637e-01
4.863139999999833890e+03 9.194301366806030273e-01
4.864619999999833453e+03 9.330323338508605957e-01
4.866099999999833017e+03 9.561051726341247559e-01
4.867579999999832580e+03 7.979361414909362793e-01
4.869059999999832144e+03 9.827018380165100098e-01
4.870539999999831707e+03 7.452762722969055176e-01
4.872019999999831271e+03 7.588332295417785645e-01
4.873499999999830834e+03 8.782362341880798340e-01
4.874979999999830397e+03 8.711972236633300781e-01
4.876459999999829961e+03 8.801074624061584473e-01
4.877939999999829524e+03 8.042688369750976562e-01
4.879419999999829088e+03 9.887335300445556641e-01
4.880899999999828651e+03 7.506311535835266113e-01
4.882379999999828215e+03 8.343034386634826660e-01
4.883859999999827778e+03 9.791373610496520996e-01
4.885339999999827342e+03 9.101272821426391602e-01
4.886819999999826905e+03 8.527663946151733398e-01
4.888299999999826468e+03 8.146933913230895996e-01
4.889779999999826032e+03 8.241454958915710449e-01
4.891259999999825595e+03 7.820634841918945312e-01
4.892739999999825159e+03 9.812273383140563965e-01
4.894219999999824722e+03 9.389327764511108398e-01
4.895699999999824286e+03 9.802660942077636719e-01
4.897179999999823849e+03 8.095459938049316406e-01
4.898659999999823413e+03 8.994122147560119629e-01
4.900139999999822976e+03 9.403674006462097168e-01
4.901619999999822539e+03 8.871402740478515625e-01
4.903099999999822103e+03 8.326261639595031738e-01
4.904579999999821666e+03 8.538848161697387695e-01
4.906059999999821230e+03 9.488815665245056152e-01
4.907539999999820793e+03 8.104748129844665527e-01
4.909019999999820357e+03 9.228990674018859863e-01
4.910499999999819920e+03 9.349983930587768555e-01
4.911979999999819483e+03 9.986569285392761230e-01
4.913459999999819047e+03 8.995356559753417969e-01
4.914939999999818610e+03 8.410190939903259277e-01
4.916419999999818174e+03 9.363925457000732422e-01
4.917899999999817737e+03 1.002633810043334961e+00
4.919379999999817301e+03 8.041076064109802246e-01
4.920859999999816864e+03 8.599986433982849121e-01
4.922339999999816428e+03 9.272211194038391113e-01
4.923819999999815991e+03 8.263036608695983887e-01
4.925299999999815554e+03 8.912075757980346680e-01
4.926779999999815118e+03 1.027248501777648926e+00
4.928259999999814681e+03 8.950948715209960938e-01
4.929739999999814245e+03 8.184471726417541504e-01
4.931219999999813808e+03 9.693182110786437988e-01
4.932699999999813372e+03 9.219496846199035645e-01
4.934179999999812935e+03 8.257150650024414062e-01
4.935659999999812499e+03 9.895453453063964844e-01
4.937139999999812062e+03 8.059038519859313965e-01
4.938619999999811625e+03 8.020787239074707031e-01
4.940099999999811189e+03 8.340413570404052734e-01
4.941579999999810752e+03 8.166362643241882324e-01
4.943059999999810316e+03 8.273653984069824219e-01
4.944539999999809879e+03 9.483920335769653320e-01
4.946019999999809443e+03 9.057132601737976074e-01
4.947499999999809006e+03 9.630694389343261719e-01
4.948979999999808570e+03 8.348327279090881348e-01
4.950459999999808133e+03 9.511142969131469727e-01
4.951939999999807696e+03 8.804250955581665039e-01
4.953419999999807260e+03 8.163208961486816406e-01
4.954899999999806823e+03 9.829602837562561035e-01
4.956379999999806387e+03 7.609078288078308105e-01
4.957859999999805950e+03 8.601338863372802734e-01
4.959339999999805514e+03 9.515182971954345703e-01
4.960819999999805077e+03 9.158343672752380371e-01
4.962299999999804641e+03 8.692247867584228516e-01
4.963779999999804204e+03 9.216616749763488770e-01
4.965259999999803767e+03 9.772925376892089844e-01
4.966739999999803331e+03 8.635691404342651367e-01
4.968219999999802894e+03 8.132492899894714355e-01
4.969699999999802458e+03 7.942833304405212402e-01
4.971179999999802021e+03 7.914042472839355469e-01
4.972659999999801585e+03 7.963097095489501953e-01
4.974139999999801148e+03 2.268781185150146484e+00
4.975619999999800712e+03 8.019143104553222656e+00
4.977099999999800275e+03 9.200991630554199219e+00
4.978579999999799838e+03 3.125422239303588867e+00
4.980059999999799402e+03 8.003905415534973145e-01
4.981539999999798965e+03 7.456980347633361816e-01
4.983019999999798529e+03 7.857892513275146484e-01
4.984499999999798092e+03 8.931421041488647461e-01
4.985979999999797656e+03 8.540788888931274414e-01
4.987459999999797219e+03 8.460071086883544922e-01
4.988939999999796783e+03 8.661565184593200684e-01
4.990419999999796346e+03 7.149301767349243164e-01
4.991899999999795909e+03 8.006839752197265625e-01
4.993379999999795473e+03 8.483050465583801270e-01
4.994859999999795036e+03 1.083179473876953125e+00
4.996339999999794600e+03 9.687336087226867676e-01
4.997819999999794163e+03 8.875439167022705078e-01
4.999299999999793727e+03 8.673245906829833984e-01
5.000779999999793290e+03 8.426603674888610840e-01
5.002259999999792853e+03 9.254209995269775391e-01
5.003739999999792417e+03 1.013513088226318359e+00
5.005219999999791980e+03 9.113494753837585449e-01
5.006699999999791544e+03 9.341558814048767090e-01
5.008179999999791107e+03 9.258546233177185059e-01
5.009659999999790671e+03 8.793249130249023438e-01
5.011139999999790234e+03 9.727553129196166992e-01
5.012619999999789798e+03 9.682089686393737793e-01
5.014099999999789361e+03 9.539867043495178223e-01
5.015579999999788924e+03 9.446715116500854492e-01
5.017059999999788488e+03 9.741885662078857422e-01
5.018539999999788051e+03 9.148257970809936523e-01
5.020019999999787615e+03 9.724854826927185059e-01
5.021499999999787178e+03 9.935017228126525879e-01
5.022979999999786742e+03 1.008842110633850098e+00
5.024459999999786305e+03 9.590238332748413086e-01
5.025939999999785869e+03 9.028782248497009277e-01
5.027419999999785432e+03 9.669976234436035156e-01
5.028899999999784995e+03 1.059924840927124023e+00
5.030379999999784559e+03 9.722864627838134766e-01
5.031859999999784122e+03 1.025571584701538086e+00
5.033339999999783686e+03 1.024368524551391602e+00
5.034819999999783249e+03 9.219818115234375000e-01
5.036299999999782813e+03 7.753785252571105957e-01
5.037779999999782376e+03 9.767033457756042480e-01
5.039259999999781940e+03 9.505272507667541504e-01
5.040739999999781503e+03 8.879498243331909180e-01
5.042219999999781066e+03 1.015833377838134766e+00
5.043699999999780630e+03 9.969477653503417969e-01
5.045179999999780193e+03 1.046586513519287109e+00
5.046659999999779757e+03 9.777407050132751465e-01
5.048139999999779320e+03 9.283674955368041992e-01
5.049619999999778884e+03 1.021027445793151855e+00
5.051099999999778447e+03 8.499665260314941406e-01
5.052579999999778011e+03 9.931299686431884766e-01
5.054059999999777574e+03 9.302350282669067383e-01
5.055539999999777137e+03 9.858012199401855469e-01
5.057019999999776701e+03 9.875499606132507324e-01
5.058499999999776264e+03 8.993096351623535156e-01
5.059979999999775828e+03 9.421558380126953125e-01
5.061459999999775391e+03 1.020291566848754883e+00
5.062939999999774955e+03 9.121525883674621582e-01
5.064419999999774518e+03 8.951421976089477539e-01
5.065899999999774082e+03 1.055723071098327637e+00
5.067379999999773645e+03 1.016567945480346680e+00
5.068859999999773208e+03 1.094928622245788574e+00
5.070339999999772772e+03 1.109977364540100098e+00
5.071819999999772335e+03 9.610735774040222168e-01
5.073299999999771899e+03 1.133802294731140137e+00
5.074779999999771462e+03 2.538114786148071289e+00
5.076259999999771026e+03 4.072612285614013672e+00
5.077739999999770589e+03 3.176098108291625977e+00
5.079219999999770152e+03 1.155061483383178711e+00
5.080699999999769716e+03 1.014961004257202148e+00
5.082179999999769279e+03 1.074461936950683594e+00
5.083659999999768843e+03 9.873471260070800781e-01
5.085139999999768406e+03 9.570392370223999023e-01
5.086619999999767970e+03 1.015506625175476074e+00
5.088099999999767533e+03 1.003548264503479004e+00
5.089579999999767097e+03 1.012295722961425781e+00
5.091059999999766660e+03 1.040177822113037109e+00
5.092539999999766223e+03 1.099504113197326660e+00
5.094019999999765787e+03 1.050384044647216797e+00
5.095499999999765350e+03 9.368008375167846680e-01
5.096979999999764914e+03 9.201545119285583496e-01
5.098459999999764477e+03 9.498887062072753906e-01
5.099939999999764041e+03 9.530948400497436523e-01
5.101419999999763604e+03 1.008062481880187988e+00
5.102899999999763168e+03 1.040774345397949219e+00
5.104379999999762731e+03 1.134123444557189941e+00
5.105859999999762294e+03 1.078452706336975098e+00
5.107339999999761858e+03 9.063037037849426270e-01
5.108819999999761421e+03 9.512833356857299805e-01
5.110299999999760985e+03 1.003154993057250977e+00
5.111779999999760548e+03 1.039417862892150879e+00
5.113259999999760112e+03 1.039654254913330078e+00
5.114739999999759675e+03 1.026723146438598633e+00
5.116219999999759239e+03 1.109962105751037598e+00
5.117699999999758802e+03 9.205158948898315430e-01
5.119179999999758365e+03 9.118844866752624512e-01
5.120659999999757929e+03 8.817646503448486328e-01
5.122139999999757492e+03 1.152120828628540039e+00
5.123619999999757056e+03 5.080095767974853516e+00
5.125099999999756619e+03 1.059260940551757812e+01
5.126579999999756183e+03 8.159535408020019531e+00
5.128059999999755746e+03 2.072355270385742188e+00
5.129539999999755310e+03 9.369421601295471191e-01
5.131019999999754873e+03 9.315305948257446289e-01
5.132499999999754436e+03 1.098298668861389160e+00
5.133979999999754000e+03 1.182012796401977539e+00
5.135459999999753563e+03 1.123262405395507812e+00
5.136939999999753127e+03 9.490027427673339844e-01
5.138419999999752690e+03 9.870812296867370605e-01
5.139899999999752254e+03 1.164102673530578613e+00
5.141379999999751817e+03 1.104049205780029297e+00
5.142859999999751381e+03 1.021965742111206055e+00
5.144339999999750944e+03 1.078131675720214844e+00
5.145819999999750507e+03 1.013655543327331543e+00
5.147299999999750071e+03 9.320456981658935547e-01
5.148779999999749634e+03 1.001824736595153809e+00
5.150259999999749198e+03 1.042871832847595215e+00
5.151739999999748761e+03 1.001049518585205078e+00
5.153219999999748325e+03 1.046997189521789551e+00
5.154699999999747888e+03 9.876024723052978516e-01
5.156179999999747452e+03 1.040455341339111328e+00
5.157659999999747015e+03 1.004134893417358398e+00
5.159139999999746578e+03 9.535816907882690430e-01
5.160619999999746142e+03 9.411160349845886230e-01
5.162099999999745705e+03 1.026743531227111816e+00
5.163579999999745269e+03 1.099527597427368164e+00
5.165059999999744832e+03 9.182447195053100586e-01
5.166539999999744396e+03 9.729436635971069336e-01
5.168019999999743959e+03 1.014932274818420410e+00
5.169499999999743522e+03 1.092643737792968750e+00
5.170979999999743086e+03 9.819176793098449707e-01
5.172459999999742649e+03 9.557072520256042480e-01
5.173939999999742213e+03 1.061664581298828125e+00
5.175419999999741776e+03 1.103175401687622070e+00
5.176899999999741340e+03 1.045786023139953613e+00
5.178379999999740903e+03 1.059565305709838867e+00
5.179859999999740467e+03 1.142501235008239746e+00
5.181339999999740030e+03 1.105274677276611328e+00
5.182819999999739593e+03 9.710988998413085938e-01
5.184299999999739157e+03 9.275428056716918945e-01
5.185779999999738720e+03 1.045729279518127441e+00
5.187259999999738284e+03 9.461722373962402344e-01
5.188739999999737847e+03 9.700051546096801758e-01
5.190219999999737411e+03 1.068424463272094727e+00
5.191699999999736974e+03 1.028987050056457520e+00
5.193179999999736538e+03 1.000185966491699219e+00
5.194659999999736101e+03 1.034147143363952637e+00
5.196139999999735664e+03 1.027570486068725586e+00
5.197619999999735228e+03 9.940117001533508301e-01
5.199099999999734791e+03 1.084150552749633789e+00
5.200579999999734355e+03 1.048820137977600098e+00
5.202059999999733918e+03 9.784460067749023438e-01
5.203539999999733482e+03 1.108985304832458496e+00
5.205019999999733045e+03 1.085966229438781738e+00
5.206499999999732609e+03 9.894333481788635254e-01
5.207979999999732172e+03 9.320267438888549805e-01
5.209459999999731735e+03 9.643921852111816406e-01
5.210939999999731299e+03 1.131559491157531738e+00
5.212419999999730862e+03 1.076275467872619629e+00
5.213899999999730426e+03 1.186035394668579102e+00
5.215379999999729989e+03 1.097465634346008301e+00
5.216859999999729553e+03 1.048844099044799805e+00
5.218339999999729116e+03 1.022334218025207520e+00
5.219819999999728680e+03 1.042824983596801758e+00
5.221299999999728243e+03 1.120419025421142578e+00
5.222779999999727806e+03 9.635600447654724121e-01
5.224259999999727370e+03 1.053752541542053223e+00
5.225739999999726933e+03 1.109951972961425781e+00
5.227219999999726497e+03 1.039231896400451660e+00
5.228699999999726060e+03 1.072859525680541992e+00
5.230179999999725624e+03 1.056569576263427734e+00
5.231659999999725187e+03 1.026250362396240234e+00
5.233139999999724751e+03 1.087032556533813477e+00
5.234619999999724314e+03 9.811785221099853516e-01
5.236099999999723877e+03 1.023232340812683105e+00
5.237579999999723441e+03 1.024974107742309570e+00
5.239059999999723004e+03 1.026606082916259766e+00
5.240539999999722568e+03 1.077392697334289551e+00
5.242019999999722131e+03 1.060723900794982910e+00
5.243499999999721695e+03 1.041961550712585449e+00
5.244979999999721258e+03 1.157642126083374023e+00
5.246459999999720822e+03 1.031979322433471680e+00
5.247939999999720385e+03 9.342884421348571777e-01
5.249419999999719948e+03 9.461939930915832520e-01
5.250899999999719512e+03 1.030210256576538086e+00
5.252379999999719075e+03 9.297184944152832031e-01
5.253859999999718639e+03 1.060435891151428223e+00
5.255339999999718202e+03 1.145416259765625000e+00
5.256819999999717766e+03 1.087777733802795410e+00
5.258299999999717329e+03 1.027429938316345215e+00
5.259779999999716892e+03 1.128772616386413574e+00
5.261259999999716456e+03 1.159829020500183105e+00
5.262739999999716019e+03 1.146159529685974121e+00
5.264219999999715583e+03 9.897416830062866211e-01
5.265699999999715146e+03 8.971462845802307129e-01
5.267179999999714710e+03 9.702784419059753418e-01
5.268659999999714273e+03 9.331997632980346680e-01
5.270139999999713837e+03 1.048987984657287598e+00
5.271619999999713400e+03 9.267671108245849609e-01
5.273099999999712963e+03 1.140507221221923828e+00
5.274579999999712527e+03 8.716729283332824707e-01
5.276059999999712090e+03 1.013820290565490723e+00
5.277539999999711654e+03 1.128436207771301270e+00
5.279019999999711217e+03 1.072305202484130859e+00
5.280499999999710781e+03 9.830250144004821777e-01
5.281979999999710344e+03 1.013186812400817871e+00
5.283459999999709908e+03 9.179095029830932617e-01
5.284939999999709471e+03 1.000367879867553711e+00
5.286419999999709034e+03 1.015576124191284180e+00
5.287899999999708598e+03 9.545594453811645508e-01
5.289379999999708161e+03 8.884882926940917969e-01
5.290859999999707725e+03 9.876993894577026367e-01
5.292339999999707288e+03 1.027117967605590820e+00
5.293819999999706852e+03 9.336005449295043945e-01
5.295299999999706415e+03 9.145380258560180664e-01
5.296779999999705979e+03 9.466901421546936035e-01
5.298259999999705542e+03 1.048017621040344238e+00
5.299739999999705105e+03 1.067485928535461426e+00
5.301219999999704669e+03 9.607838392257690430e-01
5.302699999999704232e+03 9.238961935043334961e-01
5.304179999999703796e+03 9.089064002037048340e-01
5.305659999999703359e+03 9.822599291801452637e-01
5.307139999999702923e+03 9.914246797561645508e-01
5.308619999999702486e+03 1.048050642013549805e+00
5.310099999999702050e+03 1.028540730476379395e+00
5.311579999999701613e+03 1.065209031105041504e+00
5.313059999999701176e+03 1.027015328407287598e+00
5.314539999999700740e+03 9.648187160491943359e-01
5.316019999999700303e+03 8.917369246482849121e-01
5.317499999999699867e+03 1.032175898551940918e+00
5.318979999999699430e+03 1.064993500709533691e+00
5.320459999999698994e+03 1.121965646743774414e+00
5.321939999999698557e+03 1.165695548057556152e+00
5.323419999999698121e+03 1.063077092170715332e+00
5.324899999999697684e+03 1.117990374565124512e+00
5.326379999999697247e+03 1.024186134338378906e+00
5.327859999999696811e+03 9.466408491134643555e-01
5.329339999999696374e+03 1.035076856613159180e+00
5.330819999999695938e+03 1.056141614913940430e+00
5.332299999999695501e+03 1.066882014274597168e+00
5.333779999999695065e+03 1.044874787330627441e+00
5.335259999999694628e+03 9.891857504844665527e-01
5.336739999999694192e+03 1.037271380424499512e+00
5.338219999999693755e+03 9.351598024368286133e-01
5.339699999999693318e+03 9.514538645744323730e-01
5.341179999999692882e+03 1.006314039230346680e+00
5.342659999999692445e+03 1.055600523948669434e+00
5.344139999999692009e+03 1.030802369117736816e+00
5.345619999999691572e+03 1.000526189804077148e+00
5.347099999999691136e+03 1.045716643333435059e+00
5.348579999999690699e+03 8.273040056228637695e-01
5.350059999999690262e+03 8.879618048667907715e-01
5.351539999999689826e+03 1.074703693389892578e+00
5.353019999999689389e+03 9.030829668045043945e-01
5.354499999999688953e+03 9.541248679161071777e-01
5.355979999999688516e+03 1.047829508781433105e+00
5.357459999999688080e+03 1.020941734313964844e+00
5.358939999999687643e+03 1.015282273292541504e+00
5.360419999999687207e+03 1.049530982971191406e+00
5.361899999999686770e+03 1.023430824279785156e+00
5.363379999999686333e+03 1.004195570945739746e+00
5.364859999999685897e+03 9.604941606521606445e-01
5.366339999999685460e+03 1.088780403137207031e+00
5.367819999999685024e+03 1.201703190803527832e+00
5.369299999999684587e+03 1.080072760581970215e+00
5.370779999999684151e+03 9.835696816444396973e-01
5.372259999999683714e+03 1.057233214378356934e+00
5.373739999999683278e+03 1.010346412658691406e+00
5.375219999999682841e+03 8.995523452758789062e-01
5.376699999999682404e+03 9.912380576133728027e-01
5.378179999999681968e+03 1.010471701622009277e+00
5.379659999999681531e+03 1.012470602989196777e+00
5.381139999999681095e+03 1.008058547973632812e+00
5.382619999999680658e+03 9.517070651054382324e-01
5.384099999999680222e+03 9.753831624984741211e-01
5.385579999999679785e+03 1.044041872024536133e+00
5.387059999999679349e+03 1.103268623352050781e+00
5.388539999999678912e+03 9.655167460441589355e-01
5.390019999999678475e+03 9.041082262992858887e-01
5.391499999999678039e+03 8.789107203483581543e-01
5.392979999999677602e+03 9.142317771911621094e-01
5.394459999999677166e+03 9.426132440567016602e-01
5.395939999999676729e+03 1.037540674209594727e+00
5.397419999999676293e+03 1.049238920211791992e+00
5.398899999999675856e+03 9.845556020736694336e-01
5.400379999999675420e+03 1.026211023330688477e+00
5.401859999999674983e+03 1.013827562332153320e+00
5.403339999999674546e+03 1.049698710441589355e+00
5.404819999999674110e+03 9.704420566558837891e-01
5.406299999999673673e+03 1.021973967552185059e+00
5.407779999999673237e+03 1.099824786186218262e+00
5.409259999999672800e+03 1.029563069343566895e+00
5.410739999999672364e+03 9.218495488166809082e-01
5.412219999999671927e+03 1.028465032577514648e+00
5.413699999999671491e+03 1.126117944717407227e+00
5.415179999999671054e+03 1.170924901962280273e+00
5.416659999999670617e+03 1.098277807235717773e+00
5.418139999999670181e+03 1.026211977005004883e+00
5.419619999999669744e+03 9.711820483207702637e-01
5.421099999999669308e+03 9.698730111122131348e-01
5.422579999999668871e+03 9.579492807388305664e-01
5.424059999999668435e+03 9.766741394996643066e-01
5.425539999999667998e+03 1.026746153831481934e+00
5.427019999999667561e+03 1.000238895416259766e+00
5.428499999999667125e+03 1.035724878311157227e+00
5.429979999999666688e+03 1.017776131629943848e+00
5.431459999999666252e+03 1.086577773094177246e+00
5.432939999999665815e+03 1.114443302154541016e+00
5.434419999999665379e+03 1.073160409927368164e+00
5.435899999999664942e+03 1.046754598617553711e+00
5.437379999999664506e+03 1.090810179710388184e+00
5.438859999999664069e+03 1.076638460159301758e+00
5.440339999999663632e+03 1.052371501922607422e+00
5.441819999999663196e+03 9.908557534217834473e-01
5.443299999999662759e+03 1.076098918914794922e+00
5.444779999999662323e+03 9.583764672279357910e-01
5.446259999999661886e+03 8.997519016265869141e-01
5.447739999999661450e+03 1.086184024810791016e+00
5.449219999999661013e+03 9.884472489356994629e-01
5.450699999999660577e+03 9.227753877639770508e-01
5.452179999999660140e+03 8.866692781448364258e-01
5.453659999999659703e+03 9.019699096679687500e-01
5.455139999999659267e+03 9.679529070854187012e-01
5.456619999999658830e+03 9.012717008590698242e-01
5.458099999999658394e+03 9.672662615776062012e-01
5.459579999999657957e+03 1.011305809020996094e+00
5.461059999999657521e+03 9.800406098365783691e-01
5.462539999999657084e+03 9.672515988349914551e-01
5.464019999999656648e+03 1.013612747192382812e+00
5.465499999999656211e+03 9.942070841789245605e-01
5.466979999999655774e+03 1.006398081779479980e+00
5.468459999999655338e+03 1.057966470718383789e+00
5.469939999999654901e+03 1.059999465942382812e+00
5.471419999999654465e+03 1.020575642585754395e+00
5.472899999999654028e+03 9.392868280410766602e-01
5.474379999999653592e+03 1.058907389640808105e+00
5.475859999999653155e+03 1.012998580932617188e+00
5.477339999999652719e+03 9.687741994857788086e-01
5.478819999999652282e+03 9.763142466545104980e-01
5.480299999999651845e+03 9.834266901016235352e-01
5.481779999999651409e+03 1.053919315338134766e+00
5.483259999999650972e+03 1.093546271324157715e+00
5.484739999999650536e+03 1.048984885215759277e+00
5.486219999999650099e+03 9.570512771606445312e-01
5.487699999999649663e+03 9.758892059326171875e-01
5.489179999999649226e+03 9.621068239212036133e-01
5.490659999999648790e+03 1.059325814247131348e+00
5.492139999999648353e+03 9.909409284591674805e-01
5.493619999999647916e+03 1.041983962059020996e+00
5.495099999999647480e+03 1.002170681953430176e+00
5.496579999999647043e+03 9.615529179573059082e-01
5.498059999999646607e+03 9.690575003623962402e-01
5.499539999999646170e+03 1.008867025375366211e+00
5.501019999999645734e+03 1.091700792312622070e+00
5.502499999999645297e+03 1.115979313850402832e+00
5.503979999999644861e+03 9.965747594833374023e-01
5.505459999999644424e+03 9.776719212532043457e-01
5.506939999999643987e+03 9.853934049606323242e-01
5.508419999999643551e+03 1.050392985343933105e+00
5.509899999999643114e+03 9.602730274200439453e-01
5.511379999999642678e+03 9.880607724189758301e-01
5.512859999999642241e+03 1.013246893882751465e+00
5.514339999999641805e+03 9.559209346771240234e-01
5.515819999999641368e+03 9.340586662292480469e-01
5.517299999999640931e+03 9.454175233840942383e-01
5.518779999999640495e+03 1.045420527458190918e+00
5.520259999999640058e+03 1.049771070480346680e+00
5.521739999999639622e+03 9.514679908752441406e-01
5.523219999999639185e+03 8.923230171203613281e-01
5.524699999999638749e+03 9.645147323608398438e-01
5.526179999999638312e+03 1.010486006736755371e+00
5.527659999999637876e+03 1.042885184288024902e+00
5.529139999999637439e+03 1.048854112625122070e+00
5.530619999999637002e+03 1.043234825134277344e+00
5.532099999999636566e+03 9.481716752052307129e-01
5.533579999999636129e+03 9.818316102027893066e-01
5.535059999999635693e+03 9.572175145149230957e-01
5.536539999999635256e+03 9.386826753616333008e-01
5.538019999999634820e+03 9.687667489051818848e-01
5.539499999999634383e+03 1.003372073173522949e+00
5.540979999999633947e+03 9.971987009048461914e-01
5.542459999999633510e+03 9.174624681472778320e-01
5.543939999999633073e+03 9.304471015930175781e-01
5.545419999999632637e+03 1.019257068634033203e+00
5.546899999999632200e+03 9.577223062515258789e-01
5.548379999999631764e+03 9.425811767578125000e-01
5.549859999999631327e+03 1.002060413360595703e+00
5.551339999999630891e+03 9.729107618331909180e-01
5.552819999999630454e+03 9.528788328170776367e-01
5.554299999999630018e+03 1.046542882919311523e+00
5.555779999999629581e+03 1.009137272834777832e+00
5.557259999999629144e+03 9.855821728706359863e-01
5.558739999999628708e+03 9.923414587974548340e-01
5.560219999999628271e+03 9.016562104225158691e-01
5.561699999999627835e+03 9.216721653938293457e-01
5.563179999999627398e+03 9.195447564125061035e-01
5.564659999999626962e+03 9.012175798416137695e-01
5.566139999999626525e+03 9.700124859809875488e-01
5.567619999999626089e+03 1.031278729438781738e+00
5.569099999999625652e+03 1.057750821113586426e+00
5.570579999999625215e+03 9.827998280525207520e-01
5.572059999999624779e+03 8.975961208343505859e-01
5.573539999999624342e+03 9.263556599617004395e-01
5.575019999999623906e+03 6.725907325744628906e-01
5.576499999999623469e+03 1.146308422088623047e+00
5.577979999999623033e+03 1.161347150802612305e+00
5.579459999999622596e+03 8.066530823707580566e-01
5.580939999999622160e+03 9.916990995407104492e-01
5.582419999999621723e+03 1.067979931831359863e+00
5.583899999999621286e+03 9.512752890586853027e-01
5.585379999999620850e+03 9.783417582511901855e-01
5.586859999999620413e+03 9.654148817062377930e-01
5.588339999999619977e+03 9.775418043136596680e-01
5.589819999999619540e+03 9.600861668586730957e-01
5.591299999999619104e+03 8.546618223190307617e-01
5.592779999999618667e+03 9.414042830467224121e-01
5.594259999999618231e+03 9.569821953773498535e-01
5.595739999999617794e+03 9.701066017150878906e-01
5.597219999999617357e+03 9.237409830093383789e-01
5.598699999999616921e+03 9.809937477111816406e-01
5.600179999999616484e+03 9.200134873390197754e-01
5.601659999999616048e+03 9.208146929740905762e-01
5.603139999999615611e+03 9.567791223526000977e-01
5.604619999999615175e+03 9.882094860076904297e-01
5.606099999999614738e+03 9.023047685623168945e-01
5.607579999999614301e+03 8.409082293510437012e-01
5.609059999999613865e+03 9.123463630676269531e-01
5.610539999999613428e+03 8.451519608497619629e-01
5.612019999999612992e+03 8.691638112068176270e-01
5.613499999999612555e+03 9.697851538658142090e-01
5.614979999999612119e+03 9.149608016014099121e-01
5.616459999999611682e+03 8.960956335067749023e-01
5.617939999999611246e+03 9.357986450195312500e-01
5.619419999999610809e+03 8.988962173461914062e-01
5.620899999999610372e+03 9.758723974227905273e-01
5.622379999999609936e+03 9.778186678886413574e-01
5.623859999999609499e+03 9.780981540679931641e-01
5.625339999999609063e+03 9.201367497444152832e-01
5.626819999999608626e+03 9.282822608947753906e-01
5.628299999999608190e+03 9.700604677200317383e-01
5.629779999999607753e+03 9.220581650733947754e-01
5.631259999999607317e+03 8.751832246780395508e-01
5.632739999999606880e+03 9.725878834724426270e-01
5.634219999999606443e+03 9.711299538612365723e-01
5.635699999999606007e+03 9.441983103752136230e-01
5.637179999999605570e+03 9.394291639328002930e-01
5.638659999999605134e+03 9.642153978347778320e-01
5.640139999999604697e+03 1.001365184783935547e+00
5.641619999999604261e+03 9.929062724113464355e-01
5.643099999999603824e+03 9.980888962745666504e-01
5.644579999999603388e+03 9.810686111450195312e-01
5.646059999999602951e+03 9.631307125091552734e-01
5.647539999999602514e+03 9.613081216812133789e-01
5.649019999999602078e+03 9.889700412750244141e-01
5.650499999999601641e+03 9.617566466331481934e-01
5.651979999999601205e+03 8.745447397232055664e-01
5.653459999999600768e+03 9.082074165344238281e-01
5.654939999999600332e+03 9.700171947479248047e-01
5.656419999999599895e+03 9.574191570281982422e-01
5.657899999999599459e+03 9.456778168678283691e-01
5.659379999999599022e+03 9.892353415489196777e-01
5.660859999999598585e+03 9.160095453262329102e-01
5.662339999999598149e+03 8.403939008712768555e-01
5.663819999999597712e+03 8.787810206413269043e-01
5.665299999999597276e+03 8.695592880249023438e-01
5.666779999999596839e+03 9.004289507865905762e-01
5.668259999999596403e+03 9.206340312957763672e-01
5.669739999999595966e+03 9.408062696456909180e-01
5.671219999999595530e+03 9.504705667495727539e-01
5.672699999999595093e+03 9.642314910888671875e-01
5.674179999999594656e+03 9.123205542564392090e-01
5.675659999999594220e+03 8.900138139724731445e-01
5.677139999999593783e+03 1.010290026664733887e+00
5.678619999999593347e+03 9.731327891349792480e-01
5.680099999999592910e+03 8.620857596397399902e-01
5.681579999999592474e+03 9.091114401817321777e-01
5.683059999999592037e+03 9.510622620582580566e-01
5.684539999999591600e+03 9.954969286918640137e-01
5.686019999999591164e+03 9.371312856674194336e-01
5.687499999999590727e+03 9.270572066307067871e-01
5.688979999999590291e+03 8.968462347984313965e-01
5.690459999999589854e+03 9.380759000778198242e-01
5.691939999999589418e+03 8.692550659179687500e-01
5.693419999999588981e+03 9.537586569786071777e-01
5.694899999999588545e+03 9.224992394447326660e-01
5.696379999999588108e+03 9.696689248085021973e-01
5.697859999999587671e+03 9.830569028854370117e-01
5.699339999999587235e+03 8.750233650207519531e-01
5.700819999999586798e+03 9.137641787528991699e-01
5.702299999999586362e+03 9.269380569458007812e-01
5.703779999999585925e+03 8.944315910339355469e-01
5.705259999999585489e+03 8.781459927558898926e-01
5.706739999999585052e+03 9.067888259887695312e-01
5.708219999999584616e+03 9.491305947303771973e-01
5.709699999999584179e+03 9.618276357650756836e-01
5.711179999999583742e+03 8.039631843566894531e-01
5.712659999999583306e+03 9.332528710365295410e-01
5.714139999999582869e+03 9.144412279129028320e-01
5.715619999999582433e+03 9.452057480812072754e-01
5.717099999999581996e+03 9.365044236183166504e-01
5.718579999999581560e+03 8.495626449584960938e-01
5.720059999999581123e+03 9.473056197166442871e-01
5.721539999999580687e+03 9.516049623489379883e-01
5.723019999999580250e+03 8.940949440002441406e-01
5.724499999999579813e+03 9.194696545600891113e-01
5.725979999999579377e+03 8.534262776374816895e-01
5.727459999999578940e+03 9.299893379211425781e-01
5.728939999999578504e+03 1.005746483802795410e+00
5.730419999999578067e+03 8.802589178085327148e-01
5.731899999999577631e+03 9.137957096099853516e-01
5.733379999999577194e+03 8.968027234077453613e-01
5.734859999999576758e+03 9.440217614173889160e-01
5.736339999999576321e+03 9.824257493019104004e-01
5.737819999999575884e+03 9.671469330787658691e-01
5.739299999999575448e+03 9.141217470169067383e-01
5.740779999999575011e+03 9.820054173469543457e-01
5.742259999999574575e+03 8.992438912391662598e-01
5.743739999999574138e+03 9.162234067916870117e-01
5.745219999999573702e+03 9.087526798248291016e-01
5.746699999999573265e+03 8.614650368690490723e-01
5.748179999999572829e+03 7.865414023399353027e-01
5.749659999999572392e+03 8.942950367927551270e-01
5.751139999999571955e+03 9.102939963340759277e-01
5.752619999999571519e+03 9.239386320114135742e-01
5.754099999999571082e+03 9.280647039413452148e-01
5.755579999999570646e+03 9.481063485145568848e-01
5.757059999999570209e+03 8.318575024604797363e-01
5.758539999999569773e+03 8.590002655982971191e-01
5.760019999999569336e+03 8.870199918746948242e-01
5.761499999999568900e+03 8.977518081665039062e-01
5.762979999999568463e+03 9.175715446472167969e-01
5.764459999999568026e+03 9.074071049690246582e-01
5.765939999999567590e+03 8.598740100860595703e-01
5.767419999999567153e+03 9.623599052429199219e-01
5.768899999999566717e+03 9.585841894149780273e-01
5.770379999999566280e+03 9.259918332099914551e-01
5.771859999999565844e+03 9.656483530998229980e-01
5.773339999999565407e+03 9.690179824829101562e-01
5.774819999999564970e+03 8.634596467018127441e-01
5.776299999999564534e+03 8.819552659988403320e-01
5.777779999999564097e+03 9.200314879417419434e-01
5.779259999999563661e+03 9.233103394508361816e-01
5.780739999999563224e+03 8.318069577217102051e-01
5.782219999999562788e+03 9.279017448425292969e-01
5.783699999999562351e+03 9.021375179290771484e-01
5.785179999999561915e+03 8.849882483482360840e-01
5.786659999999561478e+03 9.831228852272033691e-01
5.788139999999561041e+03 8.821977376937866211e-01
5.789619999999560605e+03 8.716258406639099121e-01
5.791099999999560168e+03 9.028907418251037598e-01
5.792579999999559732e+03 9.240068197250366211e-01
5.794059999999559295e+03 8.741207122802734375e-01
5.795539999999558859e+03 8.920827507972717285e-01
5.797019999999558422e+03 8.865802288055419922e-01
5.798499999999557986e+03 9.240105152130126953e-01
5.799979999999557549e+03 8.849776983261108398e-01
5.801459999999557112e+03 9.821514487266540527e-01
5.802939999999556676e+03 9.243524074554443359e-01
5.804419999999556239e+03 8.801397681236267090e-01
5.805899999999555803e+03 9.295035004615783691e-01
5.807379999999555366e+03 8.690863847732543945e-01
5.808859999999554930e+03 8.938925862312316895e-01
5.810339999999554493e+03 8.897851109504699707e-01
5.811819999999554057e+03 9.067322015762329102e-01
5.813299999999553620e+03 9.367555975914001465e-01
5.814779999999553183e+03 9.356113076210021973e-01
5.816259999999552747e+03 9.358828663825988770e-01
5.817739999999552310e+03 8.597742319107055664e-01
5.819219999999551874e+03 8.801625370979309082e-01
5.820699999999551437e+03 9.259468317031860352e-01
5.822179999999551001e+03 9.538360834121704102e-01
5.823659999999550564e+03 9.108598828315734863e-01
5.825139999999550128e+03 9.562415480613708496e-01
5.826619999999549691e+03 9.179402589797973633e-01
5.828099999999549254e+03 9.345707297325134277e-01
5.829579999999548818e+03 9.935106635093688965e-01
5.831059999999548381e+03 9.198374748229980469e-01
5.832539999999547945e+03 8.425657749176025391e-01
5.834019999999547508e+03 9.218709468841552734e-01
5.835499999999547072e+03 9.008548855781555176e-01
5.836979999999546635e+03 8.767803311347961426e-01
5.838459999999546199e+03 9.493604302406311035e-01
5.839939999999545762e+03 9.158424139022827148e-01
5.841419999999545325e+03 8.894634842872619629e-01
5.842899999999544889e+03 9.193626046180725098e-01
5.844379999999544452e+03 8.811004161834716797e-01
5.845859999999544016e+03 9.186933636665344238e-01
5.847339999999543579e+03 9.166933298110961914e-01
5.848819999999543143e+03 9.582265615463256836e-01
5.850299999999542706e+03 9.283466339111328125e-01
5.851779999999542270e+03 9.110419154167175293e-01
5.853259999999541833e+03 9.081303477287292480e-01
5.854739999999541396e+03 9.090839624404907227e-01
5.856219999999540960e+03 9.060587286949157715e-01
5.857699999999540523e+03 8.853819966316223145e-01
5.859179999999540087e+03 9.001652598381042480e-01
5.860659999999539650e+03 9.442700147628784180e-01
5.862139999999539214e+03 8.557021021842956543e-01
5.863619999999538777e+03 9.206435084342956543e-01
5.865099999999538340e+03 9.934704303741455078e-01
5.866579999999537904e+03 9.619812965393066406e-01
5.868059999999537467e+03 8.974111080169677734e-01
5.869539999999537031e+03 8.411089181900024414e-01
5.871019999999536594e+03 9.645626544952392578e-01
5.872499999999536158e+03 1.043697357177734375e+00
5.873979999999535721e+03 9.801439046859741211e-01
5.875459999999535285e+03 9.456937313079833984e-01
5.876939999999534848e+03 9.499541521072387695e-01
5.878419999999534411e+03 9.396865367889404297e-01
5.879899999999533975e+03 9.316816926002502441e-01
5.881379999999533538e+03 9.861102700233459473e-01
5.882859999999533102e+03 9.707718491554260254e-01
5.884339999999532665e+03 8.530519604682922363e-01
5.885819999999532229e+03 9.238814711570739746e-01
5.887299999999531792e+03 9.398213624954223633e-01
5.888779999999531356e+03 8.817629814147949219e-01
5.890259999999530919e+03 1.072155475616455078e+00
5.891739999999530482e+03 1.079655647277832031e+00
5.893219999999530046e+03 9.467998147010803223e-01
5.894699999999529609e+03 9.620147943496704102e-01
5.896179999999529173e+03 9.381014704704284668e-01
5.897659999999528736e+03 9.091037511825561523e-01
5.899139999999528300e+03 8.835858702659606934e-01
5.900619999999527863e+03 9.128074645996093750e-01
5.902099999999527427e+03 9.849450588226318359e-01
5.903579999999526990e+03 9.154668450355529785e-01
5.905059999999526553e+03 9.333366155624389648e-01
5.906539999999526117e+03 1.044296741485595703e+00
5.908019999999525680e+03 9.289405345916748047e-01
5.909499999999525244e+03 8.633697628974914551e-01
5.910979999999524807e+03 8.856151103973388672e-01
5.912459999999524371e+03 8.397444486618041992e-01
5.913939999999523934e+03 8.683608770370483398e-01
5.915419999999523498e+03 9.419183135032653809e-01
5.916899999999523061e+03 9.000123143196105957e-01
5.918379999999522624e+03 8.504337072372436523e-01
5.919859999999522188e+03 8.973802328109741211e-01
5.921339999999521751e+03 8.771380782127380371e-01
5.922819999999521315e+03 8.866016864776611328e-01
5.924299999999520878e+03 9.222797155380249023e-01
5.925779999999520442e+03 8.768097758293151855e-01
5.927259999999520005e+03 8.802623152732849121e-01
5.928739999999519569e+03 8.582314252853393555e-01
5.930219999999519132e+03 8.620807528495788574e-01
5.931699999999518695e+03 9.135289192199707031e-01
5.933179999999518259e+03 9.055889844894409180e-01
5.934659999999517822e+03 8.475453853607177734e-01
5.936139999999517386e+03 9.820874333381652832e-01
5.937619999999516949e+03 1.001866459846496582e+00
5.939099999999516513e+03 9.130962491035461426e-01
5.940579999999516076e+03 9.716880917549133301e-01
5.942059999999515640e+03 8.975827097892761230e-01
5.943539999999515203e+03 9.149906039237976074e-01
5.945019999999514766e+03 9.983408451080322266e-01
5.946499999999514330e+03 9.016284942626953125e-01
5.947979999999513893e+03 7.953460812568664551e-01
5.949459999999513457e+03 9.824652671813964844e-01
5.950939999999513020e+03 1.073945283889770508e+00
5.952419999999512584e+03 9.778311252593994141e-01
5.953899999999512147e+03 9.309106469154357910e-01
5.955379999999511710e+03 9.161074757575988770e-01
5.956859999999511274e+03 9.902502894401550293e-01
5.958339999999510837e+03 1.044250845909118652e+00
5.959819999999510401e+03 9.598659276962280273e-01
5.961299999999509964e+03 9.450826644897460938e-01
5.962779999999509528e+03 9.509179592132568359e-01
5.964259999999509091e+03 8.967112302780151367e-01
5.965739999999508655e+03 9.281661510467529297e-01
5.967219999999508218e+03 9.215856194496154785e-01
5.968699999999507781e+03 9.522315263748168945e-01
5.970179999999507345e+03 9.467146396636962891e-01
5.971659999999506908e+03 9.426299929618835449e-01
5.973139999999506472e+03 9.920141100883483887e-01
5.974619999999506035e+03 8.858186602592468262e-01
5.976099999999505599e+03 8.095502853393554688e-01
5.977579999999505162e+03 8.969692587852478027e-01
5.979059999999504726e+03 8.257825970649719238e-01
5.980539999999504289e+03 8.311606049537658691e-01
5.982019999999503852e+03 9.016615152359008789e-01
5.983499999999503416e+03 9.030226469039916992e-01
5.984979999999502979e+03 9.034495353698730469e-01
5.986459999999502543e+03 8.896973133087158203e-01
5.987939999999502106e+03 8.661461472511291504e-01
5.989419999999501670e+03 8.741450905799865723e-01
5.990899999999501233e+03 8.325161337852478027e-01
5.992379999999500797e+03 8.436237573623657227e-01
5.993859999999500360e+03 8.666038513183593750e-01
5.995339999999499923e+03 8.596765995025634766e-01
5.996819999999499487e+03 8.712309002876281738e-01
5.998299999999499050e+03 8.731575608253479004e-01
5.999779999999498614e+03 8.670116662979125977e-01
6.001259999999498177e+03 8.685834407806396484e-01
6.002739999999497741e+03 8.342344760894775391e-01
6.004219999999497304e+03 8.625111579895019531e-01
6.005699999999496868e+03 9.037135839462280273e-01
6.007179999999496431e+03 8.651245832443237305e-01
6.008659999999495994e+03 8.889398574829101562e-01
6.010139999999495558e+03 8.680217862129211426e-01
6.011619999999495121e+03 8.107231855392456055e-01
6.013099999999494685e+03 1.182606101036071777e+00
6.014579999999494248e+03 1.920041918754577637e+00
6.016059999999493812e+03 1.880373597145080566e+00
6.017539999999493375e+03 1.172063708305358887e+00
6.019019999999492939e+03 8.897516131401062012e-01
6.020499999999492502e+03 7.935467362403869629e-01
6.021979999999492065e+03 8.707377314567565918e-01
6.023459999999491629e+03 9.126837253570556641e-01
6.024939999999491192e+03 8.664237260818481445e-01
6.026419999999490756e+03 8.885112404823303223e-01
6.027899999999490319e+03 8.369110822677612305e-01
6.029379999999489883e+03 8.585153222084045410e-01
6.030859999999489446e+03 7.938317656517028809e-01
6.032339999999489009e+03 9.174546599388122559e-01
6.033819999999488573e+03 9.317541718482971191e-01
6.035299999999488136e+03 8.111926913261413574e-01
6.036779999999487700e+03 7.525470852851867676e-01
6.038259999999487263e+03 8.825688362121582031e-01
6.039739999999486827e+03 8.697543740272521973e-01
6.041219999999486390e+03 9.290000796318054199e-01
6.042699999999485954e+03 8.785123229026794434e-01
6.044179999999485517e+03 7.861369252204895020e-01
6.045659999999485080e+03 8.564358949661254883e-01
6.047139999999484644e+03 8.440749645233154297e-01
6.048619999999484207e+03 8.310544490814208984e-01
6.050099999999483771e+03 8.660415410995483398e-01
6.051579999999483334e+03 8.483539819717407227e-01
6.053059999999482898e+03 8.334113955497741699e-01
6.054539999999482461e+03 8.103666305541992188e-01
6.056019999999482025e+03 7.863534092903137207e-01
6.057499999999481588e+03 8.895961642265319824e-01
6.058979999999481151e+03 8.890143036842346191e-01
6.060459999999480715e+03 9.285486936569213867e-01
6.061939999999480278e+03 8.422101736068725586e-01
6.063419999999479842e+03 8.944030404090881348e-01
6.064899999999479405e+03 8.688581585884094238e-01
6.066379999999478969e+03 8.941791653633117676e-01
6.067859999999478532e+03 9.151704311370849609e-01
6.069339999999478096e+03 9.171833992004394531e-01
6.070819999999477659e+03 8.676671385765075684e-01
6.072299999999477222e+03 8.083239197731018066e-01
6.073779999999476786e+03 8.104776740074157715e-01
6.075259999999476349e+03 8.738340139389038086e-01
6.076739999999475913e+03 8.987782001495361328e-01
6.078219999999475476e+03 8.732627630233764648e-01
6.079699999999475040e+03 8.150448799133300781e-01
6.081179999999474603e+03 8.438885211944580078e-01
6.082659999999474167e+03 8.825005888938903809e-01
6.084139999999473730e+03 9.126572012901306152e-01
6.085619999999473293e+03 9.061886072158813477e-01
6.087099999999472857e+03 8.732250332832336426e-01
6.088579999999472420e+03 8.799169063568115234e-01
6.090059999999471984e+03 8.218643665313720703e-01
6.091539999999471547e+03 8.851060867309570312e-01
6.093019999999471111e+03 8.646190166473388672e-01
6.094499999999470674e+03 8.456157445907592773e-01
6.095979999999470238e+03 9.071491360664367676e-01
6.097459999999469801e+03 8.859098553657531738e-01
6.098939999999469364e+03 8.821864128112792969e-01
6.100419999999468928e+03 9.854947924613952637e-01
6.101899999999468491e+03 8.902568817138671875e-01
6.103379999999468055e+03 8.685417771339416504e-01
6.104859999999467618e+03 9.391195178031921387e-01
6.106339999999467182e+03 9.481099843978881836e-01
6.107819999999466745e+03 9.084034562110900879e-01
6.109299999999466309e+03 9.457812309265136719e-01
6.110779999999465872e+03 1.002922773361206055e+00
6.112259999999465435e+03 8.542483448982238770e-01
6.113739999999464999e+03 9.068553447723388672e-01
6.115219999999464562e+03 8.954393267631530762e-01
6.116699999999464126e+03 8.389788866043090820e-01
6.118179999999463689e+03 8.447403311729431152e-01
6.119659999999463253e+03 8.994969129562377930e-01
6.121139999999462816e+03 8.903434276580810547e-01
6.122619999999462379e+03 8.554707169532775879e-01
6.124099999999461943e+03 8.700319528579711914e-01
6.125579999999461506e+03 8.464139699935913086e-01
6.127059999999461070e+03 8.349528908729553223e-01
6.128539999999460633e+03 8.735763430595397949e-01
6.130019999999460197e+03 8.653096556663513184e-01
6.131499999999459760e+03 8.707579374313354492e-01
6.132979999999459324e+03 8.637133836746215820e-01
6.134459999999458887e+03 8.574740886688232422e-01
6.135939999999458450e+03 8.479818701744079590e-01
6.137419999999458014e+03 7.764077782630920410e-01
6.138899999999457577e+03 8.085795044898986816e-01
6.140379999999457141e+03 8.563566207885742188e-01
6.141859999999456704e+03 8.138627409934997559e-01
6.143339999999456268e+03 8.110570907592773438e-01
6.144819999999455831e+03 8.500785231590270996e-01
6.146299999999455395e+03 8.625456690788269043e-01
6.147779999999454958e+03 8.760638833045959473e-01
6.149259999999454521e+03 7.993789315223693848e-01
6.150739999999454085e+03 7.786395549774169922e-01
6.152219999999453648e+03 8.178231120109558105e-01
6.153699999999453212e+03 7.785848379135131836e-01
6.155179999999452775e+03 8.162089586257934570e-01
6.156659999999452339e+03 8.498435616493225098e-01
6.158139999999451902e+03 8.776927590370178223e-01
6.159619999999451466e+03 8.662296533584594727e-01
6.161099999999451029e+03 7.972874641418457031e-01
6.162579999999450592e+03 7.876572012901306152e-01
6.164059999999450156e+03 8.130487799644470215e-01
6.165539999999449719e+03 8.715220689773559570e-01
6.167019999999449283e+03 8.958200812339782715e-01
6.168499999999448846e+03 7.295320630073547363e-01
6.169979999999448410e+03 8.445876836776733398e-01
6.171459999999447973e+03 8.208749890327453613e-01
6.172939999999447537e+03 8.688421845436096191e-01
6.174419999999447100e+03 8.302651643753051758e-01
6.175899999999446663e+03 9.250289797782897949e-01
6.177379999999446227e+03 8.825597763061523438e-01
6.178859999999445790e+03 8.447961807250976562e-01
6.180339999999445354e+03 8.402991294860839844e-01
6.181819999999444917e+03 7.732689380645751953e-01
6.183299999999444481e+03 8.691675066947937012e-01
6.184779999999444044e+03 8.213160037994384766e-01
6.186259999999443608e+03 8.134381771087646484e-01
6.187739999999443171e+03 8.395991921424865723e-01
6.189219999999442734e+03 8.950992822647094727e-01
6.190699999999442298e+03 8.461232185363769531e-01
6.192179999999441861e+03 7.571863532066345215e-01
6.193659999999441425e+03 8.417028188705444336e-01
6.195139999999440988e+03 8.420358300209045410e-01
6.196619999999440552e+03 7.909468412399291992e-01
6.198099999999440115e+03 8.410343527793884277e-01
6.199579999999439679e+03 8.271832466125488281e-01
6.201059999999439242e+03 8.339238166809082031e-01
6.202539999999438805e+03 8.796747922897338867e-01
6.204019999999438369e+03 9.335362911224365234e-01
6.205499999999437932e+03 9.073887467384338379e-01
6.206979999999437496e+03 8.641542196273803711e-01
6.208459999999437059e+03 8.595616817474365234e-01
6.209939999999436623e+03 8.608859777450561523e-01
6.211419999999436186e+03 9.390269517898559570e-01
6.212899999999435749e+03 9.544938802719116211e-01
6.214379999999435313e+03 8.762255311012268066e-01
6.215859999999434876e+03 7.940921783447265625e-01
6.217339999999434440e+03 8.278290033340454102e-01
6.218819999999434003e+03 8.803346753120422363e-01
6.220299999999433567e+03 8.580113649368286133e-01
6.221779999999433130e+03 8.358057141304016113e-01
6.223259999999432694e+03 8.158624172210693359e-01
6.224739999999432257e+03 8.492706418037414551e-01
6.226219999999431820e+03 8.077200651168823242e-01
6.227699999999431384e+03 8.039216399192810059e-01
6.229179999999430947e+03 7.996832132339477539e-01
6.230659999999430511e+03 8.632118701934814453e-01
6.232139999999430074e+03 8.411155939102172852e-01
6.233619999999429638e+03 8.830872774124145508e-01
6.235099999999429201e+03 8.163994550704956055e-01
6.236579999999428765e+03 8.901332020759582520e-01
6.238059999999428328e+03 8.573701381683349609e-01
6.239539999999427891e+03 7.879834771156311035e-01
6.241019999999427455e+03 8.422076106071472168e-01
6.242499999999427018e+03 8.928880095481872559e-01
6.243979999999426582e+03 8.168475031852722168e-01
6.245459999999426145e+03 8.154269456863403320e-01
6.246939999999425709e+03 7.688689827919006348e-01
6.248419999999425272e+03 7.767857313156127930e-01
6.249899999999424836e+03 7.970603108406066895e-01
6.251379999999424399e+03 8.123267889022827148e-01
6.252859999999423962e+03 8.733370304107666016e-01
6.254339999999423526e+03 7.531042098999023438e-01
6.255819999999423089e+03 7.732483148574829102e-01
6.257299999999422653e+03 8.875527977943420410e-01
6.258779999999422216e+03 8.567414879798889160e-01
6.260259999999421780e+03 8.685163855552673340e-01
6.261739999999421343e+03 7.972461581230163574e-01
6.263219999999420907e+03 8.356449007987976074e-01
6.264699999999420470e+03 8.985648751258850098e-01
6.266179999999420033e+03 7.957657575607299805e-01
6.267659999999419597e+03 8.563876152038574219e-01
6.269139999999419160e+03 8.427346348762512207e-01
6.270619999999418724e+03 7.782843112945556641e-01
6.272099999999418287e+03 7.998405098915100098e-01
6.273579999999417851e+03 7.536592483520507812e-01
6.275059999999417414e+03 7.666612267494201660e-01
6.276539999999416978e+03 7.273843288421630859e-01
6.278019999999416541e+03 7.118352055549621582e-01
6.279499999999416104e+03 8.657460808753967285e-01
6.280979999999415668e+03 6.915955543518066406e-01
6.282459999999415231e+03 8.225303888320922852e-01
6.283939999999414795e+03 6.916670203208923340e-01
6.285419999999414358e+03 6.783370375633239746e-01
6.286899999999413922e+03 9.001733660697937012e-01
6.288379999999413485e+03 7.840934991836547852e-01
6.289859999999413048e+03 8.282833695411682129e-01
6.291339999999412612e+03 8.765985369682312012e-01
6.292819999999412175e+03 7.818661332130432129e-01
6.294299999999411739e+03 7.873481512069702148e-01
6.295779999999411302e+03 8.057206273078918457e-01
6.297259999999410866e+03 4.790697097778320312e-01
6.298739999999410429e+03 8.479478955268859863e-01
6.300219999999409993e+03 1.227042198181152344e+00
6.301699999999409556e+03 9.038351774215698242e-01
6.303179999999409119e+03 7.100580930709838867e-01
6.304659999999408683e+03 7.936373949050903320e-01
6.306139999999408246e+03 8.520693778991699219e-01
6.307619999999407810e+03 8.477599620819091797e-01
6.309099999999407373e+03 7.749087810516357422e-01
6.310579999999406937e+03 7.738050818443298340e-01
6.312059999999406500e+03 7.592509388923645020e-01
6.313539999999406064e+03 7.667670249938964844e-01
6.315019999999405627e+03 8.224019408226013184e-01
6.316499999999405190e+03 7.831849455833435059e-01
6.317979999999404754e+03 8.232704997062683105e-01
6.319459999999404317e+03 7.906739115715026855e-01
6.320939999999403881e+03 7.587879300117492676e-01
6.322419999999403444e+03 8.102345466613769531e-01
6.323899999999403008e+03 7.901831269264221191e-01
6.325379999999402571e+03 7.401052117347717285e-01
6.326859999999402135e+03 7.544359564781188965e-01
6.328339999999401698e+03 8.271702527999877930e-01
6.329819999999401261e+03 7.922644615173339844e-01
6.331299999999400825e+03 8.080569505691528320e-01
6.332779999999400388e+03 7.561078071594238281e-01
6.334259999999399952e+03 7.430076599121093750e-01
6.335739999999399515e+03 7.204034924507141113e-01
6.337219999999399079e+03 7.339963912963867188e-01
6.338699999999398642e+03 8.021908402442932129e-01
6.340179999999398206e+03 7.492409944534301758e-01
6.341659999999397769e+03 7.855144739151000977e-01
6.343139999999397332e+03 7.713854312896728516e-01
6.344619999999396896e+03 8.265588879585266113e-01
6.346099999999396459e+03 7.865298986434936523e-01
6.347579999999396023e+03 7.976786494255065918e-01
6.349059999999395586e+03 8.311575055122375488e-01
6.350539999999395150e+03 7.886418104171752930e-01
6.352019999999394713e+03 7.963065505027770996e-01
6.353499999999394277e+03 7.863671779632568359e-01
6.354979999999393840e+03 8.295098543167114258e-01
6.356459999999393403e+03 8.295978307723999023e-01
6.357939999999392967e+03 7.840131521224975586e-01
6.359419999999392530e+03 7.745463848114013672e-01
6.360899999999392094e+03 6.299120187759399414e-01
6.362379999999391657e+03 7.234646677970886230e-01
6.363859999999391221e+03 8.556425571441650391e-01
6.365339999999390784e+03 7.359708547592163086e-01
6.366819999999390348e+03 7.859219312667846680e-01
6.368299999999389911e+03 7.730237245559692383e-01
6.369779999999389474e+03 8.571906089782714844e-01
6.371259999999389038e+03 8.696475625038146973e-01
6.372739999999388601e+03 8.277173638343811035e-01
6.374219999999388165e+03 8.526911735534667969e-01
6.375699999999387728e+03 7.841387391090393066e-01
6.377179999999387292e+03 7.512127757072448730e-01
6.378659999999386855e+03 7.374784946441650391e-01
6.380139999999386418e+03 7.382113933563232422e-01
6.381619999999385982e+03 7.880811095237731934e-01
6.383099999999385545e+03 8.248511552810668945e-01
6.384579999999385109e+03 7.255177497863769531e-01
6.386059999999384672e+03 7.755411863327026367e-01
6.387539999999384236e+03 7.317295074462890625e-01
6.389019999999383799e+03 6.963526606559753418e-01
6.390499999999383363e+03 7.647202014923095703e-01
6.391979999999382926e+03 7.355066537857055664e-01
6.393459999999382489e+03 7.134733796119689941e-01
6.394939999999382053e+03 7.169349789619445801e-01
6.396419999999381616e+03 8.050044775009155273e-01
6.397899999999381180e+03 8.629471659660339355e-01
6.399379999999380743e+03 7.471388578414916992e-01
6.400859999999380307e+03 7.224181294441223145e-01
6.402339999999379870e+03 7.398271560668945312e-01
6.403819999999379434e+03 7.680358886718750000e-01
6.405299999999378997e+03 7.974676489830017090e-01
6.406779999999378560e+03 7.137334346771240234e-01
6.408259999999378124e+03 7.651075720787048340e-01
6.409739999999377687e+03 7.870823740959167480e-01
6.411219999999377251e+03 8.460922241210937500e-01
6.412699999999376814e+03 7.675355076789855957e-01
6.414179999999376378e+03 7.686398625373840332e-01
6.415659999999375941e+03 8.358100652694702148e-01
6.417139999999375505e+03 7.753283381462097168e-01
6.418619999999375068e+03 7.568067908287048340e-01
6.420099999999374631e+03 7.543871998786926270e-01
6.421579999999374195e+03 7.778523564338684082e-01
6.423059999999373758e+03 7.875007987022399902e-01
6.424539999999373322e+03 7.850766777992248535e-01
6.426019999999372885e+03 7.303038835525512695e-01
6.427499999999372449e+03 7.207022309303283691e-01
6.428979999999372012e+03 8.230937719345092773e-01
6.430459999999371576e+03 8.245345354080200195e-01
6.431939999999371139e+03 7.328871488571166992e-01
6.433419999999370702e+03 7.588289380073547363e-01
6.434899999999370266e+03 8.179528713226318359e-01
6.436379999999369829e+03 8.414870500564575195e-01
6.437859999999369393e+03 8.268080353736877441e-01
6.439339999999368956e+03 8.122462630271911621e-01
6.440819999999368520e+03 7.903776168823242188e-01
6.442299999999368083e+03 7.202173471450805664e-01
6.443779999999367647e+03 7.534172534942626953e-01
6.445259999999367210e+03 7.729871869087219238e-01
6.446739999999366773e+03 8.381098508834838867e-01
6.448219999999366337e+03 1.051453471183776855e+00
6.449699999999365900e+03 1.146924734115600586e+00
6.451179999999365464e+03 1.056237220764160156e+00
6.452659999999365027e+03 8.673927783966064453e-01
6.454139999999364591e+03 8.202858567237854004e-01
6.455619999999364154e+03 7.806084752082824707e-01
6.457099999999363718e+03 8.446564078330993652e-01
6.458579999999363281e+03 8.692091703414916992e-01
6.460059999999362844e+03 8.433767557144165039e-01
6.461539999999362408e+03 8.229315280914306641e-01
6.463019999999361971e+03 8.162381052970886230e-01
6.464499999999361535e+03 7.932790517807006836e-01
6.465979999999361098e+03 8.393436670303344727e-01
6.467459999999360662e+03 7.398437261581420898e-01
6.468939999999360225e+03 7.614181041717529297e-01
6.470419999999359788e+03 7.960916757583618164e-01
6.471899999999359352e+03 7.391888499259948730e-01
6.473379999999358915e+03 7.939117550849914551e-01
6.474859999999358479e+03 8.456851243972778320e-01
6.476339999999358042e+03 8.296761512756347656e-01
6.477819999999357606e+03 7.904745936393737793e-01
6.479299999999357169e+03 7.990052700042724609e-01
6.480779999999356733e+03 8.271443843841552734e-01
6.482259999999356296e+03 7.286452651023864746e-01
6.483739999999355859e+03 7.500659823417663574e-01
6.485219999999355423e+03 7.738932371139526367e-01
6.486699999999354986e+03 7.610878944396972656e-01
6.488179999999354550e+03 7.859102487564086914e-01
6.489659999999354113e+03 7.581335902214050293e-01
6.491139999999353677e+03 7.797124385833740234e-01
6.492619999999353240e+03 7.854807972908020020e-01
6.494099999999352804e+03 7.949519753456115723e-01
6.495579999999352367e+03 6.968256235122680664e-01
6.497059999999351930e+03 7.629551887512207031e-01
6.498539999999351494e+03 7.864851355552673340e-01
6.500019999999351057e+03 8.012188673019409180e-01
6.501499999999350621e+03 7.744711637496948242e-01
6.502979999999350184e+03 8.481737971305847168e-01
6.504459999999349748e+03 8.719581365585327148e-01
6.505939999999349311e+03 7.826452255249023438e-01
6.507419999999348875e+03 7.455058097839355469e-01
6.508899999999348438e+03 7.862102389335632324e-01
6.510379999999348001e+03 7.773092985153198242e-01
6.511859999999347565e+03 7.568486332893371582e-01
6.513339999999347128e+03 8.507087826728820801e-01
6.514819999999346692e+03 9.443385601043701172e-01
6.516299999999346255e+03 9.021807312965393066e-01
6.517779999999345819e+03 7.893295884132385254e-01
6.519259999999345382e+03 7.456892728805541992e-01
6.520739999999344946e+03 7.861993312835693359e-01
6.522219999999344509e+03 8.275256156921386719e-01
6.523699999999344072e+03 8.329834342002868652e-01
6.525179999999343636e+03 7.802228927612304688e-01
6.526659999999343199e+03 7.669203281402587891e-01
6.528139999999342763e+03 8.826622366905212402e-01
6.529619999999342326e+03 8.283307552337646484e-01
6.531099999999341890e+03 8.183714747428894043e-01
6.532579999999341453e+03 8.292286396026611328e-01
6.534059999999341017e+03 8.614845275878906250e-01
6.535539999999340580e+03 8.711916208267211914e-01
6.537019999999340143e+03 8.380669951438903809e-01
6.538499999999339707e+03 7.478828430175781250e-01
6.539979999999339270e+03 7.942094802856445312e-01
6.541459999999338834e+03 8.266823887825012207e-01
6.542939999999338397e+03 7.672047019004821777e-01
6.544419999999337961e+03 7.434405684471130371e-01
6.545899999999337524e+03 7.182610630989074707e-01
6.547379999999337088e+03 7.769262790679931641e-01
6.548859999999336651e+03 8.386580944061279297e-01
6.550339999999336214e+03 7.400215864181518555e-01
6.551819999999335778e+03 7.287752628326416016e-01
6.553299999999335341e+03 8.102269768714904785e-01
6.554779999999334905e+03 7.625395655632019043e-01
6.556259999999334468e+03 7.404879331588745117e-01
6.557739999999334032e+03 7.894310951232910156e-01
6.559219999999333595e+03 7.600569725036621094e-01
6.560699999999333158e+03 7.765114307403564453e-01
6.562179999999332722e+03 7.308577299118041992e-01
6.563659999999332285e+03 6.756251454353332520e-01
6.565139999999331849e+03 7.773661017417907715e-01
6.566619999999331412e+03 7.609287500381469727e-01
6.568099999999330976e+03 8.024451732635498047e-01
6.569579999999330539e+03 7.850463390350341797e-01
6.571059999999330103e+03 7.826894521713256836e-01
6.572539999999329666e+03 7.475395202636718750e-01
6.574019999999329229e+03 6.866223216056823730e-01
6.575499999999328793e+03 7.845521569252014160e-01
6.576979999999328356e+03 8.013643622398376465e-01
6.578459999999327920e+03 7.491540312767028809e-01
6.579939999999327483e+03 7.808393239974975586e-01
6.581419999999327047e+03 8.074703216552734375e-01
6.582899999999326610e+03 7.572208642959594727e-01
6.584379999999326174e+03 7.573363184928894043e-01
6.585859999999325737e+03 7.673630118370056152e-01
6.587339999999325300e+03 7.548771500587463379e-01
6.588819999999324864e+03 8.201628327369689941e-01
6.590299999999324427e+03 8.088356256484985352e-01
6.591779999999323991e+03 7.342806458473205566e-01
6.593259999999323554e+03 7.243497967720031738e-01
6.594739999999323118e+03 7.864573001861572266e-01
6.596219999999322681e+03 7.847307920455932617e-01
6.597699999999322245e+03 7.257616519927978516e-01
6.599179999999321808e+03 8.119593262672424316e-01
6.600659999999321371e+03 7.707277536392211914e-01
6.602139999999320935e+03 8.168291449546813965e-01
6.603619999999320498e+03 7.549821734428405762e-01
6.605099999999320062e+03 7.652420401573181152e-01
6.606579999999319625e+03 7.861705422401428223e-01
6.608059999999319189e+03 7.024148702621459961e-01
6.609539999999318752e+03 7.017346024513244629e-01
6.611019999999318316e+03 8.048141002655029297e-01
6.612499999999317879e+03 7.303408384323120117e-01
6.613979999999317442e+03 6.862127780914306641e-01
6.615459999999317006e+03 7.304833531379699707e-01
6.616939999999316569e+03 7.762448787689208984e-01
6.618419999999316133e+03 8.048682808876037598e-01
6.619899999999315696e+03 7.478384971618652344e-01
6.621379999999315260e+03 7.999095916748046875e-01
6.622859999999314823e+03 8.524246811866760254e-01
6.624339999999314387e+03 7.565527558326721191e-01
6.625819999999313950e+03 7.840337157249450684e-01
6.627299999999313513e+03 7.710506916046142578e-01
6.628779999999313077e+03 8.091661334037780762e-01
6.630259999999312640e+03 7.691464424133300781e-01
6.631739999999312204e+03 7.768068313598632812e-01
6.633219999999311767e+03 7.659661769866943359e-01
6.634699999999311331e+03 7.763996720314025879e-01
6.636179999999310894e+03 7.662818431854248047e-01
6.637659999999310457e+03 7.232792973518371582e-01
6.639139999999310021e+03 7.431042790412902832e-01
6.640619999999309584e+03 8.162338137626647949e-01
6.642099999999309148e+03 7.703019976615905762e-01
6.643579999999308711e+03 7.489523291587829590e-01
6.645059999999308275e+03 7.857272624969482422e-01
6.646539999999307838e+03 7.786625027656555176e-01
6.648019999999307402e+03 7.586011886596679688e-01
6.649499999999306965e+03 7.149887681007385254e-01
6.650979999999306528e+03 7.137184143066406250e-01
6.652459999999306092e+03 7.172612547874450684e-01
6.653939999999305655e+03 7.770390510559082031e-01
6.655419999999305219e+03 8.394768834114074707e-01
6.656899999999304782e+03 7.330143451690673828e-01
6.658379999999304346e+03 7.811517715454101562e-01
6.659859999999303909e+03 8.060166239738464355e-01
6.661339999999303473e+03 7.705211639404296875e-01
6.662819999999303036e+03 7.695454359054565430e-01
6.664299999999302599e+03 8.169382214546203613e-01
6.665779999999302163e+03 8.091555833816528320e-01
6.667259999999301726e+03 8.037793040275573730e-01
6.668739999999301290e+03 7.692915797233581543e-01
6.670219999999300853e+03 7.703604102134704590e-01
6.671699999999300417e+03 7.927390336990356445e-01
6.673179999999299980e+03 7.636976838111877441e-01
6.674659999999299544e+03 7.626783251762390137e-01
6.676139999999299107e+03 7.685508728027343750e-01
6.677619999999298670e+03 7.682303786277770996e-01
6.679099999999298234e+03 7.585369944572448730e-01
6.680579999999297797e+03 8.248211145401000977e-01
6.682059999999297361e+03 8.749538064002990723e-01
6.683539999999296924e+03 8.166687488555908203e-01
6.685019999999296488e+03 7.557380199432373047e-01
6.686499999999296051e+03 7.734193205833435059e-01
6.687979999999295615e+03 8.061410784721374512e-01
6.689459999999295178e+03 7.998846173286437988e-01
6.690939999999294741e+03 8.087056875228881836e-01
6.692419999999294305e+03 7.917388677597045898e-01
6.693899999999293868e+03 8.248146772384643555e-01
6.695379999999293432e+03 8.386566638946533203e-01
6.696859999999292995e+03 7.983600497245788574e-01
6.698339999999292559e+03 8.126295804977416992e-01
6.699819999999292122e+03 8.388148546218872070e-01
6.701299999999291686e+03 1.899402260780334473e+00
6.702779999999291249e+03 3.148707866668701172e+00
6.704259999999290812e+03 2.782409191131591797e+00
6.705739999999290376e+03 1.411567926406860352e+00
6.707219999999289939e+03 7.727977037429809570e-01
6.708699999999289503e+03 7.365424036979675293e-01
6.710179999999289066e+03 7.481588721275329590e-01
6.711659999999288630e+03 7.994892597198486328e-01
6.713139999999288193e+03 8.741016387939453125e-01
6.714619999999287757e+03 1.178070902824401855e+00
6.716099999999287320e+03 1.307299041748046875e+01
6.717579999999286883e+03 3.073663902282714844e+01
6.719059999999286447e+03 2.863233947753906250e+01
6.720539999999286010e+03 1.052427673339843750e+01
6.722019999999285574e+03 1.816598415374755859e+00
6.723499999999285137e+03 1.001548409461975098e+00
6.724979999999284701e+03 8.443259596824645996e-01
6.726459999999284264e+03 7.470471262931823730e-01
6.727939999999283827e+03 8.287255764007568359e-01
6.729419999999283391e+03 8.188291192054748535e-01
6.730899999999282954e+03 7.838338613510131836e-01
6.732379999999282518e+03 7.856292128562927246e-01
6.733859999999282081e+03 8.231182694435119629e-01
6.735339999999281645e+03 8.372759819030761719e-01
6.736819999999281208e+03 2.481641292572021484e+00
6.738299999999280772e+03 6.776814460754394531e+00
6.739779999999280335e+03 7.721453666687011719e+00
6.741259999999279898e+03 4.441982746124267578e+00
6.742739999999279462e+03 1.229831337928771973e+00
6.744219999999279025e+03 8.822662234306335449e-01
6.745699999999278589e+03 7.888915538787841797e-01
6.747179999999278152e+03 7.625757455825805664e-01
6.748659999999277716e+03 8.209939002990722656e-01
6.750139999999277279e+03 7.685086131095886230e-01
6.751619999999276843e+03 7.450357675552368164e-01
6.753099999999276406e+03 7.657272219657897949e-01
6.754579999999275969e+03 7.161473035812377930e-01
6.756059999999275533e+03 8.074387907981872559e-01
6.757539999999275096e+03 8.162126541137695312e-01
6.759019999999274660e+03 8.419497013092041016e-01
6.760499999999274223e+03 8.130723834037780762e-01
6.761979999999273787e+03 7.849020957946777344e-01
6.763459999999273350e+03 7.834377288818359375e-01
6.764939999999272914e+03 7.275156974792480469e-01
6.766419999999272477e+03 7.030242681503295898e-01
6.767899999999272040e+03 7.510641217231750488e-01
6.769379999999271604e+03 8.065858483314514160e-01
6.770859999999271167e+03 7.874590158462524414e-01
6.772339999999270731e+03 7.909731268882751465e-01
6.773819999999270294e+03 8.052656650543212891e-01
6.775299999999269858e+03 7.800026535987854004e-01
6.776779999999269421e+03 7.497540712356567383e-01
6.778259999999268985e+03 7.553780078887939453e-01
6.779739999999268548e+03 7.759313583374023438e-01
6.781219999999268111e+03 7.215482592582702637e-01
6.782699999999267675e+03 7.080401778221130371e-01
6.784179999999267238e+03 7.216970920562744141e-01
6.785659999999266802e+03 7.824730873107910156e-01
6.787139999999266365e+03 7.635397911071777344e-01
6.788619999999265929e+03 7.323336005210876465e-01
6.790099999999265492e+03 6.741069555282592773e-01
6.791579999999265056e+03 6.622890233993530273e-01
6.793059999999264619e+03 7.777026295661926270e-01
6.794539999999264182e+03 8.026924729347229004e-01
6.796019999999263746e+03 7.349561452865600586e-01
6.797499999999263309e+03 6.939288973808288574e-01
6.798979999999262873e+03 7.125781178474426270e-01
6.800459999999262436e+03 7.168926000595092773e-01
6.801939999999262000e+03 8.034827709197998047e-01
6.803419999999261563e+03 8.239200115203857422e-01
6.804899999999261127e+03 7.398272752761840820e-01
6.806379999999260690e+03 7.428293824195861816e-01
6.807859999999260253e+03 7.348865866661071777e-01
6.809339999999259817e+03 7.068924903869628906e-01
6.810819999999259380e+03 7.413836121559143066e-01
6.812299999999258944e+03 7.393813133239746094e-01
6.813779999999258507e+03 7.328279614448547363e-01
6.815259999999258071e+03 7.130379080772399902e-01
6.816739999999257634e+03 7.733066678047180176e-01
6.818219999999257197e+03 7.653411626815795898e-01
6.819699999999256761e+03 6.940044164657592773e-01
6.821179999999256324e+03 7.081371545791625977e-01
6.822659999999255888e+03 7.484405636787414551e-01
6.824139999999255451e+03 7.321271896362304688e-01
6.825619999999255015e+03 7.366533875465393066e-01
6.827099999999254578e+03 7.335016131401062012e-01
6.828579999999254142e+03 7.309823632240295410e-01
6.830059999999253705e+03 7.054649591445922852e-01
6.831539999999253268e+03 7.090266346931457520e-01
6.833019999999252832e+03 7.870669960975646973e-01
6.834499999999252395e+03 9.836488962173461914e-01
6.835979999999251959e+03 1.083294391632080078e+00
6.837459999999251522e+03 9.572878479957580566e-01
6.838939999999251086e+03 7.688350081443786621e-01
6.840419999999250649e+03 6.815557479858398438e-01
6.841899999999250213e+03 7.725828886032104492e-01
6.843379999999249776e+03 8.227626681327819824e-01
6.844859999999249339e+03 7.138864398002624512e-01
6.846339999999248903e+03 6.886153221130371094e-01
6.847819999999248466e+03 7.723394632339477539e-01
6.849299999999248030e+03 7.774722576141357422e-01
6.850779999999247593e+03 7.075080871582031250e-01
6.852259999999247157e+03 7.538723945617675781e-01
6.853739999999246720e+03 7.456012964248657227e-01
6.855219999999246284e+03 7.467197179794311523e-01
6.856699999999245847e+03 7.141734361648559570e-01
6.858179999999245410e+03 7.402066588401794434e-01
6.859659999999244974e+03 6.989762187004089355e-01
6.861139999999244537e+03 6.701326370239257812e-01
6.862619999999244101e+03 8.397183418273925781e-01
6.864099999999243664e+03 8.775410056114196777e-01
6.865579999999243228e+03 6.860653758049011230e-01
6.867059999999242791e+03 5.863302350044250488e-01
6.868539999999242355e+03 5.861947536468505859e-01
6.870019999999241918e+03 5.741063952445983887e-01
6.871499999999241481e+03 5.786076784133911133e-01
6.872979999999241045e+03 1.557048082351684570e+00
6.874459999999240608e+03 3.597378253936767578e+00
6.875939999999240172e+03 3.779585838317871094e+00
6.877419999999239735e+03 2.051674127578735352e+00
6.878899999999239299e+03 8.802040815353393555e-01
6.880379999999238862e+03 7.123191356658935547e-01
6.881859999999238426e+03 7.627372145652770996e-01
6.883339999999237989e+03 7.051689028739929199e-01
6.884819999999237552e+03 6.425872445106506348e-01
6.886299999999237116e+03 6.829111576080322266e-01
6.887779999999236679e+03 1.669855117797851562e+00
6.889259999999236243e+03 3.383038520812988281e+00
6.890739999999235806e+03 3.285469293594360352e+00
6.892219999999235370e+03 1.675802111625671387e+00
6.893699999999234933e+03 8.073818087577819824e-01
6.895179999999234496e+03 7.051748037338256836e-01
6.896659999999234060e+03 6.495200395584106445e-01
6.898139999999233623e+03 6.297484040260314941e-01
6.899619999999233187e+03 7.023675441741943359e-01
6.901099999999232750e+03 7.458174824714660645e-01
6.902579999999232314e+03 7.311656475067138672e-01
6.904059999999231877e+03 6.638149619102478027e-01
6.905539999999231441e+03 6.573792099952697754e-01
6.907019999999231004e+03 6.359936594963073730e-01
6.908499999999230567e+03 6.541492342948913574e-01
6.909979999999230131e+03 6.906780600547790527e-01
6.911459999999229694e+03 7.120643258094787598e-01
6.912939999999229258e+03 6.698884963989257812e-01
6.914419999999228821e+03 6.668100357055664062e-01
6.915899999999228385e+03 6.813683509826660156e-01
6.917379999999227948e+03 6.568585038185119629e-01
6.918859999999227512e+03 6.090817451477050781e-01
6.920339999999227075e+03 6.458948850631713867e-01
6.921819999999226638e+03 7.584983110427856445e-01
6.923299999999226202e+03 7.163559198379516602e-01
6.924779999999225765e+03 6.656649112701416016e-01
6.926259999999225329e+03 7.181429862976074219e-01
6.927739999999224892e+03 7.286484241485595703e-01
6.929219999999224456e+03 7.782358527183532715e-01
6.930699999999224019e+03 7.026963829994201660e-01
6.932179999999223583e+03 7.026149630546569824e-01
6.933659999999223146e+03 6.553556919097900391e-01
6.935139999999222709e+03 7.190104126930236816e-01
6.936619999999222273e+03 7.266635894775390625e-01
6.938099999999221836e+03 7.405735254287719727e-01
6.939579999999221400e+03 7.091473937034606934e-01
6.941059999999220963e+03 7.299312353134155273e-01
6.942539999999220527e+03 7.204304337501525879e-01
6.944019999999220090e+03 6.616577506065368652e-01
6.945499999999219654e+03 6.374236941337585449e-01
6.946979999999219217e+03 6.743002533912658691e-01
6.948459999999218780e+03 7.789872884750366211e-01
6.949939999999218344e+03 7.331652045249938965e-01
6.951419999999217907e+03 6.586892604827880859e-01
6.952899999999217471e+03 6.879525184631347656e-01
6.954379999999217034e+03 7.131185531616210938e-01
6.955859999999216598e+03 7.490180730819702148e-01
6.957339999999216161e+03 6.806041002273559570e-01
6.958819999999215725e+03 7.219299077987670898e-01
6.960299999999215288e+03 7.678820490837097168e-01
6.961779999999214851e+03 7.218348383903503418e-01
6.963259999999214415e+03 7.171678543090820312e-01
