4.300739999999999782e+03 2.297076940536499023e+00
4.302219999999999345e+03 8.517943620681762695e-01
4.303699999999998909e+03 8.053241968154907227e-01
4.305179999999998472e+03 1.466302514076232910e+00
4.306659999999998035e+03 1.164104342460632324e+00
4.308139999999997599e+03 8.005912899971008301e-01
4.309619999999997162e+03 8.309032320976257324e-01
4.311099999999996726e+03 1.046451210975646973e+00
4.312579999999996289e+03 8.805741667747497559e-01
4.314059999999995853e+03 7.677044868469238281e-01
4.315539999999995416e+03 1.121558070182800293e+00
4.317019999999994980e+03 1.249012231826782227e+00
4.318499999999994543e+03 9.904332160949707031e-01
4.319979999999994106e+03 1.130877494812011719e+00
4.321459999999993670e+03 1.543267607688903809e+00
4.322939999999993233e+03 1.439737081527709961e+00
4.324419999999992797e+03 1.400210380554199219e+00
4.325899999999992360e+03 8.202813863754272461e-01
4.327379999999991924e+03 1.095814228057861328e+00
4.328859999999991487e+03 1.150657057762145996e+00
4.330339999999991051e+03 1.231770992279052734e+00
4.331819999999990614e+03 1.488343119621276855e+00
4.333299999999990177e+03 1.514160990715026855e+00
4.334779999999989741e+03 1.736550211906433105e+00
4.336259999999989304e+03 1.483772039413452148e+00
4.337739999999988868e+03 1.072607159614562988e+00
4.339219999999988431e+03 1.098027825355529785e+00
4.340699999999987995e+03 1.100961685180664062e+00
4.342179999999987558e+03 9.510797858238220215e-01
4.343659999999987122e+03 1.185981631278991699e+00
4.345139999999986685e+03 1.158400893211364746e+00
4.346619999999986248e+03 1.111922979354858398e+00
4.348099999999985812e+03 1.367867231369018555e+00
4.349579999999985375e+03 1.411510109901428223e+00
4.351059999999984939e+03 1.058664917945861816e+00
4.352539999999984502e+03 1.091849446296691895e+00
4.354019999999984066e+03 1.533853530883789062e+00
4.355499999999983629e+03 1.217139959335327148e+00
4.356979999999983193e+03 1.357454061508178711e+00
4.358459999999982756e+03 1.154982686042785645e+00
4.359939999999982319e+03 1.336679458618164062e+00
4.361419999999981883e+03 1.212180852890014648e+00
4.362899999999981446e+03 1.144884467124938965e+00
4.364379999999981010e+03 1.331847667694091797e+00
4.365859999999980573e+03 1.513858795166015625e+00
4.367339999999980137e+03 1.465189456939697266e+00
4.368819999999979700e+03 1.284081220626831055e+00
4.370299999999979264e+03 1.240398645401000977e+00
4.371779999999978827e+03 1.350725531578063965e+00
4.373259999999978390e+03 1.036312460899353027e+00
4.374739999999977954e+03 1.015743255615234375e+00
4.376219999999977517e+03 1.244855642318725586e+00
4.377699999999977081e+03 1.335104823112487793e+00
4.379179999999976644e+03 1.183559536933898926e+00
4.380659999999976208e+03 1.327205300331115723e+00
4.382139999999975771e+03 1.459757447242736816e+00
4.383619999999975335e+03 9.624457955360412598e-01
4.385099999999974898e+03 1.063675761222839355e+00
4.386579999999974461e+03 1.139031529426574707e+00
4.388059999999974025e+03 1.128797411918640137e+00
4.389539999999973588e+03 1.156816005706787109e+00
4.391019999999973152e+03 1.084619283676147461e+00
4.392499999999972715e+03 1.295219898223876953e+00
4.393979999999972279e+03 9.384087324142456055e-01
4.395459999999971842e+03 1.056841969490051270e+00
4.396939999999971405e+03 1.028919458389282227e+00
4.398419999999970969e+03 1.327996969223022461e+00
4.399899999999970532e+03 1.071369647979736328e+00
4.401379999999970096e+03 1.029367923736572266e+00
4.402859999999969659e+03 1.273310422897338867e+00
4.404339999999969223e+03 9.643315076828002930e-01
4.405819999999968786e+03 1.087163329124450684e+00
4.407299999999968350e+03 9.476840496063232422e-01
4.408779999999967913e+03 8.327927589416503906e-01
4.410259999999967476e+03 8.800702095031738281e-01
4.411739999999967040e+03 1.120721220970153809e+00
4.413219999999966603e+03 1.399143934249877930e+00
4.414699999999966167e+03 7.992451786994934082e-01
4.416179999999965730e+03 7.628540992736816406e-01
4.417659999999965294e+03 7.085465192794799805e-01
4.419139999999964857e+03 1.092202901840209961e+00
4.420619999999964421e+03 1.132869124412536621e+00
4.422099999999963984e+03 1.003697872161865234e+00
4.423579999999963547e+03 9.973813295364379883e-01
4.425059999999963111e+03 8.907222747802734375e-01
4.426539999999962674e+03 8.967750668525695801e-01
4.428019999999962238e+03 8.022648096084594727e-01
4.429499999999961801e+03 9.414545893669128418e-01
4.430979999999961365e+03 7.386595010757446289e-01
4.432459999999960928e+03 9.243009686470031738e-01
4.433939999999960492e+03 9.893737435340881348e-01
4.435419999999960055e+03 6.936691403388977051e-01
4.436899999999959618e+03 6.323584318161010742e-01
4.438379999999959182e+03 9.552635550498962402e-01
4.439859999999958745e+03 7.815998792648315430e-01
4.441339999999958309e+03 1.221280455589294434e+00
4.442819999999957872e+03 4.198412895202636719e+00
4.444299999999957436e+03 4.631649494171142578e+00
4.445779999999956999e+03 1.593431472778320312e+00
4.447259999999956563e+03 5.688023567199707031e-01
4.448739999999956126e+03 6.239914298057556152e-01
4.450219999999955689e+03 6.999130249023437500e-01
4.451699999999955253e+03 8.493742346763610840e-01
4.453179999999954816e+03 9.373208880424499512e-01
4.454659999999954380e+03 8.154853582382202148e-01
4.456139999999953943e+03 9.241821169853210449e-01
4.457619999999953507e+03 9.446552395820617676e-01
4.459099999999953070e+03 8.125025629997253418e-01
4.460579999999952634e+03 6.859332919120788574e-01
4.462059999999952197e+03 8.810054063796997070e-01
4.463539999999951760e+03 9.216426610946655273e-01
4.465019999999951324e+03 1.000116467475891113e+00
4.466499999999950887e+03 8.335966467857360840e-01
4.467979999999950451e+03 9.423617124557495117e-01
4.469459999999950014e+03 6.780390143394470215e-01
4.470939999999949578e+03 8.628304004669189453e-01
4.472419999999949141e+03 8.101224899291992188e-01
4.473899999999948704e+03 1.023523330688476562e+00
4.475379999999948268e+03 9.051461815834045410e-01
4.476859999999947831e+03 8.215495944023132324e-01
4.478339999999947395e+03 8.674780726432800293e-01
4.479819999999946958e+03 7.355155944824218750e-01
4.481299999999946522e+03 7.887176871299743652e-01
4.482779999999946085e+03 7.297207117080688477e-01
4.484259999999945649e+03 8.638818860054016113e-01
4.485739999999945212e+03 9.105715751647949219e-01
4.487219999999944775e+03 9.440352320671081543e-01
4.488699999999944339e+03 7.484860420227050781e-01
4.490179999999943902e+03 7.736836075782775879e-01
4.491659999999943466e+03 9.918972849845886230e-01
4.493139999999943029e+03 7.588014602661132812e-01
4.494619999999942593e+03 8.426521420478820801e-01
4.496099999999942156e+03 6.403887271881103516e-01
4.497579999999941720e+03 8.660477995872497559e-01
4.499059999999941283e+03 9.786140322685241699e-01
4.500539999999940846e+03 7.590454816818237305e-01
4.502019999999940410e+03 7.042943239212036133e-01
4.503499999999939973e+03 8.649193644523620605e-01
4.504979999999939537e+03 6.151195764541625977e-01
4.506459999999939100e+03 7.630549073219299316e-01
4.507939999999938664e+03 8.112775087356567383e-01
4.509419999999938227e+03 7.720279693603515625e-01
4.510899999999937791e+03 8.437540531158447266e-01
4.512379999999937354e+03 7.988884449005126953e-01
4.513859999999936917e+03 7.136313319206237793e-01
4.515339999999936481e+03 7.796867489814758301e-01
4.516819999999936044e+03 7.324190139770507812e-01
4.518299999999935608e+03 7.501512765884399414e-01
4.519779999999935171e+03 8.118419051170349121e-01
4.521259999999934735e+03 9.460402727127075195e-01
4.522739999999934298e+03 5.741486549377441406e-01
4.524219999999933862e+03 6.965528130531311035e-01
4.525699999999933425e+03 1.019305109977722168e+00
4.527179999999932988e+03 8.509669899940490723e-01
4.528659999999932552e+03 9.096745252609252930e-01
4.530139999999932115e+03 7.613025903701782227e-01
4.531619999999931679e+03 7.769344449043273926e-01
4.533099999999931242e+03 9.169612526893615723e-01
4.534579999999930806e+03 8.008075356483459473e-01
4.536059999999930369e+03 7.819389700889587402e-01
4.537539999999929933e+03 8.659960031509399414e-01
4.539019999999929496e+03 7.702815532684326172e-01
4.540499999999929059e+03 6.686435937881469727e-01
4.541979999999928623e+03 8.984323740005493164e-01
4.543459999999928186e+03 9.504338502883911133e-01
4.544939999999927750e+03 7.242075204849243164e-01
4.546419999999927313e+03 6.940324902534484863e-01
4.547899999999926877e+03 7.620665431022644043e-01
4.549379999999926440e+03 6.963052153587341309e-01
4.550859999999926004e+03 6.435741782188415527e-01
4.552339999999925567e+03 8.206312060356140137e-01
4.553819999999925130e+03 8.663434386253356934e-01
4.555299999999924694e+03 7.772906422615051270e-01
4.556779999999924257e+03 8.148031234741210938e-01
4.558259999999923821e+03 7.320328950881958008e-01
4.559739999999923384e+03 8.388375043869018555e-01
4.561219999999922948e+03 7.340391278266906738e-01
4.562699999999922511e+03 7.342555522918701172e-01
4.564179999999922074e+03 8.631756305694580078e-01
4.565659999999921638e+03 7.414371967315673828e-01
4.567139999999921201e+03 6.948842406272888184e-01
4.568619999999920765e+03 7.736363410949707031e-01
4.570099999999920328e+03 8.001872897148132324e-01
4.571579999999919892e+03 7.286812067031860352e-01
4.573059999999919455e+03 7.127519845962524414e-01
4.574539999999919019e+03 6.070852279663085938e-01
4.576019999999918582e+03 9.048480987548828125e-01
4.577499999999918145e+03 1.005981922149658203e+00
4.578979999999917709e+03 9.878550171852111816e-01
4.580459999999917272e+03 8.303413987159729004e-01
4.581939999999916836e+03 7.481936216354370117e-01
4.583419999999916399e+03 9.548921585083007812e-01
4.584899999999915963e+03 7.861421704292297363e-01
4.586379999999915526e+03 5.910689234733581543e-01
4.587859999999915090e+03 7.154107689857482910e-01
4.589339999999914653e+03 8.105232119560241699e-01
4.590819999999914216e+03 6.947062015533447266e-01
4.592299999999913780e+03 8.226158022880554199e-01
4.593779999999913343e+03 8.155494928359985352e-01
4.595259999999912907e+03 7.566015720367431641e-01
4.596739999999912470e+03 8.850487470626831055e-01
4.598219999999912034e+03 8.140317201614379883e-01
4.599699999999911597e+03 9.336962103843688965e-01
4.601179999999911161e+03 7.271262407302856445e-01
4.602659999999910724e+03 7.102252244949340820e-01
4.604139999999910287e+03 7.444908022880554199e-01
4.605619999999909851e+03 7.548376917839050293e-01
4.607099999999909414e+03 8.225023150444030762e-01
4.608579999999908978e+03 7.723751068115234375e-01
4.610059999999908541e+03 6.756151914596557617e-01
4.611539999999908105e+03 7.966423630714416504e-01
4.613019999999907668e+03 1.035658359527587891e+00
4.614499999999907232e+03 8.125284314155578613e-01
4.615979999999906795e+03 6.470321416854858398e-01
4.617459999999906358e+03 8.345175385475158691e-01
4.618939999999905922e+03 6.517829298973083496e-01
4.620419999999905485e+03 7.245684862136840820e-01
4.621899999999905049e+03 6.787481904029846191e-01
4.623379999999904612e+03 7.718883156776428223e-01
4.624859999999904176e+03 8.215582966804504395e-01
4.626339999999903739e+03 8.235216736793518066e-01
4.627819999999903303e+03 7.486011385917663574e-01
4.629299999999902866e+03 7.593508958816528320e-01
4.630779999999902429e+03 8.072006702423095703e-01
4.632259999999901993e+03 7.168345451354980469e-01
4.633739999999901556e+03 8.171173334121704102e-01
4.635219999999901120e+03 7.986434102058410645e-01
4.636699999999900683e+03 7.613127827644348145e-01
4.638179999999900247e+03 6.520115733146667480e-01
4.639659999999899810e+03 8.202907443046569824e-01
4.641139999999899374e+03 6.738553643226623535e-01
4.642619999999898937e+03 7.003481984138488770e-01
4.644099999999898500e+03 5.306869745254516602e-01
4.645579999999898064e+03 8.360732197761535645e-01
4.647059999999897627e+03 9.322363734245300293e-01
4.648539999999897191e+03 7.292090058326721191e-01
4.650019999999896754e+03 8.281843066215515137e-01
4.651499999999896318e+03 7.742245793342590332e-01
4.652979999999895881e+03 8.542486429214477539e-01
4.654459999999895444e+03 8.525177240371704102e-01
4.655939999999895008e+03 9.432924389839172363e-01
4.657419999999894571e+03 6.268718242645263672e-01
4.658899999999894135e+03 7.383393645286560059e-01
4.660379999999893698e+03 6.185944676399230957e-01
4.661859999999893262e+03 5.750263333320617676e-01
4.663339999999892825e+03 7.991489171981811523e-01
4.664819999999892389e+03 7.830470204353332520e-01
4.666299999999891952e+03 8.250426650047302246e-01
4.667779999999891515e+03 7.897602319717407227e-01
4.669259999999891079e+03 7.740494012832641602e-01
4.670739999999890642e+03 7.791549563407897949e-01
4.672219999999890206e+03 6.997635960578918457e-01
4.673699999999889769e+03 6.954688429832458496e-01
4.675179999999889333e+03 8.631345033645629883e-01
4.676659999999888896e+03 9.054731726646423340e-01
4.678139999999888460e+03 8.542426824569702148e-01
4.679619999999888023e+03 7.705358862876892090e-01
4.681099999999887586e+03 7.683506011962890625e-01
4.682579999999887150e+03 7.022513747215270996e-01
4.684059999999886713e+03 7.691231966018676758e-01
4.685539999999886277e+03 6.840981245040893555e-01
4.687019999999885840e+03 7.887048125267028809e-01
4.688499999999885404e+03 7.959166765213012695e-01
4.689979999999884967e+03 8.143360614776611328e-01
4.691459999999884531e+03 6.221548914909362793e-01
4.692939999999884094e+03 7.548683881759643555e-01
4.694419999999883657e+03 7.911173105239868164e-01
4.695899999999883221e+03 7.796175479888916016e-01
4.697379999999882784e+03 8.670261502265930176e-01
4.698859999999882348e+03 8.196175098419189453e-01
4.700339999999881911e+03 7.441046237945556641e-01
4.701819999999881475e+03 7.165784239768981934e-01
4.703299999999881038e+03 8.468661904335021973e-01
4.704779999999880602e+03 8.963450789451599121e-01
4.706259999999880165e+03 8.237153887748718262e-01
4.707739999999879728e+03 6.585825085639953613e-01
4.709219999999879292e+03 8.829510211944580078e-01
4.710699999999878855e+03 9.160327911376953125e-01
4.712179999999878419e+03 8.494186997413635254e-01
4.713659999999877982e+03 8.432825207710266113e-01
4.715139999999877546e+03 9.286538958549499512e-01
4.716619999999877109e+03 7.581781744956970215e-01
4.718099999999876673e+03 7.028017640113830566e-01
4.719579999999876236e+03 7.195456027984619141e-01
4.721059999999875799e+03 6.870611310005187988e-01
4.722539999999875363e+03 7.246651649475097656e-01
4.724019999999874926e+03 7.822232246398925781e-01
4.725499999999874490e+03 8.270524740219116211e-01
4.726979999999874053e+03 8.153071999549865723e-01
4.728459999999873617e+03 7.155079245567321777e-01
4.729939999999873180e+03 7.323578000068664551e-01
4.731419999999872744e+03 7.290893197059631348e-01
4.732899999999872307e+03 7.915902137756347656e-01
4.734379999999871870e+03 8.472305536270141602e-01
4.735859999999871434e+03 6.595335602760314941e-01
4.737339999999870997e+03 8.167867064476013184e-01
4.738819999999870561e+03 7.976809740066528320e-01
4.740299999999870124e+03 8.179101943969726562e-01
4.741779999999869688e+03 7.669534087181091309e-01
4.743259999999869251e+03 7.195633053779602051e-01
4.744739999999868814e+03 8.069660663604736328e-01
4.746219999999868378e+03 8.249980807304382324e-01
4.747699999999867941e+03 7.661342024803161621e-01
4.749179999999867505e+03 8.166154623031616211e-01
4.750659999999867068e+03 8.310447931289672852e-01
4.752139999999866632e+03 7.053434848785400391e-01
4.753619999999866195e+03 7.235958576202392578e-01
4.755099999999865759e+03 7.813057899475097656e-01
4.756579999999865322e+03 6.483802795410156250e-01
4.758059999999864885e+03 7.274513244628906250e-01
4.759539999999864449e+03 9.534614682197570801e-01
4.761019999999864012e+03 6.797527074813842773e-01
4.762499999999863576e+03 9.045742750167846680e-01
4.763979999999863139e+03 7.331804037094116211e-01
4.765459999999862703e+03 7.654862999916076660e-01
4.766939999999862266e+03 9.009484052658081055e-01
4.768419999999861830e+03 9.287526607513427734e-01
4.769899999999861393e+03 8.018221855163574219e-01
4.771379999999860956e+03 8.230602741241455078e-01
4.772859999999860520e+03 7.435954809188842773e-01
4.774339999999860083e+03 7.900251150131225586e-01
4.775819999999859647e+03 7.457406520843505859e-01
4.777299999999859210e+03 6.937225461006164551e-01
4.778779999999858774e+03 6.777828335762023926e-01
4.780259999999858337e+03 7.631721496582031250e-01
4.781739999999857901e+03 8.677755594253540039e-01
4.783219999999857464e+03 7.886685132980346680e-01
4.784699999999857027e+03 6.879296898841857910e-01
4.786179999999856591e+03 7.439576387405395508e-01
4.787659999999856154e+03 7.636308670043945312e-01
4.789139999999855718e+03 7.436122298240661621e-01
4.790619999999855281e+03 7.516950368881225586e-01
4.792099999999854845e+03 6.859969496726989746e-01
4.793579999999854408e+03 7.922934293746948242e-01
4.795059999999853972e+03 8.390622735023498535e-01
4.796539999999853535e+03 8.532894849777221680e-01
4.798019999999853098e+03 7.929213643074035645e-01
4.799499999999852662e+03 8.095019459724426270e-01
4.800979999999852225e+03 7.016302943229675293e-01
4.802459999999851789e+03 8.402608633041381836e-01
4.803939999999851352e+03 7.849986553192138672e-01
4.805419999999850916e+03 7.656678557395935059e-01
4.806899999999850479e+03 7.696770429611206055e-01
4.808379999999850043e+03 6.338235735893249512e-01
4.809859999999849606e+03 7.162643074989318848e-01
4.811339999999849169e+03 7.235043644905090332e-01
4.812819999999848733e+03 7.888929843902587891e-01
4.814299999999848296e+03 7.183891534805297852e-01
4.815779999999847860e+03 6.381995081901550293e-01
4.817259999999847423e+03 7.460501194000244141e-01
4.818739999999846987e+03 7.394822239875793457e-01
4.820219999999846550e+03 8.469918370246887207e-01
4.821699999999846113e+03 8.324709534645080566e-01
4.823179999999845677e+03 7.139402031898498535e-01
4.824659999999845240e+03 7.278640270233154297e-01
4.826139999999844804e+03 7.509525418281555176e-01
4.827619999999844367e+03 7.866076231002807617e-01
4.829099999999843931e+03 7.146555185317993164e-01
4.830579999999843494e+03 8.283771276473999023e-01
4.832059999999843058e+03 7.219385504722595215e-01
4.833539999999842621e+03 7.899417281150817871e-01
4.835019999999842184e+03 7.282305359840393066e-01
4.836499999999841748e+03 8.106452822685241699e-01
4.837979999999841311e+03 7.014639377593994141e-01
4.839459999999840875e+03 7.883602976799011230e-01
4.840939999999840438e+03 7.998869419097900391e-01
4.842419999999840002e+03 6.922898292541503906e-01
4.843899999999839565e+03 8.087199330329895020e-01
4.845379999999839129e+03 8.160793185234069824e-01
4.846859999999838692e+03 7.304615974426269531e-01
4.848339999999838255e+03 6.753929257392883301e-01
4.849819999999837819e+03 8.608103394508361816e-01
4.851299999999837382e+03 8.289110064506530762e-01
4.852779999999836946e+03 7.549108862876892090e-01
4.854259999999836509e+03 7.871367931365966797e-01
4.855739999999836073e+03 8.519346117973327637e-01
4.857219999999835636e+03 8.077046275138854980e-01
4.858699999999835200e+03 7.694837450981140137e-01
4.860179999999834763e+03 7.674388885498046875e-01
4.861659999999834326e+03 7.641777992248535156e-01
4.863139999999833890e+03 8.340559601783752441e-01
4.864619999999833453e+03 8.204231858253479004e-01
4.866099999999833017e+03 8.179193139076232910e-01
4.867579999999832580e+03 8.226929903030395508e-01
4.869059999999832144e+03 8.510482311248779297e-01
4.870539999999831707e+03 6.444003582000732422e-01
4.872019999999831271e+03 6.178697943687438965e-01
4.873499999999830834e+03 7.464209794998168945e-01
4.874979999999830397e+03 8.234106302261352539e-01
4.876459999999829961e+03 8.224055767059326172e-01
4.877939999999829524e+03 7.491744756698608398e-01
4.879419999999829088e+03 8.286008238792419434e-01
4.880899999999828651e+03 7.349343895912170410e-01
4.882379999999828215e+03 7.674582600593566895e-01
4.883859999999827778e+03 8.691831827163696289e-01
4.885339999999827342e+03 8.525881767272949219e-01
4.886819999999826905e+03 8.342916965484619141e-01
4.888299999999826468e+03 7.599917650222778320e-01
4.889779999999826032e+03 7.221131324768066406e-01
4.891259999999825595e+03 7.316473126411437988e-01
4.892739999999825159e+03 7.872107625007629395e-01
4.894219999999824722e+03 8.163753151893615723e-01
4.895699999999824286e+03 8.037155270576477051e-01
4.897179999999823849e+03 7.595375180244445801e-01
4.898659999999823413e+03 7.972181439399719238e-01
4.900139999999822976e+03 8.185198903083801270e-01
4.901619999999822539e+03 7.785344123840332031e-01
4.903099999999822103e+03 7.788488268852233887e-01
4.904579999999821666e+03 8.193430304527282715e-01
4.906059999999821230e+03 7.698728442192077637e-01
4.907539999999820793e+03 6.987611055374145508e-01
4.909019999999820357e+03 7.792333960533142090e-01
4.910499999999819920e+03 9.091262221336364746e-01
4.911979999999819483e+03 7.946158647537231445e-01
4.913459999999819047e+03 7.806499600410461426e-01
4.914939999999818610e+03 7.631841301918029785e-01
4.916419999999818174e+03 8.777115941047668457e-01
4.917899999999817737e+03 8.784903287887573242e-01
4.919379999999817301e+03 7.568642497062683105e-01
4.920859999999816864e+03 7.707756757736206055e-01
4.922339999999816428e+03 8.792936205863952637e-01
4.923819999999815991e+03 7.449129819869995117e-01
4.925299999999815554e+03 7.350376844406127930e-01
4.926779999999815118e+03 9.126074910163879395e-01
4.928259999999814681e+03 7.930299639701843262e-01
4.929739999999814245e+03 8.449247479438781738e-01
4.931219999999813808e+03 8.161284923553466797e-01
4.932699999999813372e+03 7.831466794013977051e-01
4.934179999999812935e+03 7.602027654647827148e-01
4.935659999999812499e+03 9.111836552619934082e-01
4.937139999999812062e+03 7.771943807601928711e-01
4.938619999999811625e+03 7.493730783462524414e-01
4.940099999999811189e+03 7.253412604331970215e-01
4.941579999999810752e+03 6.678569316864013672e-01
4.943059999999810316e+03 7.648051381111145020e-01
4.944539999999809879e+03 8.432419896125793457e-01
4.946019999999809443e+03 8.001267910003662109e-01
4.947499999999809006e+03 8.255994319915771484e-01
4.948979999999808570e+03 6.762928962707519531e-01
4.950459999999808133e+03 8.543937802314758301e-01
4.951939999999807696e+03 7.846970558166503906e-01
4.953419999999807260e+03 7.680360674858093262e-01
4.954899999999806823e+03 8.391718268394470215e-01
4.956379999999806387e+03 6.281909346580505371e-01
4.957859999999805950e+03 8.157599568367004395e-01
4.959339999999805514e+03 8.891260027885437012e-01
4.960819999999805077e+03 8.580729365348815918e-01
4.962299999999804641e+03 7.671689987182617188e-01
4.963779999999804204e+03 8.009099364280700684e-01
4.965259999999803767e+03 8.254321217536926270e-01
4.966739999999803331e+03 8.093509674072265625e-01
4.968219999999802894e+03 8.138983845710754395e-01
4.969699999999802458e+03 6.894783377647399902e-01
4.971179999999802021e+03 6.872026324272155762e-01
4.972659999999801585e+03 7.436377406120300293e-01
4.974139999999801148e+03 2.274798631668090820e+00
4.975619999999800712e+03 8.700908660888671875e+00
4.977099999999800275e+03 9.859664916992187500e+00
4.978579999999799838e+03 3.231488227844238281e+00
4.980059999999799402e+03 7.328644394874572754e-01
4.981539999999798965e+03 7.451539039611816406e-01
4.983019999999798529e+03 6.789869070053100586e-01
4.984499999999798092e+03 7.477700114250183105e-01
4.985979999999797656e+03 8.029321432113647461e-01
4.987459999999797219e+03 7.454908490180969238e-01
4.988939999999796783e+03 6.916964054107666016e-01
4.990419999999796346e+03 6.632825136184692383e-01
4.991899999999795909e+03 7.253527641296386719e-01
4.993379999999795473e+03 7.560634613037109375e-01
4.994859999999795036e+03 9.746544361114501953e-01
4.996339999999794600e+03 8.782587647438049316e-01
4.997819999999794163e+03 8.205690383911132812e-01
4.999299999999793727e+03 7.411727309226989746e-01
5.000779999999793290e+03 6.893252134323120117e-01
5.002259999999792853e+03 8.386165499687194824e-01
5.003739999999792417e+03 9.537370204925537109e-01
5.005219999999791980e+03 8.597202301025390625e-01
5.006699999999791544e+03 8.028325438499450684e-01
5.008179999999791107e+03 7.818599939346313477e-01
5.009659999999790671e+03 7.585035562515258789e-01
5.011139999999790234e+03 9.386340379714965820e-01
5.012619999999789798e+03 8.257312178611755371e-01
5.014099999999789361e+03 8.327285647392272949e-01
5.015579999999788924e+03 8.184856176376342773e-01
5.017059999999788488e+03 9.242760539054870605e-01
5.018539999999788051e+03 7.948144674301147461e-01
5.020019999999787615e+03 8.758933544158935547e-01
5.021499999999787178e+03 8.882070779800415039e-01
5.022979999999786742e+03 8.648461699485778809e-01
5.024459999999786305e+03 8.156639337539672852e-01
5.025939999999785869e+03 8.154377937316894531e-01
5.027419999999785432e+03 8.961587548255920410e-01
5.028899999999784995e+03 9.624337553977966309e-01
5.030379999999784559e+03 8.848183751106262207e-01
5.031859999999784122e+03 8.459516763687133789e-01
5.033339999999783686e+03 8.934460878372192383e-01
5.034819999999783249e+03 7.982270121574401855e-01
5.036299999999782813e+03 7.311494946479797363e-01
5.037779999999782376e+03 9.058515429496765137e-01
5.039259999999781940e+03 8.471245765686035156e-01
5.040739999999781503e+03 7.844595313072204590e-01
5.042219999999781066e+03 9.098154902458190918e-01
5.043699999999780630e+03 9.319547414779663086e-01
5.045179999999780193e+03 9.334578514099121094e-01
5.046659999999779757e+03 9.020549654960632324e-01
5.048139999999779320e+03 8.860003352165222168e-01
5.049619999999778884e+03 9.282485842704772949e-01
5.051099999999778447e+03 7.604956030845642090e-01
5.052579999999778011e+03 9.108467698097229004e-01
5.054059999999777574e+03 8.711723089218139648e-01
5.055539999999777137e+03 9.090029597282409668e-01
5.057019999999776701e+03 8.977306485176086426e-01
5.058499999999776264e+03 7.827509045600891113e-01
5.059979999999775828e+03 8.719016909599304199e-01
5.061459999999775391e+03 8.592295050621032715e-01
5.062939999999774955e+03 8.667786717414855957e-01
5.064419999999774518e+03 8.433924317359924316e-01
5.065899999999774082e+03 9.363718032836914062e-01
5.067379999999773645e+03 9.230744838714599609e-01
5.068859999999773208e+03 9.974020123481750488e-01
5.070339999999772772e+03 1.036381483078002930e+00
5.071819999999772335e+03 9.092559814453125000e-01
5.073299999999771899e+03 1.050181627273559570e+00
5.074779999999771462e+03 2.642088413238525391e+00
5.076259999999771026e+03 4.370952129364013672e+00
5.077739999999770589e+03 3.234345674514770508e+00
5.079219999999770152e+03 1.055482387542724609e+00
5.080699999999769716e+03 8.916817307472229004e-01
5.082179999999769279e+03 8.948999047279357910e-01
5.083659999999768843e+03 8.517938852310180664e-01
5.085139999999768406e+03 8.862290978431701660e-01
5.086619999999767970e+03 9.102650284767150879e-01
5.088099999999767533e+03 9.025454521179199219e-01
5.089579999999767097e+03 9.081207513809204102e-01
5.091059999999766660e+03 9.144827127456665039e-01
5.092539999999766223e+03 9.746974706649780273e-01
5.094019999999765787e+03 9.602783322334289551e-01
5.095499999999765350e+03 7.829378247261047363e-01
5.096979999999764914e+03 8.533547520637512207e-01
5.098459999999764477e+03 8.447987437248229980e-01
5.099939999999764041e+03 8.677865266799926758e-01
5.101419999999763604e+03 9.456630349159240723e-01
5.102899999999763168e+03 9.591640830039978027e-01
5.104379999999762731e+03 1.051939129829406738e+00
5.105859999999762294e+03 9.886871576309204102e-01
5.107339999999761858e+03 7.888733744621276855e-01
5.108819999999761421e+03 8.492136597633361816e-01
5.110299999999760985e+03 9.074855446815490723e-01
5.111779999999760548e+03 9.021914005279541016e-01
5.113259999999760112e+03 9.556810855865478516e-01
5.114739999999759675e+03 9.227385520935058594e-01
5.116219999999759239e+03 9.697581529617309570e-01
5.117699999999758802e+03 8.024692535400390625e-01
5.119179999999758365e+03 8.358252644538879395e-01
5.120659999999757929e+03 7.840685248374938965e-01
5.122139999999757492e+03 1.092393517494201660e+00
5.123619999999757056e+03 5.515067577362060547e+00
5.125099999999756619e+03 1.169586277008056641e+01
5.126579999999756183e+03 8.910407066345214844e+00
5.128059999999755746e+03 1.979717969894409180e+00
5.129539999999755310e+03 8.333087563514709473e-01
5.131019999999754873e+03 8.782212734222412109e-01
5.132499999999754436e+03 9.602540731430053711e-01
5.133979999999754000e+03 1.084228992462158203e+00
5.135459999999753563e+03 1.102182388305664062e+00
5.136939999999753127e+03 9.078137278556823730e-01
5.138419999999752690e+03 9.236145615577697754e-01
5.139899999999752254e+03 1.045619845390319824e+00
5.141379999999751817e+03 1.055554032325744629e+00
5.142859999999751381e+03 9.293439388275146484e-01
5.144339999999750944e+03 9.865373373031616211e-01
5.145819999999750507e+03 8.820851445198059082e-01
5.147299999999750071e+03 8.634917736053466797e-01
5.148779999999749634e+03 9.036450386047363281e-01
5.150259999999749198e+03 9.956221580505371094e-01
5.151739999999748761e+03 9.242545962333679199e-01
5.153219999999748325e+03 8.731881380081176758e-01
5.154699999999747888e+03 9.466772079467773438e-01
5.156179999999747452e+03 9.509679675102233887e-01
5.157659999999747015e+03 8.839023709297180176e-01
5.159139999999746578e+03 8.516479134559631348e-01
5.160619999999746142e+03 8.077445626258850098e-01
5.162099999999745705e+03 9.329466223716735840e-01
5.163579999999745269e+03 1.019543290138244629e+00
5.165059999999744832e+03 8.829340338706970215e-01
5.166539999999744396e+03 9.169759154319763184e-01
5.168019999999743959e+03 9.352737665176391602e-01
5.169499999999743522e+03 9.839767813682556152e-01
5.170979999999743086e+03 9.154168367385864258e-01
5.172459999999742649e+03 8.068219423294067383e-01
5.173939999999742213e+03 9.876750111579895020e-01
5.175419999999741776e+03 1.093037486076354980e+00
5.176899999999741340e+03 9.603218436241149902e-01
5.178379999999740903e+03 9.441928267478942871e-01
5.179859999999740467e+03 1.040218114852905273e+00
5.181339999999740030e+03 1.005853533744812012e+00
5.182819999999739593e+03 8.966121077537536621e-01
5.184299999999739157e+03 8.683222532272338867e-01
5.185779999999738720e+03 9.387001395225524902e-01
5.187259999999738284e+03 8.726999163627624512e-01
5.188739999999737847e+03 8.465208411216735840e-01
5.190219999999737411e+03 9.809786081314086914e-01
5.191699999999736974e+03 9.224755764007568359e-01
5.193179999999736538e+03 9.558617472648620605e-01
5.194659999999736101e+03 9.549958109855651855e-01
5.196139999999735664e+03 9.699767231941223145e-01
5.197619999999735228e+03 9.722545742988586426e-01
5.199099999999734791e+03 9.864245653152465820e-01
5.200579999999734355e+03 9.476361274719238281e-01
5.202059999999733918e+03 9.267792701721191406e-01
5.203539999999733482e+03 1.015769481658935547e+00
5.205019999999733045e+03 9.543365240097045898e-01
5.206499999999732609e+03 9.375928044319152832e-01
5.207979999999732172e+03 8.368183970451354980e-01
5.209459999999731735e+03 8.462925553321838379e-01
5.210939999999731299e+03 1.064810514450073242e+00
5.212419999999730862e+03 9.578518867492675781e-01
5.213899999999730426e+03 9.738782048225402832e-01
5.215379999999729989e+03 1.009682774543762207e+00
5.216859999999729553e+03 9.245926737785339355e-01
5.218339999999729116e+03 8.946465253829956055e-01
5.219819999999728680e+03 9.225267171859741211e-01
5.221299999999728243e+03 9.929313659667968750e-01
5.222779999999727806e+03 9.320043921470642090e-01
5.224259999999727370e+03 9.835014343261718750e-01
5.225739999999726933e+03 9.827589392662048340e-01
5.227219999999726497e+03 8.989891409873962402e-01
5.228699999999726060e+03 1.003423929214477539e+00
5.230179999999725624e+03 9.949224591255187988e-01
5.231659999999725187e+03 9.405665993690490723e-01
5.233139999999724751e+03 9.941370487213134766e-01
5.234619999999724314e+03 8.950214385986328125e-01
5.236099999999723877e+03 9.369350075721740723e-01
5.237579999999723441e+03 9.052398800849914551e-01
5.239059999999723004e+03 9.374043345451354980e-01
5.240539999999722568e+03 9.816244840621948242e-01
5.242019999999722131e+03 9.698054790496826172e-01
5.243499999999721695e+03 9.754867553710937500e-01
5.244979999999721258e+03 9.989899396896362305e-01
5.246459999999720822e+03 9.713144302368164062e-01
5.247939999999720385e+03 8.578860759735107422e-01
5.249419999999719948e+03 8.581349849700927734e-01
5.250899999999719512e+03 8.489499688148498535e-01
5.252379999999719075e+03 8.305631279945373535e-01
5.253859999999718639e+03 9.520307779312133789e-01
5.255339999999718202e+03 9.915980696678161621e-01
5.256819999999717766e+03 9.880052804946899414e-01
5.258299999999717329e+03 9.629051089286804199e-01
5.259779999999716892e+03 1.057636976242065430e+00
5.261259999999716456e+03 1.108002901077270508e+00
5.262739999999716019e+03 1.014341831207275391e+00
5.264219999999715583e+03 8.596382141113281250e-01
5.265699999999715146e+03 8.388041257858276367e-01
5.267179999999714710e+03 8.929440975189208984e-01
5.268659999999714273e+03 8.661337494850158691e-01
5.270139999999713837e+03 9.115447402000427246e-01
5.271619999999713400e+03 8.653031587600708008e-01
5.273099999999712963e+03 1.028308510780334473e+00
5.274579999999712527e+03 7.931805849075317383e-01
5.276059999999712090e+03 9.431889057159423828e-01
5.277539999999711654e+03 9.109552502632141113e-01
5.279019999999711217e+03 9.835846424102783203e-01
5.280499999999710781e+03 8.860707879066467285e-01
5.281979999999710344e+03 9.216309189796447754e-01
5.283459999999709908e+03 8.420861363410949707e-01
5.284939999999709471e+03 9.426633715629577637e-01
5.286419999999709034e+03 8.978579044342041016e-01
5.287899999999708598e+03 8.308916687965393066e-01
5.289379999999708161e+03 8.336322307586669922e-01
5.290859999999707725e+03 8.930923342704772949e-01
5.292339999999707288e+03 8.762643337249755859e-01
5.293819999999706852e+03 8.484919667243957520e-01
5.295299999999706415e+03 8.286473155021667480e-01
5.296779999999705979e+03 8.975842595100402832e-01
5.298259999999705542e+03 9.341543912887573242e-01
5.299739999999705105e+03 1.001335620880126953e+00
5.301219999999704669e+03 8.608053326606750488e-01
5.302699999999704232e+03 8.807652592658996582e-01
5.304179999999703796e+03 9.101147651672363281e-01
5.305659999999703359e+03 8.956081867218017578e-01
5.307139999999702923e+03 9.532541632652282715e-01
5.308619999999702486e+03 8.664439320564270020e-01
5.310099999999702050e+03 8.900147676467895508e-01
5.311579999999701613e+03 1.019096255302429199e+00
5.313059999999701176e+03 9.399628639221191406e-01
5.314539999999700740e+03 9.023607373237609863e-01
5.316019999999700303e+03 8.089648485183715820e-01
5.317499999999699867e+03 9.298699498176574707e-01
5.318979999999699430e+03 1.000285983085632324e+00
5.320459999999698994e+03 1.073570370674133301e+00
5.321939999999698557e+03 1.106216192245483398e+00
5.323419999999698121e+03 9.579442143440246582e-01
5.324899999999697684e+03 1.020042657852172852e+00
5.326379999999697247e+03 9.520795345306396484e-01
5.327859999999696811e+03 8.427616953849792480e-01
5.329339999999696374e+03 9.322515726089477539e-01
5.330819999999695938e+03 9.956626892089843750e-01
5.332299999999695501e+03 9.746398329734802246e-01
5.333779999999695065e+03 9.495307207107543945e-01
5.335259999999694628e+03 8.934687376022338867e-01
5.336739999999694192e+03 9.735319614410400391e-01
5.338219999999693755e+03 8.963270187377929688e-01
5.339699999999693318e+03 8.651728630065917969e-01
5.341179999999692882e+03 8.505784869194030762e-01
5.342659999999692445e+03 8.690034747123718262e-01
5.344139999999692009e+03 9.239894747734069824e-01
5.345619999999691572e+03 9.655357003211975098e-01
5.347099999999691136e+03 9.331554174423217773e-01
5.348579999999690699e+03 7.617018222808837891e-01
5.350059999999690262e+03 8.272274732589721680e-01
5.351539999999689826e+03 9.793926477432250977e-01
5.353019999999689389e+03 8.713735342025756836e-01
5.354499999999688953e+03 9.116264581680297852e-01
5.355979999999688516e+03 9.977403879165649414e-01
5.357459999999688080e+03 9.221504330635070801e-01
5.358939999999687643e+03 8.951967954635620117e-01
5.360419999999687207e+03 9.449325203895568848e-01
5.361899999999686770e+03 9.377049803733825684e-01
5.363379999999686333e+03 9.394282102584838867e-01
5.364859999999685897e+03 8.820433616638183594e-01
5.366339999999685460e+03 9.909805655479431152e-01
5.367819999999685024e+03 1.056854605674743652e+00
5.369299999999684587e+03 9.083130359649658203e-01
5.370779999999684151e+03 8.812674283981323242e-01
5.372259999999683714e+03 9.429273605346679688e-01
5.373739999999683278e+03 8.915138840675354004e-01
5.375219999999682841e+03 8.307441473007202148e-01
5.376699999999682404e+03 9.015520811080932617e-01
5.378179999999681968e+03 9.218568801879882812e-01
5.379659999999681531e+03 8.456805944442749023e-01
5.381139999999681095e+03 9.225366711616516113e-01
5.382619999999680658e+03 8.777052760124206543e-01
5.384099999999680222e+03 8.789552450180053711e-01
5.385579999999679785e+03 9.963951110839843750e-01
5.387059999999679349e+03 1.002033472061157227e+00
5.388539999999678912e+03 8.814637064933776855e-01
5.390019999999678475e+03 8.614844679832458496e-01
5.391499999999678039e+03 8.583149909973144531e-01
5.392979999999677602e+03 9.349228739738464355e-01
5.394459999999677166e+03 8.646864891052246094e-01
5.395939999999676729e+03 8.248093724250793457e-01
5.397419999999676293e+03 9.396142363548278809e-01
5.398899999999675856e+03 8.770032525062561035e-01
5.400379999999675420e+03 8.591201305389404297e-01
5.401859999999674983e+03 9.494288563728332520e-01
5.403339999999674546e+03 9.096772670745849609e-01
5.404819999999674110e+03 8.281541466712951660e-01
5.406299999999673673e+03 9.156897664070129395e-01
5.407779999999673237e+03 1.050290346145629883e+00
5.409259999999672800e+03 9.592485427856445312e-01
5.410739999999672364e+03 8.609678745269775391e-01
5.412219999999671927e+03 9.213300347328186035e-01
5.413699999999671491e+03 9.562200307846069336e-01
5.415179999999671054e+03 1.012887358665466309e+00
5.416659999999670617e+03 9.730352163314819336e-01
5.418139999999670181e+03 9.136903285980224609e-01
5.419619999999669744e+03 8.911982178688049316e-01
5.421099999999669308e+03 8.393982648849487305e-01
5.422579999999668871e+03 8.287021517753601074e-01
5.424059999999668435e+03 8.742008209228515625e-01
5.425539999999667998e+03 9.719691872596740723e-01
5.427019999999667561e+03 9.160014986991882324e-01
5.428499999999667125e+03 9.246361255645751953e-01
5.429979999999666688e+03 8.911385536193847656e-01
5.431459999999666252e+03 9.220031499862670898e-01
5.432939999999665815e+03 9.648276567459106445e-01
5.434419999999665379e+03 9.320214390754699707e-01
5.435899999999664942e+03 9.198086261749267578e-01
5.437379999999664506e+03 9.160522222518920898e-01
5.438859999999664069e+03 9.815378189086914062e-01
5.440339999999663632e+03 8.996781706809997559e-01
5.441819999999663196e+03 9.376816153526306152e-01
5.443299999999662759e+03 9.403434991836547852e-01
5.444779999999662323e+03 8.607947230339050293e-01
5.446259999999661886e+03 8.054000735282897949e-01
5.447739999999661450e+03 8.914729356765747070e-01
5.449219999999661013e+03 8.586447238922119141e-01
5.450699999999660577e+03 8.497005105018615723e-01
5.452179999999660140e+03 8.029263615608215332e-01
5.453659999999659703e+03 7.727554440498352051e-01
5.455139999999659267e+03 8.334094882011413574e-01
5.456619999999658830e+03 8.147828578948974609e-01
5.458099999999658394e+03 8.837448954582214355e-01
5.459579999999657957e+03 9.263489246368408203e-01
5.461059999999657521e+03 9.123660326004028320e-01
5.462539999999657084e+03 9.156264066696166992e-01
5.464019999999656648e+03 9.218645691871643066e-01
5.465499999999656211e+03 9.127632379531860352e-01
5.466979999999655774e+03 8.896368741989135742e-01
5.468459999999655338e+03 9.165247082710266113e-01
5.469939999999654901e+03 9.267547726631164551e-01
5.471419999999654465e+03 8.854684829711914062e-01
5.472899999999654028e+03 8.701058626174926758e-01
5.474379999999653592e+03 9.310283660888671875e-01
5.475859999999653155e+03 8.967339992523193359e-01
5.477339999999652719e+03 8.457823991775512695e-01
5.478819999999652282e+03 9.103609919548034668e-01
5.480299999999651845e+03 9.105324745178222656e-01
5.481779999999651409e+03 9.363604187965393066e-01
5.483259999999650972e+03 9.577361941337585449e-01
5.484739999999650536e+03 9.597755074501037598e-01
5.486219999999650099e+03 9.308784604072570801e-01
5.487699999999649663e+03 8.733921647071838379e-01
5.489179999999649226e+03 8.018950819969177246e-01
5.490659999999648790e+03 8.687329888343811035e-01
5.492139999999648353e+03 8.851651549339294434e-01
5.493619999999647916e+03 9.348333477973937988e-01
5.495099999999647480e+03 8.845098018646240234e-01
5.496579999999647043e+03 8.500716686248779297e-01
5.498059999999646607e+03 9.077621102333068848e-01
5.499539999999646170e+03 9.788904190063476562e-01
5.501019999999645734e+03 1.014315962791442871e+00
5.502499999999645297e+03 9.965877532958984375e-01
5.503979999999644861e+03 8.722977042198181152e-01
5.505459999999644424e+03 8.965989351272583008e-01
5.506939999999643987e+03 8.859269022941589355e-01
5.508419999999643551e+03 9.309349656105041504e-01
5.509899999999643114e+03 8.687437176704406738e-01
5.511379999999642678e+03 8.058367967605590820e-01
5.512859999999642241e+03 9.091427326202392578e-01
5.514339999999641805e+03 9.154146313667297363e-01
5.515819999999641368e+03 8.128877878189086914e-01
5.517299999999640931e+03 8.485844731330871582e-01
5.518779999999640495e+03 9.440270066261291504e-01
5.520259999999640058e+03 9.065979719161987305e-01
5.521739999999639622e+03 9.156948328018188477e-01
5.523219999999639185e+03 8.544719219207763672e-01
5.524699999999638749e+03 9.289484024047851562e-01
5.526179999999638312e+03 8.944476842880249023e-01
5.527659999999637876e+03 8.710061907768249512e-01
5.529139999999637439e+03 9.086719155311584473e-01
5.530619999999637002e+03 9.107528924942016602e-01
5.532099999999636566e+03 8.737386465072631836e-01
5.533579999999636129e+03 8.982598185539245605e-01
5.535059999999635693e+03 9.354146122932434082e-01
5.536539999999635256e+03 8.688223361968994141e-01
5.538019999999634820e+03 8.223183155059814453e-01
5.539499999999634383e+03 8.880000114440917969e-01
5.540979999999633947e+03 8.777492046356201172e-01
5.542459999999633510e+03 8.037279844284057617e-01
5.543939999999633073e+03 8.677983880043029785e-01
5.545419999999632637e+03 9.012092947959899902e-01
5.546899999999632200e+03 8.644896149635314941e-01
5.548379999999631764e+03 8.929701447486877441e-01
5.549859999999631327e+03 8.588067889213562012e-01
5.551339999999630891e+03 8.639727830886840820e-01
5.552819999999630454e+03 8.998348712921142578e-01
5.554299999999630018e+03 9.161733388900756836e-01
5.555779999999629581e+03 8.707549571990966797e-01
5.557259999999629144e+03 8.749196529388427734e-01
5.558739999999628708e+03 8.951736092567443848e-01
5.560219999999628271e+03 7.738538384437561035e-01
5.561699999999627835e+03 8.657829761505126953e-01
5.563179999999627398e+03 8.729520440101623535e-01
5.564659999999626962e+03 8.086290955543518066e-01
5.566139999999626525e+03 9.218891859054565430e-01
5.567619999999626089e+03 8.469943404197692871e-01
5.569099999999625652e+03 9.199993014335632324e-01
5.570579999999625215e+03 8.718706965446472168e-01
5.572059999999624779e+03 8.182086944580078125e-01
5.573539999999624342e+03 8.511083126068115234e-01
5.575019999999623906e+03 5.775330066680908203e-01
5.576499999999623469e+03 1.090003371238708496e+00
5.577979999999623033e+03 1.105774402618408203e+00
5.579459999999622596e+03 6.899912357330322266e-01
5.580939999999622160e+03 9.156647324562072754e-01
5.582419999999621723e+03 8.613032102584838867e-01
5.583899999999621286e+03 8.440089225769042969e-01
5.585379999999620850e+03 8.816275000572204590e-01
5.586859999999620413e+03 9.227324724197387695e-01
5.588339999999619977e+03 9.029348492622375488e-01
5.589819999999619540e+03 8.511933088302612305e-01
5.591299999999619104e+03 7.107452750205993652e-01
5.592779999999618667e+03 8.785974979400634766e-01
5.594259999999618231e+03 8.600383996963500977e-01
5.595739999999617794e+03 9.145181179046630859e-01
5.597219999999617357e+03 8.321747779846191406e-01
5.598699999999616921e+03 8.893117308616638184e-01
5.600179999999616484e+03 7.954200506210327148e-01
5.601659999999616048e+03 8.164919614791870117e-01
5.603139999999615611e+03 8.291442394256591797e-01
5.604619999999615175e+03 8.638058900833129883e-01
5.606099999999614738e+03 8.177078366279602051e-01
5.607579999999614301e+03 7.732165455818176270e-01
5.609059999999613865e+03 7.611055374145507812e-01
5.610539999999613428e+03 7.340220212936401367e-01
5.612019999999612992e+03 7.244083881378173828e-01
5.613499999999612555e+03 8.446689248085021973e-01
5.614979999999612119e+03 8.440620899200439453e-01
5.616459999999611682e+03 7.977774143218994141e-01
5.617939999999611246e+03 7.764063477516174316e-01
5.619419999999610809e+03 7.850643396377563477e-01
5.620899999999610372e+03 8.437709808349609375e-01
5.622379999999609936e+03 8.785105347633361816e-01
5.623859999999609499e+03 8.996011018753051758e-01
5.625339999999609063e+03 7.952295541763305664e-01
5.626819999999608626e+03 8.053975105285644531e-01
5.628299999999608190e+03 8.268250226974487305e-01
5.629779999999607753e+03 7.980475425720214844e-01
5.631259999999607317e+03 7.811826467514038086e-01
5.632739999999606880e+03 8.865730762481689453e-01
5.634219999999606443e+03 9.182065725326538086e-01
5.635699999999606007e+03 8.992579579353332520e-01
5.637179999999605570e+03 8.717904090881347656e-01
5.638659999999605134e+03 8.587334752082824707e-01
5.640139999999604697e+03 8.339353799819946289e-01
5.641619999999604261e+03 8.327937722206115723e-01
5.643099999999603824e+03 9.164909720420837402e-01
5.644579999999603388e+03 8.854799866676330566e-01
5.646059999999602951e+03 8.730287551879882812e-01
5.647539999999602514e+03 9.116222262382507324e-01
5.649019999999602078e+03 8.718722462654113770e-01
5.650499999999601641e+03 8.121820092201232910e-01
5.651979999999601205e+03 8.256362676620483398e-01
5.653459999999600768e+03 8.243213295936584473e-01
5.654939999999600332e+03 8.402845263481140137e-01
5.656419999999599895e+03 8.731616735458374023e-01
5.657899999999599459e+03 8.220244050025939941e-01
5.659379999999599022e+03 8.377664089202880859e-01
5.660859999999598585e+03 7.928942441940307617e-01
5.662339999999598149e+03 7.316942214965820312e-01
5.663819999999597712e+03 7.963532805442810059e-01
5.665299999999597276e+03 7.863695025444030762e-01
5.666779999999596839e+03 7.540255784988403320e-01
5.668259999999596403e+03 8.274393677711486816e-01
5.669739999999595966e+03 8.121592402458190918e-01
5.671219999999595530e+03 7.925385236740112305e-01
5.672699999999595093e+03 8.402274250984191895e-01
5.674179999999594656e+03 8.073387145996093750e-01
5.675659999999594220e+03 7.492977380752563477e-01
5.677139999999593783e+03 8.838483691215515137e-01
5.678619999999593347e+03 8.705764412879943848e-01
5.680099999999592910e+03 7.656416296958923340e-01
5.681579999999592474e+03 7.878884077072143555e-01
5.683059999999592037e+03 8.341575860977172852e-01
5.684539999999591600e+03 8.653712868690490723e-01
5.686019999999591164e+03 8.313720822334289551e-01
5.687499999999590727e+03 8.318796157836914062e-01
5.688979999999590291e+03 8.254989981651306152e-01
5.690459999999589854e+03 8.305701017379760742e-01
5.691939999999589418e+03 8.235498666763305664e-01
5.693419999999588981e+03 8.814376592636108398e-01
5.694899999999588545e+03 8.967508077621459961e-01
5.696379999999588108e+03 8.970894813537597656e-01
5.697859999999587671e+03 8.738242983818054199e-01
5.699339999999587235e+03 7.847777009010314941e-01
5.700819999999586798e+03 8.126252889633178711e-01
5.702299999999586362e+03 8.202723860740661621e-01
5.703779999999585925e+03 8.267197608947753906e-01
5.705259999999585489e+03 7.962514162063598633e-01
5.706739999999585052e+03 7.990300655364990234e-01
5.708219999999584616e+03 8.062362670898437500e-01
5.709699999999584179e+03 8.765270113945007324e-01
5.711179999999583742e+03 7.053296566009521484e-01
5.712659999999583306e+03 7.939005494117736816e-01
5.714139999999582869e+03 7.447318434715270996e-01
5.715619999999582433e+03 8.351517915725708008e-01
5.717099999999581996e+03 7.826284170150756836e-01
5.718579999999581560e+03 6.938018202781677246e-01
5.720059999999581123e+03 8.259440660476684570e-01
5.721539999999580687e+03 8.124830126762390137e-01
5.723019999999580250e+03 7.726269364356994629e-01
5.724499999999579813e+03 7.908660769462585449e-01
5.725979999999579377e+03 7.913687825202941895e-01
5.727459999999578940e+03 8.078282475471496582e-01
5.728939999999578504e+03 8.501684069633483887e-01
5.730419999999578067e+03 8.279196619987487793e-01
5.731899999999577631e+03 7.641306519508361816e-01
5.733379999999577194e+03 7.240824103355407715e-01
5.734859999999576758e+03 7.948117256164550781e-01
5.736339999999576321e+03 8.129988312721252441e-01
5.737819999999575884e+03 8.546020984649658203e-01
5.739299999999575448e+03 8.162735700607299805e-01
5.740779999999575011e+03 8.624264597892761230e-01
5.742259999999574575e+03 7.876117825508117676e-01
5.743739999999574138e+03 7.997481226921081543e-01
5.745219999999573702e+03 8.355602025985717773e-01
5.746699999999573265e+03 7.758064270019531250e-01
5.748179999999572829e+03 6.969416141510009766e-01
5.749659999999572392e+03 8.184931874275207520e-01
5.751139999999571955e+03 7.752771973609924316e-01
5.752619999999571519e+03 8.647994399070739746e-01
5.754099999999571082e+03 9.215124249458312988e-01
5.755579999999570646e+03 8.527464866638183594e-01
5.757059999999570209e+03 7.615916728973388672e-01
5.758539999999569773e+03 7.540098428726196289e-01
5.760019999999569336e+03 7.783820629119873047e-01
5.761499999999568900e+03 7.831659317016601562e-01
5.762979999999568463e+03 7.655839920043945312e-01
5.764459999999568026e+03 7.896851897239685059e-01
5.765939999999567590e+03 7.671960592269897461e-01
5.767419999999567153e+03 7.969067692756652832e-01
5.768899999999566717e+03 8.453995585441589355e-01
5.770379999999566280e+03 8.568553328514099121e-01
5.771859999999565844e+03 8.554887771606445312e-01
5.773339999999565407e+03 8.043311834335327148e-01
5.774819999999564970e+03 7.362849116325378418e-01
5.776299999999564534e+03 7.606706023216247559e-01
5.777779999999564097e+03 8.548879027366638184e-01
5.779259999999563661e+03 8.114770650863647461e-01
5.780739999999563224e+03 7.468124628067016602e-01
5.782219999999562788e+03 8.869168758392333984e-01
5.783699999999562351e+03 8.004367947578430176e-01
5.785179999999561915e+03 7.506066560745239258e-01
5.786659999999561478e+03 8.593243956565856934e-01
5.788139999999561041e+03 8.066846728324890137e-01
5.789619999999560605e+03 7.776958942413330078e-01
5.791099999999560168e+03 8.019644618034362793e-01
5.792579999999559732e+03 7.718106508255004883e-01
5.794059999999559295e+03 7.985552549362182617e-01
5.795539999999558859e+03 8.217276334762573242e-01
5.797019999999558422e+03 7.825602889060974121e-01
5.798499999999557986e+03 8.328595757484436035e-01
5.799979999999557549e+03 8.431455492973327637e-01
5.801459999999557112e+03 8.117856979370117188e-01
5.802939999999556676e+03 8.061977028846740723e-01
5.804419999999556239e+03 8.205870985984802246e-01
5.805899999999555803e+03 8.600520491600036621e-01
5.807379999999555366e+03 7.805435657501220703e-01
5.808859999999554930e+03 7.839995622634887695e-01
5.810339999999554493e+03 7.781966328620910645e-01
5.811819999999554057e+03 7.181441783905029297e-01
5.813299999999553620e+03 7.766235470771789551e-01
5.814779999999553183e+03 8.038848042488098145e-01
5.816259999999552747e+03 8.109611868858337402e-01
5.817739999999552310e+03 7.920433282852172852e-01
5.819219999999551874e+03 7.884510755538940430e-01
5.820699999999551437e+03 8.236705660820007324e-01
5.822179999999551001e+03 9.241963028907775879e-01
5.823659999999550564e+03 8.101442456245422363e-01
5.825139999999550128e+03 8.152293562889099121e-01
5.826619999999549691e+03 8.072806000709533691e-01
5.828099999999549254e+03 8.149117827415466309e-01
5.829579999999548818e+03 8.501629233360290527e-01
5.831059999999548381e+03 8.479609489440917969e-01
5.832539999999547945e+03 7.693538069725036621e-01
5.834019999999547508e+03 8.282690644264221191e-01
5.835499999999547072e+03 8.192460536956787109e-01
5.836979999999546635e+03 7.776745557785034180e-01
5.838459999999546199e+03 8.310268521308898926e-01
5.839939999999545762e+03 8.267274498939514160e-01
5.841419999999545325e+03 7.885904312133789062e-01
5.842899999999544889e+03 7.619928717613220215e-01
5.844379999999544452e+03 7.737852334976196289e-01
5.845859999999544016e+03 8.462920188903808594e-01
5.847339999999543579e+03 8.254532814025878906e-01
5.848819999999543143e+03 8.219597339630126953e-01
5.850299999999542706e+03 8.097197413444519043e-01
5.851779999999542270e+03 7.944235205650329590e-01
5.853259999999541833e+03 7.996458411216735840e-01
5.854739999999541396e+03 8.148426413536071777e-01
5.856219999999540960e+03 7.797471284866333008e-01
5.857699999999540523e+03 8.128565549850463867e-01
5.859179999999540087e+03 8.554627895355224609e-01
5.860659999999539650e+03 8.887752890586853027e-01
5.862139999999539214e+03 7.835447192192077637e-01
5.863619999999538777e+03 8.192536830902099609e-01
5.865099999999538340e+03 8.691253662109375000e-01
5.866579999999537904e+03 8.597844243049621582e-01
5.868059999999537467e+03 8.400447368621826172e-01
5.869539999999537031e+03 7.583071589469909668e-01
5.871019999999536594e+03 8.244913220405578613e-01
5.872499999999536158e+03 9.075943231582641602e-01
5.873979999999535721e+03 8.419160842895507812e-01
5.875459999999535285e+03 8.030050396919250488e-01
5.876939999999534848e+03 8.124396204948425293e-01
5.878419999999534411e+03 8.146256208419799805e-01
5.879899999999533975e+03 8.285233974456787109e-01
5.881379999999533538e+03 8.555970191955566406e-01
5.882859999999533102e+03 8.487560153007507324e-01
5.884339999999532665e+03 7.874976992607116699e-01
5.885819999999532229e+03 8.386861085891723633e-01
5.887299999999531792e+03 7.835526466369628906e-01
5.888779999999531356e+03 7.966115474700927734e-01
5.890259999999530919e+03 1.037229776382446289e+00
5.891739999999530482e+03 9.242898225784301758e-01
5.893219999999530046e+03 7.853855490684509277e-01
5.894699999999529609e+03 8.303374648094177246e-01
5.896179999999529173e+03 8.032293915748596191e-01
5.897659999999528736e+03 7.984691858291625977e-01
5.899139999999528300e+03 8.107264041900634766e-01
5.900619999999527863e+03 8.251946568489074707e-01
5.902099999999527427e+03 8.288639187812805176e-01
5.903579999999526990e+03 8.173987269401550293e-01
5.905059999999526553e+03 8.455261588096618652e-01
5.906539999999526117e+03 9.265655875205993652e-01
5.908019999999525680e+03 8.283354640007019043e-01
5.909499999999525244e+03 7.497346997261047363e-01
5.910979999999524807e+03 7.993200421333312988e-01
5.912459999999524371e+03 7.847552299499511719e-01
5.913939999999523934e+03 8.160501122474670410e-01
5.915419999999523498e+03 8.111431598663330078e-01
5.916899999999523061e+03 7.368408441543579102e-01
5.918379999999522624e+03 7.102524042129516602e-01
5.919859999999522188e+03 7.882460951805114746e-01
5.921339999999521751e+03 7.645264267921447754e-01
5.922819999999521315e+03 7.865595817565917969e-01
5.924299999999520878e+03 8.249850869178771973e-01
5.925779999999520442e+03 7.413446307182312012e-01
5.927259999999520005e+03 7.299163937568664551e-01
5.928739999999519569e+03 7.055085897445678711e-01
5.930219999999519132e+03 7.545884847640991211e-01
5.931699999999518695e+03 8.116257786750793457e-01
5.933179999999518259e+03 8.302479982376098633e-01
5.934659999999517822e+03 7.752591371536254883e-01
5.936139999999517386e+03 8.537393808364868164e-01
5.937619999999516949e+03 8.089107275009155273e-01
5.939099999999516513e+03 7.861955165863037109e-01
5.940579999999516076e+03 8.594425320625305176e-01
5.942059999999515640e+03 7.183470129966735840e-01
5.943539999999515203e+03 7.506540417671203613e-01
5.945019999999514766e+03 8.292462229728698730e-01
5.946499999999514330e+03 7.790331244468688965e-01
5.947979999999513893e+03 6.764982938766479492e-01
5.949459999999513457e+03 8.906064033508300781e-01
5.950939999999513020e+03 8.917288184165954590e-01
5.952419999999512584e+03 8.415775299072265625e-01
5.953899999999512147e+03 8.355241417884826660e-01
5.955379999999511710e+03 8.335167169570922852e-01
5.956859999999511274e+03 8.818661570549011230e-01
5.958339999999510837e+03 9.405480623245239258e-01
5.959819999999510401e+03 8.343988656997680664e-01
5.961299999999509964e+03 8.780342936515808105e-01
5.962779999999509528e+03 8.142187595367431641e-01
5.964259999999509091e+03 7.566173076629638672e-01
5.965739999999508655e+03 8.315270543098449707e-01
5.967219999999508218e+03 8.576614856719970703e-01
5.968699999999507781e+03 8.323874473571777344e-01
5.970179999999507345e+03 8.019815683364868164e-01
5.971659999999506908e+03 8.141562342643737793e-01
5.973139999999506472e+03 8.909307122230529785e-01
5.974619999999506035e+03 8.475172519683837891e-01
5.976099999999505599e+03 7.339118123054504395e-01
5.977579999999505162e+03 8.239008188247680664e-01
5.979059999999504726e+03 6.976357102394104004e-01
5.980539999999504289e+03 7.242469787597656250e-01
5.982019999999503852e+03 7.428576350212097168e-01
5.983499999999503416e+03 7.957270145416259766e-01
5.984979999999502979e+03 8.326025009155273438e-01
5.986459999999502543e+03 8.341245055198669434e-01
5.987939999999502106e+03 7.824896574020385742e-01
5.989419999999501670e+03 7.894688844680786133e-01
5.990899999999501233e+03 7.867606282234191895e-01
5.992379999999500797e+03 7.362036108970642090e-01
5.993859999999500360e+03 7.895713448524475098e-01
5.995339999999499923e+03 8.317780494689941406e-01
5.996819999999499487e+03 7.837762236595153809e-01
5.998299999999499050e+03 7.614214420318603516e-01
5.999779999999498614e+03 7.583674788475036621e-01
6.001259999999498177e+03 7.477088570594787598e-01
6.002739999999497741e+03 7.396526336669921875e-01
6.004219999999497304e+03 7.945578694343566895e-01
6.005699999999496868e+03 8.020465373992919922e-01
6.007179999999496431e+03 7.785719633102416992e-01
6.008659999999495994e+03 8.068065047264099121e-01
6.010139999999495558e+03 7.472000718116760254e-01
6.011619999999495121e+03 7.380535006523132324e-01
6.013099999999494685e+03 1.161341428756713867e+00
6.014579999999494248e+03 1.957056164741516113e+00
6.016059999999493812e+03 1.895267724990844727e+00
6.017539999999493375e+03 1.113095045089721680e+00
6.019019999999492939e+03 8.074941635131835938e-01
6.020499999999492502e+03 6.894598007202148438e-01
6.021979999999492065e+03 7.883679866790771484e-01
6.023459999999491629e+03 8.124786615371704102e-01
6.024939999999491192e+03 7.769403457641601562e-01
6.026419999999490756e+03 7.571733593940734863e-01
6.027899999999490319e+03 7.248073816299438477e-01
6.029379999999489883e+03 7.491626143455505371e-01
6.030859999999489446e+03 6.303148269653320312e-01
6.032339999999489009e+03 7.943550944328308105e-01
6.033819999999488573e+03 8.168057203292846680e-01
6.035299999999488136e+03 7.572588920593261719e-01
6.036779999999487700e+03 7.218252420425415039e-01
6.038259999999487263e+03 7.911486625671386719e-01
6.039739999999486827e+03 7.892209887504577637e-01
6.041219999999486390e+03 7.886276245117187500e-01
6.042699999999485954e+03 7.380362749099731445e-01
6.044179999999485517e+03 7.132034301757812500e-01
6.045659999999485080e+03 7.633803486824035645e-01
6.047139999999484644e+03 7.549120783805847168e-01
6.048619999999484207e+03 7.012216448783874512e-01
6.050099999999483771e+03 8.016009926795959473e-01
6.051579999999483334e+03 7.196404337882995605e-01
6.053059999999482898e+03 7.208467125892639160e-01
6.054539999999482461e+03 7.156462073326110840e-01
6.056019999999482025e+03 6.735314726829528809e-01
6.057499999999481588e+03 7.721093297004699707e-01
6.058979999999481151e+03 8.095257878303527832e-01
6.060459999999480715e+03 8.005967140197753906e-01
6.061939999999480278e+03 7.180672287940979004e-01
6.063419999999479842e+03 7.897926568984985352e-01
6.064899999999479405e+03 7.522449493408203125e-01
6.066379999999478969e+03 7.944890260696411133e-01
6.067859999999478532e+03 8.091089725494384766e-01
6.069339999999478096e+03 7.622655034065246582e-01
6.070819999999477659e+03 7.252261638641357422e-01
6.072299999999477222e+03 7.379427552223205566e-01
6.073779999999476786e+03 7.112635374069213867e-01
6.075259999999476349e+03 7.724230289459228516e-01
6.076739999999475913e+03 8.094999194145202637e-01
6.078219999999475476e+03 7.742046117782592773e-01
6.079699999999475040e+03 7.037907838821411133e-01
6.081179999999474603e+03 7.085697650909423828e-01
6.082659999999474167e+03 7.896044254302978516e-01
6.084139999999473730e+03 7.943394184112548828e-01
6.085619999999473293e+03 7.575891613960266113e-01
6.087099999999472857e+03 7.580366730690002441e-01
6.088579999999472420e+03 7.555198073387145996e-01
6.090059999999471984e+03 6.812823414802551270e-01
6.091539999999471547e+03 7.537337541580200195e-01
6.093019999999471111e+03 7.433487176895141602e-01
6.094499999999470674e+03 7.182337641716003418e-01
6.095979999999470238e+03 7.772527337074279785e-01
6.097459999999469801e+03 7.766402959823608398e-01
6.098939999999469364e+03 8.013786077499389648e-01
6.100419999999468928e+03 8.368504047393798828e-01
6.101899999999468491e+03 7.835059762001037598e-01
6.103379999999468055e+03 7.546738982200622559e-01
6.104859999999467618e+03 7.832144498825073242e-01
6.106339999999467182e+03 8.445701599121093750e-01
6.107819999999466745e+03 7.988402843475341797e-01
6.109299999999466309e+03 8.444378972053527832e-01
6.110779999999465872e+03 8.922446966171264648e-01
6.112259999999465435e+03 7.775621414184570312e-01
6.113739999999464999e+03 7.759733200073242188e-01
6.115219999999464562e+03 7.658770084381103516e-01
6.116699999999464126e+03 7.183830738067626953e-01
6.118179999999463689e+03 7.716484069824218750e-01
6.119659999999463253e+03 7.585484981536865234e-01
6.121139999999462816e+03 7.495982050895690918e-01
6.122619999999462379e+03 7.415690422058105469e-01
6.124099999999461943e+03 7.225486040115356445e-01
6.125579999999461506e+03 7.341424226760864258e-01
6.127059999999461070e+03 7.790762782096862793e-01
6.128539999999460633e+03 7.986152172088623047e-01
6.130019999999460197e+03 7.330225110054016113e-01
6.131499999999459760e+03 7.322118282318115234e-01
6.132979999999459324e+03 7.155135273933410645e-01
6.134459999999458887e+03 6.960263848304748535e-01
6.135939999999458450e+03 7.284016609191894531e-01
6.137419999999458014e+03 6.970207691192626953e-01
6.138899999999457577e+03 7.196965813636779785e-01
6.140379999999457141e+03 7.419530153274536133e-01
6.141859999999456704e+03 7.334567308425903320e-01
6.143339999999456268e+03 7.411880493164062500e-01
6.144819999999455831e+03 7.587907314300537109e-01
6.146299999999455395e+03 7.727367877960205078e-01
6.147779999999454958e+03 7.839324474334716797e-01
6.149259999999454521e+03 7.185473442077636719e-01
6.150739999999454085e+03 6.624228954315185547e-01
6.152219999999453648e+03 6.771951913833618164e-01
6.153699999999453212e+03 6.531628966331481934e-01
6.155179999999452775e+03 6.824578046798706055e-01
6.156659999999452339e+03 7.620724439620971680e-01
6.158139999999451902e+03 7.825683951377868652e-01
6.159619999999451466e+03 7.634125351905822754e-01
6.161099999999451029e+03 6.677021980285644531e-01
6.162579999999450592e+03 6.536862254142761230e-01
6.164059999999450156e+03 6.737928390502929688e-01
6.165539999999449719e+03 7.165095806121826172e-01
6.167019999999449283e+03 7.672623395919799805e-01
6.168499999999448846e+03 6.218970417976379395e-01
6.169979999999448410e+03 7.501388192176818848e-01
6.171459999999447973e+03 7.344111800193786621e-01
6.172939999999447537e+03 8.076349496841430664e-01
6.174419999999447100e+03 7.458276748657226562e-01
6.175899999999446663e+03 7.561844587326049805e-01
6.177379999999446227e+03 7.287809252738952637e-01
6.178859999999445790e+03 7.637400627136230469e-01
6.180339999999445354e+03 7.359035611152648926e-01
6.181819999999444917e+03 6.752671003341674805e-01
6.183299999999444481e+03 7.585916519165039062e-01
6.184779999999444044e+03 7.545127868652343750e-01
6.186259999999443608e+03 7.416561841964721680e-01
6.187739999999443171e+03 6.994525194168090820e-01
6.189219999999442734e+03 7.690311670303344727e-01
6.190699999999442298e+03 7.120836973190307617e-01
6.192179999999441861e+03 6.609546542167663574e-01
6.193659999999441425e+03 7.387670278549194336e-01
6.195139999999440988e+03 7.379729747772216797e-01
6.196619999999440552e+03 6.901687383651733398e-01
6.198099999999440115e+03 7.419046759605407715e-01
6.199579999999439679e+03 7.181800007820129395e-01
6.201059999999439242e+03 7.558072805404663086e-01
6.202539999999438805e+03 7.535603046417236328e-01
6.204019999999438369e+03 7.807381749153137207e-01
6.205499999999437932e+03 8.178746700286865234e-01
6.206979999999437496e+03 7.553688287734985352e-01
6.208459999999437059e+03 7.598744034767150879e-01
6.209939999999436623e+03 7.748553156852722168e-01
6.211419999999436186e+03 8.174192905426025391e-01
6.212899999999435749e+03 8.481517434120178223e-01
6.214379999999435313e+03 8.102933168411254883e-01
6.215859999999434876e+03 7.554384469985961914e-01
6.217339999999434440e+03 7.549747228622436523e-01
6.218819999999434003e+03 7.613429427146911621e-01
6.220299999999433567e+03 7.480895519256591797e-01
6.221779999999433130e+03 7.288972735404968262e-01
6.223259999999432694e+03 7.204914093017578125e-01
6.224739999999432257e+03 7.188462018966674805e-01
6.226219999999431820e+03 7.266424894332885742e-01
6.227699999999431384e+03 6.811928749084472656e-01
6.229179999999430947e+03 6.556243300437927246e-01
6.230659999999430511e+03 7.337072491645812988e-01
6.232139999999430074e+03 7.690804600715637207e-01
6.233619999999429638e+03 7.015532255172729492e-01
6.235099999999429201e+03 7.317116856575012207e-01
6.236579999999428765e+03 8.578683137893676758e-01
6.238059999999428328e+03 7.452968955039978027e-01
6.239539999999427891e+03 6.829231381416320801e-01
6.241019999999427455e+03 7.252152562141418457e-01
6.242499999999427018e+03 7.798070907592773438e-01
6.243979999999426582e+03 7.862396240234375000e-01
6.245459999999426145e+03 6.854048967361450195e-01
6.246939999999425709e+03 6.541509628295898438e-01
6.248419999999425272e+03 7.045758962631225586e-01
6.249899999999424836e+03 6.619788408279418945e-01
6.251379999999424399e+03 7.145043611526489258e-01
6.252859999999423962e+03 7.885460853576660156e-01
6.254339999999423526e+03 6.463654041290283203e-01
6.255819999999423089e+03 7.041752934455871582e-01
6.257299999999422653e+03 8.291107416152954102e-01
6.258779999999422216e+03 7.365779280662536621e-01
6.260259999999421780e+03 7.189990282058715820e-01
6.261739999999421343e+03 6.946105957031250000e-01
6.263219999999420907e+03 7.322582602500915527e-01
6.264699999999420470e+03 7.943087220191955566e-01
6.266179999999420033e+03 6.806377768516540527e-01
6.267659999999419597e+03 7.306342720985412598e-01
6.269139999999419160e+03 7.516189813613891602e-01
6.270619999999418724e+03 6.495154500007629395e-01
6.272099999999418287e+03 6.555024385452270508e-01
6.273579999999417851e+03 7.214689850807189941e-01
6.275059999999417414e+03 6.992363929748535156e-01
6.276539999999416978e+03 6.649965047836303711e-01
6.278019999999416541e+03 6.478331089019775391e-01
6.279499999999416104e+03 7.252540588378906250e-01
6.280979999999415668e+03 6.203868389129638672e-01
6.282459999999415231e+03 6.862346529960632324e-01
6.283939999999414795e+03 5.746380686759948730e-01
6.285419999999414358e+03 5.771542787551879883e-01
6.286899999999413922e+03 7.552780508995056152e-01
6.288379999999413485e+03 7.127688527107238770e-01
6.289859999999413048e+03 7.024402022361755371e-01
6.291339999999412612e+03 7.282269001007080078e-01
6.292819999999412175e+03 6.558607816696166992e-01
6.294299999999411739e+03 7.019365429878234863e-01
6.295779999999411302e+03 7.464320063591003418e-01
6.297259999999410866e+03 3.674248158931732178e-01
6.298739999999410429e+03 7.690393924713134766e-01
6.300219999999409993e+03 1.144218683242797852e+00
6.301699999999409556e+03 8.093913793563842773e-01
6.303179999999409119e+03 5.742563605308532715e-01
6.304659999999408683e+03 6.713736057281494141e-01
6.306139999999408246e+03 7.791380882263183594e-01
6.307619999999407810e+03 7.459067106246948242e-01
6.309099999999407373e+03 6.794517040252685547e-01
6.310579999999406937e+03 6.596013903617858887e-01
6.312059999999406500e+03 6.473708748817443848e-01
6.313539999999406064e+03 6.873844265937805176e-01
6.315019999999405627e+03 7.133731842041015625e-01
6.316499999999405190e+03 6.560405492782592773e-01
6.317979999999404754e+03 6.950345635414123535e-01
6.319459999999404317e+03 7.281560301780700684e-01
6.320939999999403881e+03 6.965719461441040039e-01
6.322419999999403444e+03 6.989474892616271973e-01
6.323899999999403008e+03 6.878410577774047852e-01
6.325379999999402571e+03 6.363276243209838867e-01
6.326859999999402135e+03 7.118373513221740723e-01
6.328339999999401698e+03 7.140605449676513672e-01
6.329819999999401261e+03 7.232087850570678711e-01
6.331299999999400825e+03 6.916306614875793457e-01
6.332779999999400388e+03 6.962001323699951172e-01
6.334259999999399952e+03 7.039594650268554688e-01
6.335739999999399515e+03 6.596201658248901367e-01
6.337219999999399079e+03 6.119353175163269043e-01
6.338699999999398642e+03 6.384088993072509766e-01
6.340179999999398206e+03 6.542047858238220215e-01
6.341659999999397769e+03 7.055448889732360840e-01
6.343139999999397332e+03 6.694752573966979980e-01
6.344619999999396896e+03 7.052068710327148438e-01
6.346099999999396459e+03 6.859920024871826172e-01
6.347579999999396023e+03 6.664480566978454590e-01
6.349059999999395586e+03 7.252318263053894043e-01
6.350539999999395150e+03 7.463487982749938965e-01
6.352019999999394713e+03 7.060186266899108887e-01
6.353499999999394277e+03 6.724554300308227539e-01
6.354979999999393840e+03 7.165986895561218262e-01
6.356459999999393403e+03 6.749000549316406250e-01
6.357939999999392967e+03 6.379002332687377930e-01
6.359419999999392530e+03 6.613815426826477051e-01
6.360899999999392094e+03 5.599833726882934570e-01
6.362379999999391657e+03 6.501764059066772461e-01
6.363859999999391221e+03 7.860057353973388672e-01
6.365339999999390784e+03 6.251108050346374512e-01
6.366819999999390348e+03 6.843644380569458008e-01
6.368299999999389911e+03 6.712397933006286621e-01
6.369779999999389474e+03 7.586650252342224121e-01
6.371259999999389038e+03 7.339519262313842773e-01
6.372739999999388601e+03 7.231136560440063477e-01
6.374219999999388165e+03 7.394278049468994141e-01
6.375699999999387728e+03 7.165179252624511719e-01
6.377179999999387292e+03 6.798030138015747070e-01
6.378659999999386855e+03 6.777334213256835938e-01
6.380139999999386418e+03 6.994037628173828125e-01
6.381619999999385982e+03 7.137210965156555176e-01
6.383099999999385545e+03 7.015510797500610352e-01
6.384579999999385109e+03 6.809026598930358887e-01
6.386059999999384672e+03 6.746050715446472168e-01
6.387539999999384236e+03 6.116699576377868652e-01
6.389019999999383799e+03 6.257688999176025391e-01
6.390499999999383363e+03 7.003631591796875000e-01
6.391979999999382926e+03 6.651661396026611328e-01
6.393459999999382489e+03 6.493203043937683105e-01
6.394939999999382053e+03 6.230615377426147461e-01
6.396419999999381616e+03 7.039961814880371094e-01
6.397899999999381180e+03 7.727141976356506348e-01
6.399379999999380743e+03 6.476120352745056152e-01
6.400859999999380307e+03 6.220232248306274414e-01
6.402339999999379870e+03 6.217072010040283203e-01
6.403819999999379434e+03 6.617282629013061523e-01
6.405299999999378997e+03 6.533539295196533203e-01
6.406779999999378560e+03 6.145439743995666504e-01
6.408259999999378124e+03 7.351039648056030273e-01
6.409739999999377687e+03 6.608391404151916504e-01
6.411219999999377251e+03 7.093314528465270996e-01
6.412699999999376814e+03 7.394564151763916016e-01
6.414179999999376378e+03 6.765310168266296387e-01
6.415659999999375941e+03 6.993272900581359863e-01
6.417139999999375505e+03 6.636295914649963379e-01
6.418619999999375068e+03 6.725458502769470215e-01
6.420099999999374631e+03 6.422231197357177734e-01
6.421579999999374195e+03 6.863138079643249512e-01
6.423059999999373758e+03 7.306287884712219238e-01
6.424539999999373322e+03 7.116518020629882812e-01
6.426019999999372885e+03 6.646532416343688965e-01
6.427499999999372449e+03 6.530299782752990723e-01
6.428979999999372012e+03 6.954259872436523438e-01
6.430459999999371576e+03 6.735890507698059082e-01
6.431939999999371139e+03 6.399731636047363281e-01
6.433419999999370702e+03 6.626482009887695312e-01
6.434899999999370266e+03 6.980933547019958496e-01
6.436379999999369829e+03 7.142177820205688477e-01
6.437859999999369393e+03 6.597419381141662598e-01
6.439339999999368956e+03 6.577096581459045410e-01
6.440819999999368520e+03 7.040269970893859863e-01
6.442299999999368083e+03 6.517835855484008789e-01
6.443779999999367647e+03 6.527215242385864258e-01
6.445259999999367210e+03 6.496413946151733398e-01
6.446739999999366773e+03 7.299662828445434570e-01
6.448219999999366337e+03 9.393055438995361328e-01
6.449699999999365900e+03 1.064635992050170898e+00
6.451179999999365464e+03 9.634912014007568359e-01
6.452659999999365027e+03 7.572212815284729004e-01
6.454139999999364591e+03 7.311186790466308594e-01
6.455619999999364154e+03 6.726905703544616699e-01
6.457099999999363718e+03 7.288739085197448730e-01
6.458579999999363281e+03 7.292208671569824219e-01
6.460059999999362844e+03 7.771324515342712402e-01
6.461539999999362408e+03 7.600882649421691895e-01
6.463019999999361971e+03 7.391869425773620605e-01
6.464499999999361535e+03 7.003318071365356445e-01
6.465979999999361098e+03 7.096941471099853516e-01
6.467459999999360662e+03 6.247890591621398926e-01
6.468939999999360225e+03 6.354603171348571777e-01
6.470419999999359788e+03 7.198510766029357910e-01
6.471899999999359352e+03 6.753662228584289551e-01
6.473379999999358915e+03 6.845847964286804199e-01
6.474859999999358479e+03 7.078149318695068359e-01
6.476339999999358042e+03 6.785207986831665039e-01
6.477819999999357606e+03 6.580718159675598145e-01
6.479299999999357169e+03 6.593185663223266602e-01
6.480779999999356733e+03 6.939419507980346680e-01
6.482259999999356296e+03 6.500191688537597656e-01
6.483739999999355859e+03 6.554113030433654785e-01
6.485219999999355423e+03 6.346598863601684570e-01
6.486699999999354986e+03 6.524460315704345703e-01
6.488179999999354550e+03 6.473804712295532227e-01
6.489659999999354113e+03 6.464006304740905762e-01
6.491139999999353677e+03 6.736276149749755859e-01
6.492619999999353240e+03 7.538628578186035156e-01
6.494099999999352804e+03 7.081954479217529297e-01
6.495579999999352367e+03 5.773880481719970703e-01
6.497059999999351930e+03 6.412568092346191406e-01
6.498539999999351494e+03 6.869689226150512695e-01
6.500019999999351057e+03 7.095685005187988281e-01
6.501499999999350621e+03 6.415258646011352539e-01
6.502979999999350184e+03 7.417964935302734375e-01
6.504459999999349748e+03 7.715128660202026367e-01
6.505939999999349311e+03 7.018234729766845703e-01
6.507419999999348875e+03 6.561015844345092773e-01
6.508899999999348438e+03 6.905171275138854980e-01
6.510379999999348001e+03 6.681269407272338867e-01
6.511859999999347565e+03 6.473450660705566406e-01
6.513339999999347128e+03 7.776413559913635254e-01
6.514819999999346692e+03 8.327333927154541016e-01
6.516299999999346255e+03 7.902900576591491699e-01
6.517779999999345819e+03 7.335399985313415527e-01
6.519259999999345382e+03 6.802654862403869629e-01
6.520739999999344946e+03 7.074120044708251953e-01
6.522219999999344509e+03 7.435883879661560059e-01
6.523699999999344072e+03 7.331696152687072754e-01
6.525179999999343636e+03 7.028736472129821777e-01
6.526659999999343199e+03 6.337447166442871094e-01
6.528139999999342763e+03 7.104464769363403320e-01
6.529619999999342326e+03 6.976027488708496094e-01
6.531099999999341890e+03 6.849929094314575195e-01
6.532579999999341453e+03 6.866720318794250488e-01
6.534059999999341017e+03 7.296673059463500977e-01
6.535539999999340580e+03 7.154504060745239258e-01
6.537019999999340143e+03 7.310400009155273438e-01
6.538499999999339707e+03 7.250905632972717285e-01
6.539979999999339270e+03 7.325389385223388672e-01
6.541459999999338834e+03 6.624435186386108398e-01
6.542939999999338397e+03 5.791040658950805664e-01
6.544419999999337961e+03 6.615889668464660645e-01
6.545899999999337524e+03 6.449611186981201172e-01
6.547379999999337088e+03 6.689343452453613281e-01
6.548859999999336651e+03 7.238662838935852051e-01
6.550339999999336214e+03 5.950175523757934570e-01
6.551819999999335778e+03 6.290318965911865234e-01
6.553299999999335341e+03 7.443970441818237305e-01
6.554779999999334905e+03 6.744999289512634277e-01
6.556259999999334468e+03 6.578730344772338867e-01
6.557739999999334032e+03 7.081177234649658203e-01
6.559219999999333595e+03 6.406181454658508301e-01
6.560699999999333158e+03 6.301954388618469238e-01
6.562179999999332722e+03 6.465924382209777832e-01
6.563659999999332285e+03 6.401171088218688965e-01
6.565139999999331849e+03 6.735171675682067871e-01
6.566619999999331412e+03 6.812320947647094727e-01
6.568099999999330976e+03 6.872543692588806152e-01
6.569579999999330539e+03 6.480172872543334961e-01
6.571059999999330103e+03 6.703691482543945312e-01
6.572539999999329666e+03 6.440262794494628906e-01
6.574019999999329229e+03 6.063538789749145508e-01
6.575499999999328793e+03 6.432070732116699219e-01
6.576979999999328356e+03 6.917598247528076172e-01
6.578459999999327920e+03 6.519725322723388672e-01
6.579939999999327483e+03 6.412314772605895996e-01
6.581419999999327047e+03 7.001399397850036621e-01
6.582899999999326610e+03 6.818836927413940430e-01
6.584379999999326174e+03 6.827630400657653809e-01
6.585859999999325737e+03 6.623950004577636719e-01
6.587339999999325300e+03 6.361893415451049805e-01
6.588819999999324864e+03 7.544565200805664062e-01
6.590299999999324427e+03 7.029100060462951660e-01
6.591779999999323991e+03 6.263122558593750000e-01
6.593259999999323554e+03 6.548622846603393555e-01
6.594739999999323118e+03 6.503940820693969727e-01
6.596219999999322681e+03 6.773609519004821777e-01
6.597699999999322245e+03 6.261919736862182617e-01
6.599179999999321808e+03 6.300734281539916992e-01
6.600659999999321371e+03 6.688869595527648926e-01
6.602139999999320935e+03 6.842414140701293945e-01
6.603619999999320498e+03 6.819568872451782227e-01
6.605099999999320062e+03 7.111901640892028809e-01
6.606579999999319625e+03 6.614965796470642090e-01
6.608059999999319189e+03 5.808209180831909180e-01
6.609539999999318752e+03 5.976589918136596680e-01
6.611019999999318316e+03 6.786383986473083496e-01
6.612499999999317879e+03 6.319208145141601562e-01
6.613979999999317442e+03 5.838017463684082031e-01
6.615459999999317006e+03 6.511370539665222168e-01
6.616939999999316569e+03 7.114230394363403320e-01
6.618419999999316133e+03 7.003241181373596191e-01
6.619899999999315696e+03 6.484811305999755859e-01
6.621379999999315260e+03 6.800659894943237305e-01
6.622859999999314823e+03 7.250429391860961914e-01
6.624339999999314387e+03 6.547772288322448730e-01
6.625819999999313950e+03 6.572917103767395020e-01
6.627299999999313513e+03 6.638581156730651855e-01
6.628779999999313077e+03 7.118462920188903809e-01
6.630259999999312640e+03 6.501645445823669434e-01
6.631739999999312204e+03 6.442355513572692871e-01
6.633219999999311767e+03 6.626107692718505859e-01
6.634699999999311331e+03 6.849679946899414062e-01
6.636179999999310894e+03 6.810265779495239258e-01
6.637659999999310457e+03 5.794006586074829102e-01
6.639139999999310021e+03 6.446488499641418457e-01
6.640619999999309584e+03 6.557397842407226562e-01
6.642099999999309148e+03 6.551774740219116211e-01
6.643579999999308711e+03 7.101458311080932617e-01
6.645059999999308275e+03 6.988615989685058594e-01
6.646539999999307838e+03 6.631758809089660645e-01
6.648019999999307402e+03 6.750662922859191895e-01
6.649499999999306965e+03 6.105014681816101074e-01
6.650979999999306528e+03 6.082966327667236328e-01
6.652459999999306092e+03 6.319752931594848633e-01
6.653939999999305655e+03 6.442353129386901855e-01
6.655419999999305219e+03 6.808261871337890625e-01
6.656899999999304782e+03 6.014965176582336426e-01
6.658379999999304346e+03 6.629861593246459961e-01
6.659859999999303909e+03 7.159556746482849121e-01
6.661339999999303473e+03 6.667862534523010254e-01
6.662819999999303036e+03 6.390539407730102539e-01
6.664299999999302599e+03 6.845509409904479980e-01
6.665779999999302163e+03 7.066880464553833008e-01
6.667259999999301726e+03 7.324596047401428223e-01
6.668739999999301290e+03 6.775530576705932617e-01
6.670219999999300853e+03 6.288217902183532715e-01
6.671699999999300417e+03 6.587185859680175781e-01
6.673179999999299980e+03 6.601660847663879395e-01
6.674659999999299544e+03 6.379750370979309082e-01
6.676139999999299107e+03 6.506836414337158203e-01
6.677619999999298670e+03 6.443109512329101562e-01
6.679099999999298234e+03 6.294108629226684570e-01
6.680579999999297797e+03 7.004573345184326172e-01
6.682059999999297361e+03 7.478643655776977539e-01
6.683539999999296924e+03 7.072982788085937500e-01
6.685019999999296488e+03 6.396023035049438477e-01
6.686499999999296051e+03 6.536852717399597168e-01
6.687979999999295615e+03 6.903411149978637695e-01
6.689459999999295178e+03 6.392329931259155273e-01
6.690939999999294741e+03 6.850534081459045410e-01
6.692419999999294305e+03 7.295080423355102539e-01
6.693899999999293868e+03 7.248191237449645996e-01
6.695379999999293432e+03 6.879257559776306152e-01
6.696859999999292995e+03 6.836217641830444336e-01
6.698339999999292559e+03 7.112162113189697266e-01
6.699819999999292122e+03 7.729227542877197266e-01
6.701299999999291686e+03 1.873724222183227539e+00
6.702779999999291249e+03 3.175303220748901367e+00
6.704259999999290812e+03 2.761585235595703125e+00
6.705739999999290376e+03 1.322799444198608398e+00
6.707219999999289939e+03 6.819814443588256836e-01
6.708699999999289503e+03 6.295241117477416992e-01
6.710179999999289066e+03 6.467758417129516602e-01
6.711659999999288630e+03 7.055913805961608887e-01
6.713139999999288193e+03 7.544817924499511719e-01
6.714619999999287757e+03 1.055396914482116699e+00
6.716099999999287320e+03 1.403940296173095703e+01
6.717579999999286883e+03 3.294019699096679688e+01
6.719059999999286447e+03 3.046478652954101562e+01
6.720539999999286010e+03 1.097072887420654297e+01
6.722019999999285574e+03 1.805986404418945312e+00
6.723499999999285137e+03 9.446549415588378906e-01
6.724979999999284701e+03 7.804082036018371582e-01
6.726459999999284264e+03 6.481679081916809082e-01
6.727939999999283827e+03 7.021337747573852539e-01
6.729419999999283391e+03 6.954129338264465332e-01
6.730899999999282954e+03 6.914194226264953613e-01
6.732379999999282518e+03 7.260978817939758301e-01
6.733859999999282081e+03 7.263196706771850586e-01
6.735339999999281645e+03 7.186619639396667480e-01
6.736819999999281208e+03 2.533745288848876953e+00
6.738299999999280772e+03 6.965930461883544922e+00
6.739779999999280335e+03 7.907048225402832031e+00
6.741259999999279898e+03 4.475511074066162109e+00
6.742739999999279462e+03 1.135988116264343262e+00
6.744219999999279025e+03 7.594891190528869629e-01
6.745699999999278589e+03 6.671175956726074219e-01
6.747179999999278152e+03 6.391587853431701660e-01
6.748659999999277716e+03 6.871925592422485352e-01
6.750139999999277279e+03 6.863486170768737793e-01
6.751619999999276843e+03 6.858999729156494141e-01
6.753099999999276406e+03 6.212193965911865234e-01
6.754579999999275969e+03 5.972768664360046387e-01
6.756059999999275533e+03 6.802831888198852539e-01
6.757539999999275096e+03 6.634606719017028809e-01
6.759019999999274660e+03 7.387719154357910156e-01
6.760499999999274223e+03 6.970167160034179688e-01
6.761979999999273787e+03 6.719257831573486328e-01
6.763459999999273350e+03 6.734429597854614258e-01
6.764939999999272914e+03 6.089184284210205078e-01
6.766419999999272477e+03 5.640395283699035645e-01
6.767899999999272040e+03 6.342158317565917969e-01
6.769379999999271604e+03 6.656838655471801758e-01
6.770859999999271167e+03 6.440614461898803711e-01
6.772339999999270731e+03 6.601977944374084473e-01
6.773819999999270294e+03 6.931514739990234375e-01
6.775299999999269858e+03 6.844792962074279785e-01
6.776779999999269421e+03 6.498350501060485840e-01
6.778259999999268985e+03 6.341703534126281738e-01
6.779739999999268548e+03 6.365420818328857422e-01
6.781219999999268111e+03 6.446217894554138184e-01
6.782699999999267675e+03 6.372599005699157715e-01
6.784179999999267238e+03 6.045808196067810059e-01
6.785659999999266802e+03 6.409180164337158203e-01
6.787139999999266365e+03 6.300045847892761230e-01
6.788619999999265929e+03 6.199733614921569824e-01
6.790099999999265492e+03 6.254157423973083496e-01
6.791579999999265056e+03 6.042894721031188965e-01
6.793059999999264619e+03 6.589065194129943848e-01
6.794539999999264182e+03 7.023748755455017090e-01
6.796019999999263746e+03 6.384315490722656250e-01
6.797499999999263309e+03 5.898661613464355469e-01
6.798979999999262873e+03 6.393852233886718750e-01
6.800459999999262436e+03 6.342915296554565430e-01
6.801939999999262000e+03 6.725673079490661621e-01
6.803419999999261563e+03 6.741468310356140137e-01
6.804899999999261127e+03 6.432983875274658203e-01
6.806379999999260690e+03 6.546822786331176758e-01
6.807859999999260253e+03 6.169786453247070312e-01
6.809339999999259817e+03 6.174941062927246094e-01
6.810819999999259380e+03 6.486064195632934570e-01
6.812299999999258944e+03 6.200591325759887695e-01
6.813779999999258507e+03 6.237818598747253418e-01
6.815259999999258071e+03 5.999457836151123047e-01
6.816739999999257634e+03 6.577231287956237793e-01
6.818219999999257197e+03 6.785569190979003906e-01
6.819699999999256761e+03 5.887632966041564941e-01
6.821179999999256324e+03 6.150636076927185059e-01
6.822659999999255888e+03 6.533245444297790527e-01
6.824139999999255451e+03 6.360505223274230957e-01
6.825619999999255015e+03 5.977236628532409668e-01
6.827099999999254578e+03 6.207534670829772949e-01
6.828579999999254142e+03 6.715540289878845215e-01
6.830059999999253705e+03 6.400232315063476562e-01
6.831539999999253268e+03 6.304121613502502441e-01
6.833019999999252832e+03 7.095277309417724609e-01
6.834499999999252395e+03 8.892472386360168457e-01
6.835979999999251959e+03 9.971042871475219727e-01
6.837459999999251522e+03 8.713169097900390625e-01
6.838939999999251086e+03 6.822507977485656738e-01
6.840419999999250649e+03 6.221188306808471680e-01
6.841899999999250213e+03 6.682773232460021973e-01
6.843379999999249776e+03 7.448546886444091797e-01
6.844859999999249339e+03 6.098046302795410156e-01
6.846339999999248903e+03 5.887137055397033691e-01
6.847819999999248466e+03 6.200895905494689941e-01
6.849299999999248030e+03 6.357638239860534668e-01
6.850779999999247593e+03 5.968802571296691895e-01
6.852259999999247157e+03 6.462222337722778320e-01
6.853739999999246720e+03 6.259852051734924316e-01
6.855219999999246284e+03 6.545191407203674316e-01
6.856699999999245847e+03 6.476967930793762207e-01
6.858179999999245410e+03 6.892317533493041992e-01
6.859659999999244974e+03 6.089231371879577637e-01
6.861139999999244537e+03 5.480332374572753906e-01
6.862619999999244101e+03 7.275884747505187988e-01
6.864099999999243664e+03 7.888062000274658203e-01
6.865579999999243228e+03 6.216117143630981445e-01
6.867059999999242791e+03 5.186504125595092773e-01
6.868539999999242355e+03 4.957686960697174072e-01
6.870019999999241918e+03 4.772130548954010010e-01
6.871499999999241481e+03 5.135397315025329590e-01
6.872979999999241045e+03 1.555992007255554199e+00
6.874459999999240608e+03 3.714829206466674805e+00
6.875939999999240172e+03 3.858687639236450195e+00
6.877419999999239735e+03 2.034014463424682617e+00
6.878899999999239299e+03 7.957024574279785156e-01
6.880379999999238862e+03 6.105618476867675781e-01
6.881859999999238426e+03 6.288874149322509766e-01
6.883339999999237989e+03 6.224558353424072266e-01
6.884819999999237552e+03 5.793622136116027832e-01
6.886299999999237116e+03 5.931681394577026367e-01
6.887779999999236679e+03 1.648276686668395996e+00
6.889259999999236243e+03 3.440386533737182617e+00
6.890739999999235806e+03 3.344383716583251953e+00
6.892219999999235370e+03 1.683803677558898926e+00
6.893699999999234933e+03 7.319923639297485352e-01
6.895179999999234496e+03 6.029445528984069824e-01
6.896659999999234060e+03 5.577100515365600586e-01
6.898139999999233623e+03 5.428453683853149414e-01
6.899619999999233187e+03 6.064568758010864258e-01
6.901099999999232750e+03 6.440328955650329590e-01
6.902579999999232314e+03 6.167309880256652832e-01
6.904059999999231877e+03 5.607361197471618652e-01
6.905539999999231441e+03 5.564540624618530273e-01
6.907019999999231004e+03 5.667123794555664062e-01
6.908499999999230567e+03 5.246796607971191406e-01
6.909979999999230131e+03 5.833826661109924316e-01
6.911459999999229694e+03 5.981180071830749512e-01
6.912939999999229258e+03 5.620495080947875977e-01
6.914419999999228821e+03 5.665603280067443848e-01
6.915899999999228385e+03 5.744698047637939453e-01
6.917379999999227948e+03 5.709631443023681641e-01
6.918859999999227512e+03 5.175190567970275879e-01
6.920339999999227075e+03 5.220448374748229980e-01
6.921819999999226638e+03 6.675857901573181152e-01
6.923299999999226202e+03 6.602459549903869629e-01
6.924779999999225765e+03 5.588671565055847168e-01
6.926259999999225329e+03 5.891448259353637695e-01
6.927739999999224892e+03 5.586370825767517090e-01
6.929219999999224456e+03 6.476172804832458496e-01
6.930699999999224019e+03 5.946900248527526855e-01
6.932179999999223583e+03 5.875645875930786133e-01
6.933659999999223146e+03 5.657101273536682129e-01
6.935139999999222709e+03 6.296322345733642578e-01
6.936619999999222273e+03 6.266735792160034180e-01
6.938099999999221836e+03 6.352520585060119629e-01
6.939579999999221400e+03 6.096758842468261719e-01
6.941059999999220963e+03 6.320578455924987793e-01
6.942539999999220527e+03 6.304991841316223145e-01
6.944019999999220090e+03 5.587923526763916016e-01
6.945499999999219654e+03 4.990188479423522949e-01
6.946979999999219217e+03 5.504192113876342773e-01
6.948459999999218780e+03 6.597713232040405273e-01
6.949939999999218344e+03 5.937824845314025879e-01
6.951419999999217907e+03 5.365564227104187012e-01
6.952899999999217471e+03 5.680640339851379395e-01
6.954379999999217034e+03 6.135352849960327148e-01
6.955859999999216598e+03 6.298364400863647461e-01
6.957339999999216161e+03 6.024144291877746582e-01
6.958819999999215725e+03 6.387252211570739746e-01
6.960299999999215288e+03 6.550640463829040527e-01
6.961779999999214851e+03 6.065814495086669922e-01
6.963259999999214415e+03 6.023105382919311523e-01
