4.300739999999999782e+03 6.533956050872802734e+00
4.302219999999999345e+03 9.850716590881347656e-01
4.303699999999998909e+03 1.064607977867126465e+00
4.305179999999998472e+03 1.957534074783325195e+00
4.306659999999998035e+03 1.740608453750610352e+00
4.308139999999997599e+03 1.234319925308227539e+00
4.309619999999997162e+03 1.108051538467407227e+00
4.311099999999996726e+03 1.065627813339233398e+00
4.312579999999996289e+03 1.590656995773315430e+00
4.314059999999995853e+03 1.329702854156494141e+00
4.315539999999995416e+03 1.710065603256225586e+00
4.317019999999994980e+03 2.076263427734375000e+00
4.318499999999994543e+03 2.089848995208740234e+00
4.319979999999994106e+03 2.383821249008178711e+00
4.321459999999993670e+03 2.582789421081542969e+00
4.322939999999993233e+03 2.277852773666381836e+00
4.324419999999992797e+03 1.807695388793945312e+00
4.325899999999992360e+03 1.134000420570373535e+00
4.327379999999991924e+03 1.961634159088134766e+00
4.328859999999991487e+03 1.997312188148498535e+00
4.330339999999991051e+03 1.956392765045166016e+00
4.331819999999990614e+03 1.929913997650146484e+00
4.333299999999990177e+03 2.222801208496093750e+00
4.334779999999989741e+03 2.666067600250244141e+00
4.336259999999989304e+03 2.251931905746459961e+00
4.337739999999988868e+03 2.061157226562500000e+00
4.339219999999988431e+03 1.197788715362548828e+00
4.340699999999987995e+03 1.199493646621704102e+00
4.342179999999987558e+03 1.550641179084777832e+00
4.343659999999987122e+03 1.837546467781066895e+00
4.345139999999986685e+03 1.968294262886047363e+00
4.346619999999986248e+03 1.620396018028259277e+00
4.348099999999985812e+03 2.350453853607177734e+00
4.349579999999985375e+03 2.551259517669677734e+00
4.351059999999984939e+03 1.442035555839538574e+00
4.352539999999984502e+03 1.418080329895019531e+00
4.354019999999984066e+03 2.412539243698120117e+00
4.355499999999983629e+03 1.945877075195312500e+00
4.356979999999983193e+03 2.171745300292968750e+00
4.358459999999982756e+03 1.673990607261657715e+00
4.359939999999982319e+03 1.832144975662231445e+00
4.361419999999981883e+03 2.009256601333618164e+00
4.362899999999981446e+03 1.911234974861145020e+00
4.364379999999981010e+03 1.839803814888000488e+00
4.365859999999980573e+03 1.787027478218078613e+00
4.367339999999980137e+03 2.186670303344726562e+00
4.368819999999979700e+03 1.850628376007080078e+00
4.370299999999979264e+03 2.233836889266967773e+00
4.371779999999978827e+03 2.142604112625122070e+00
4.373259999999978390e+03 1.623261809349060059e+00
4.374739999999977954e+03 1.591684818267822266e+00
4.376219999999977517e+03 2.112848997116088867e+00
4.377699999999977081e+03 2.183307647705078125e+00
4.379179999999976644e+03 1.741886734962463379e+00
4.380659999999976208e+03 2.192872047424316406e+00
4.382139999999975771e+03 2.241807699203491211e+00
4.383619999999975335e+03 9.949281811714172363e-01
4.385099999999974898e+03 1.421474337577819824e+00
4.386579999999974461e+03 2.007687091827392578e+00
4.388059999999974025e+03 1.702302336692810059e+00
4.389539999999973588e+03 1.754457473754882812e+00
4.391019999999973152e+03 1.684975504875183105e+00
4.392499999999972715e+03 1.812491774559020996e+00
4.393979999999972279e+03 1.541694879531860352e+00
4.395459999999971842e+03 1.285867214202880859e+00
4.396939999999971405e+03 1.917707443237304688e+00
4.398419999999970969e+03 1.853970408439636230e+00
4.399899999999970532e+03 1.529781818389892578e+00
4.401379999999970096e+03 1.383176326751708984e+00
4.402859999999969659e+03 1.797880530357360840e+00
4.404339999999969223e+03 1.224231958389282227e+00
4.405819999999968786e+03 1.550576448440551758e+00
4.407299999999968350e+03 1.155337214469909668e+00
4.408779999999967913e+03 9.199316501617431641e-01
4.410259999999967476e+03 1.126384139060974121e+00
4.411739999999967040e+03 1.515547871589660645e+00
4.413219999999966603e+03 2.342745780944824219e+00
4.414699999999966167e+03 9.020220041275024414e-01
4.416179999999965730e+03 7.946379184722900391e-01
4.417659999999965294e+03 8.599002361297607422e-01
4.419139999999964857e+03 1.560884356498718262e+00
4.420619999999964421e+03 1.615842103958129883e+00
4.422099999999963984e+03 1.401880025863647461e+00
4.423579999999963547e+03 1.381875634193420410e+00
4.425059999999963111e+03 1.174125552177429199e+00
4.426539999999962674e+03 1.161515593528747559e+00
4.428019999999962238e+03 1.149583697319030762e+00
4.429499999999961801e+03 1.420507311820983887e+00
4.430979999999961365e+03 8.012533187866210938e-01
4.432459999999960928e+03 1.262681961059570312e+00
4.433939999999960492e+03 1.373469591140747070e+00
4.435419999999960055e+03 7.949752211570739746e-01
4.436899999999959618e+03 9.092810153961181641e-01
4.438379999999959182e+03 1.019737958908081055e+00
4.439859999999958745e+03 1.218514680862426758e+00
4.441339999999958309e+03 1.541038155555725098e+00
4.442819999999957872e+03 4.458108425140380859e+00
4.444299999999957436e+03 4.832998275756835938e+00
4.445779999999956999e+03 1.987895727157592773e+00
4.447259999999956563e+03 7.972780466079711914e-01
4.448739999999956126e+03 7.427935004234313965e-01
4.450219999999955689e+03 1.025381565093994141e+00
4.451699999999955253e+03 1.178982734680175781e+00
4.453179999999954816e+03 1.271318078041076660e+00
4.454659999999954380e+03 9.862991571426391602e-01
4.456139999999953943e+03 1.492835283279418945e+00
4.457619999999953507e+03 1.208034515380859375e+00
4.459099999999953070e+03 1.338156342506408691e+00
4.460579999999952634e+03 9.270416498184204102e-01
4.462059999999952197e+03 1.118364930152893066e+00
4.463539999999951760e+03 1.559033632278442383e+00
4.465019999999951324e+03 1.406615018844604492e+00
4.466499999999950887e+03 1.383200407028198242e+00
4.467979999999950451e+03 1.544569730758666992e+00
4.469459999999950014e+03 8.172017335891723633e-01
4.470939999999949578e+03 1.163294434547424316e+00
4.472419999999949141e+03 1.169808983802795410e+00
4.473899999999948704e+03 1.145454406738281250e+00
4.475379999999948268e+03 1.210746645927429199e+00
4.476859999999947831e+03 1.020626306533813477e+00
4.478339999999947395e+03 1.396687746047973633e+00
4.479819999999946958e+03 9.683802723884582520e-01
4.481299999999946522e+03 8.207437992095947266e-01
4.482779999999946085e+03 8.908424973487854004e-01
4.484259999999945649e+03 1.265743613243103027e+00
4.485739999999945212e+03 1.230400323867797852e+00
4.487219999999944775e+03 1.051425576210021973e+00
4.488699999999944339e+03 9.079928994178771973e-01
4.490179999999943902e+03 9.742712974548339844e-01
4.491659999999943466e+03 1.303987860679626465e+00
4.493139999999943029e+03 1.069398164749145508e+00
4.494619999999942593e+03 8.651129603385925293e-01
4.496099999999942156e+03 8.911277055740356445e-01
4.497579999999941720e+03 1.005890607833862305e+00
4.499059999999941283e+03 1.104553818702697754e+00
4.500539999999940846e+03 1.178071975708007812e+00
4.502019999999940410e+03 6.989048719406127930e-01
4.503499999999939973e+03 1.254558086395263672e+00
4.504979999999939537e+03 8.275986909866333008e-01
4.506459999999939100e+03 1.126055836677551270e+00
4.507939999999938664e+03 1.312961935997009277e+00
4.509419999999938227e+03 7.066081762313842773e-01
4.510899999999937791e+03 1.153232932090759277e+00
4.512379999999937354e+03 1.063891768455505371e+00
4.513859999999936917e+03 8.632795214653015137e-01
4.515339999999936481e+03 9.543325901031494141e-01
4.516819999999936044e+03 8.700845241546630859e-01
4.518299999999935608e+03 1.062579035758972168e+00
4.519779999999935171e+03 1.076486945152282715e+00
4.521259999999934735e+03 1.032304286956787109e+00
4.522739999999934298e+03 1.017146825790405273e+00
4.524219999999933862e+03 9.400874376296997070e-01
4.525699999999933425e+03 1.325959086418151855e+00
4.527179999999932988e+03 1.242727518081665039e+00
4.528659999999932552e+03 1.212460041046142578e+00
4.530139999999932115e+03 8.497925996780395508e-01
4.531619999999931679e+03 1.078173875808715820e+00
4.533099999999931242e+03 1.218750119209289551e+00
4.534579999999930806e+03 1.102656602859497070e+00
4.536059999999930369e+03 7.916257381439208984e-01
4.537539999999929933e+03 1.121899604797363281e+00
4.539019999999929496e+03 1.152847409248352051e+00
4.540499999999929059e+03 6.174662113189697266e-01
4.541979999999928623e+03 1.086054801940917969e+00
4.543459999999928186e+03 1.146116375923156738e+00
4.544939999999927750e+03 7.887554764747619629e-01
4.546419999999927313e+03 9.516378045082092285e-01
4.547899999999926877e+03 1.051214098930358887e+00
4.549379999999926440e+03 8.045226335525512695e-01
4.550859999999926004e+03 6.626412868499755859e-01
4.552339999999925567e+03 9.772571325302124023e-01
4.553819999999925130e+03 1.150916337966918945e+00
4.555299999999924694e+03 1.101694345474243164e+00
4.556779999999924257e+03 9.719597101211547852e-01
4.558259999999923821e+03 1.009979009628295898e+00
4.559739999999923384e+03 1.083151102066040039e+00
4.561219999999922948e+03 1.043960809707641602e+00
4.562699999999922511e+03 1.265539884567260742e+00
4.564179999999922074e+03 1.225219130516052246e+00
4.565659999999921638e+03 7.801932096481323242e-01
4.567139999999921201e+03 8.997559547424316406e-01
4.568619999999920765e+03 1.022355914115905762e+00
4.570099999999920328e+03 1.006711244583129883e+00
4.571579999999919892e+03 8.366160392761230469e-01
4.573059999999919455e+03 6.918019056320190430e-01
4.574539999999919019e+03 7.229980230331420898e-01
4.576019999999918582e+03 1.203872919082641602e+00
4.577499999999918145e+03 1.376908302307128906e+00
4.578979999999917709e+03 1.344308853149414062e+00
4.580459999999917272e+03 9.833279252052307129e-01
4.581939999999916836e+03 9.644767642021179199e-01
4.583419999999916399e+03 1.317791461944580078e+00
4.584899999999915963e+03 1.155060410499572754e+00
4.586379999999915526e+03 6.967120170593261719e-01
4.587859999999915090e+03 6.846526861190795898e-01
4.589339999999914653e+03 1.085218667984008789e+00
4.590819999999914216e+03 8.494983315467834473e-01
4.592299999999913780e+03 9.328099489212036133e-01
4.593779999999913343e+03 9.646935462951660156e-01
4.595259999999912907e+03 8.969120383262634277e-01
4.596739999999912470e+03 1.012078881263732910e+00
4.598219999999912034e+03 9.665403962135314941e-01
4.599699999999911597e+03 9.666718244552612305e-01
4.601179999999911161e+03 8.273282051086425781e-01
4.602659999999910724e+03 1.049688696861267090e+00
4.604139999999910287e+03 1.014979243278503418e+00
4.605619999999909851e+03 8.872417807579040527e-01
4.607099999999909414e+03 1.031160235404968262e+00
4.608579999999908978e+03 9.708429574966430664e-01
4.610059999999908541e+03 1.001294136047363281e+00
4.611539999999908105e+03 7.419489026069641113e-01
4.613019999999907668e+03 1.161374926567077637e+00
4.614499999999907232e+03 1.154560327529907227e+00
4.615979999999906795e+03 7.831609845161437988e-01
4.617459999999906358e+03 9.114122390747070312e-01
4.618939999999905922e+03 8.886331915855407715e-01
4.620419999999905485e+03 1.009847283363342285e+00
4.621899999999905049e+03 8.302934169769287109e-01
4.623379999999904612e+03 1.115967750549316406e+00
4.624859999999904176e+03 9.155886769294738770e-01
4.626339999999903739e+03 1.040197014808654785e+00
4.627819999999903303e+03 1.020892858505249023e+00
4.629299999999902866e+03 1.083557128906250000e+00
4.630779999999902429e+03 1.054233074188232422e+00
4.632259999999901993e+03 9.135408997535705566e-01
4.633739999999901556e+03 9.923101067543029785e-01
4.635219999999901120e+03 1.080730319023132324e+00
4.636699999999900683e+03 9.036253690719604492e-01
4.638179999999900247e+03 8.101102709770202637e-01
4.639659999999899810e+03 8.746790289878845215e-01
4.641139999999899374e+03 7.675219178199768066e-01
4.642619999999898937e+03 9.009930491447448730e-01
4.644099999999898500e+03 8.384119272232055664e-01
4.645579999999898064e+03 1.188082933425903320e+00
4.647059999999897627e+03 1.093054413795471191e+00
4.648539999999897191e+03 8.123660683631896973e-01
4.650019999999896754e+03 1.013078927993774414e+00
4.651499999999896318e+03 1.063997030258178711e+00
4.652979999999895881e+03 8.353496789932250977e-01
4.654459999999895444e+03 1.052404642105102539e+00
4.655939999999895008e+03 1.201341748237609863e+00
4.657419999999894571e+03 7.228337526321411133e-01
4.658899999999894135e+03 7.931187152862548828e-01
4.660379999999893698e+03 8.065190911293029785e-01
4.661859999999893262e+03 8.641425967216491699e-01
4.663339999999892825e+03 8.741812705993652344e-01
4.664819999999892389e+03 8.938795328140258789e-01
4.666299999999891952e+03 1.047247767448425293e+00
4.667779999999891515e+03 9.802172183990478516e-01
4.669259999999891079e+03 9.547377228736877441e-01
4.670739999999890642e+03 1.186995267868041992e+00
4.672219999999890206e+03 7.875671386718750000e-01
4.673699999999889769e+03 6.757482886314392090e-01
4.675179999999889333e+03 9.426629543304443359e-01
4.676659999999888896e+03 1.051337480545043945e+00
4.678139999999888460e+03 1.014147639274597168e+00
4.679619999999888023e+03 9.078535437583923340e-01
4.681099999999887586e+03 6.690126061439514160e-01
4.682579999999887150e+03 9.049268960952758789e-01
4.684059999999886713e+03 1.100328087806701660e+00
4.685539999999886277e+03 8.221885561943054199e-01
4.687019999999885840e+03 1.021353006362915039e+00
4.688499999999885404e+03 1.057713866233825684e+00
4.689979999999884967e+03 9.713035225868225098e-01
4.691459999999884531e+03 9.567117094993591309e-01
4.692939999999884094e+03 6.930524110794067383e-01
4.694419999999883657e+03 8.027471303939819336e-01
4.695899999999883221e+03 9.385738968849182129e-01
4.697379999999882784e+03 1.062878608703613281e+00
4.698859999999882348e+03 7.498502731323242188e-01
4.700339999999881911e+03 1.021188020706176758e+00
4.701819999999881475e+03 7.891380190849304199e-01
4.703299999999881038e+03 8.509222269058227539e-01
4.704779999999880602e+03 1.084394216537475586e+00
4.706259999999880165e+03 8.445801734924316406e-01
4.707739999999879728e+03 9.086444973945617676e-01
4.709219999999879292e+03 8.992979526519775391e-01
4.710699999999878855e+03 8.091227412223815918e-01
4.712179999999878419e+03 1.101287603378295898e+00
4.713659999999877982e+03 1.025840401649475098e+00
4.715139999999877546e+03 1.043798565864562988e+00
4.716619999999877109e+03 1.013810873031616211e+00
4.718099999999876673e+03 9.473491907119750977e-01
4.719579999999876236e+03 7.473873496055603027e-01
4.721059999999875799e+03 8.056200146675109863e-01
4.722539999999875363e+03 7.557042241096496582e-01
4.724019999999874926e+03 8.237819075584411621e-01
4.725499999999874490e+03 1.071212291717529297e+00
4.726979999999874053e+03 7.770884633064270020e-01
4.728459999999873617e+03 8.769450783729553223e-01
4.729939999999873180e+03 8.854730725288391113e-01
4.731419999999872744e+03 9.494682550430297852e-01
4.732899999999872307e+03 9.018381237983703613e-01
4.734379999999871870e+03 8.055446147918701172e-01
4.735859999999871434e+03 7.922678589820861816e-01
4.737339999999870997e+03 9.782469272613525391e-01
4.738819999999870561e+03 9.402018189430236816e-01
4.740299999999870124e+03 8.214426040649414062e-01
4.741779999999869688e+03 7.563694715499877930e-01
4.743259999999869251e+03 8.486919403076171875e-01
4.744739999999868814e+03 8.548718690872192383e-01
4.746219999999868378e+03 7.762634158134460449e-01
4.747699999999867941e+03 8.049989342689514160e-01
4.749179999999867505e+03 8.014886379241943359e-01
4.750659999999867068e+03 9.896218776702880859e-01
4.752139999999866632e+03 8.494792580604553223e-01
4.753619999999866195e+03 8.430718183517456055e-01
4.755099999999865759e+03 9.920182228088378906e-01
4.756579999999865322e+03 7.917289733886718750e-01
4.758059999999864885e+03 6.972540020942687988e-01
4.759539999999864449e+03 9.913688302040100098e-01
4.761019999999864012e+03 6.425547003746032715e-01
4.762499999999863576e+03 1.109806776046752930e+00
4.763979999999863139e+03 8.751094341278076172e-01
4.765459999999862703e+03 8.699551224708557129e-01
4.766939999999862266e+03 9.682861566543579102e-01
4.768419999999861830e+03 1.272681951522827148e+00
4.769899999999861393e+03 1.138690710067749023e+00
4.771379999999860956e+03 1.016677021980285645e+00
4.772859999999860520e+03 8.348847031593322754e-01
4.774339999999860083e+03 1.112285971641540527e+00
4.775819999999859647e+03 9.662575125694274902e-01
4.777299999999859210e+03 8.788177967071533203e-01
4.778779999999858774e+03 7.503194212913513184e-01
4.780259999999858337e+03 8.847103714942932129e-01
4.781739999999857901e+03 1.071136951446533203e+00
4.783219999999857464e+03 8.409136533737182617e-01
4.784699999999857027e+03 8.733370304107666016e-01
4.786179999999856591e+03 8.771249651908874512e-01
4.787659999999856154e+03 9.166132807731628418e-01
4.789139999999855718e+03 7.000883817672729492e-01
4.790619999999855281e+03 8.646072745323181152e-01
4.792099999999854845e+03 9.034048914909362793e-01
4.793579999999854408e+03 1.079229831695556641e+00
4.795059999999853972e+03 9.780978560447692871e-01
4.796539999999853535e+03 1.198270440101623535e+00
4.798019999999853098e+03 1.021185398101806641e+00
4.799499999999852662e+03 8.456002473831176758e-01
4.800979999999852225e+03 9.195182323455810547e-01
4.802459999999851789e+03 9.551432728767395020e-01
4.803939999999851352e+03 1.001550912857055664e+00
4.805419999999850916e+03 9.972741603851318359e-01
4.806899999999850479e+03 9.619194865226745605e-01
4.808379999999850043e+03 9.302757978439331055e-01
4.809859999999849606e+03 7.077013254165649414e-01
4.811339999999849169e+03 8.567273020744323730e-01
4.812819999999848733e+03 8.433967828750610352e-01
4.814299999999848296e+03 6.649228930473327637e-01
4.815779999999847860e+03 8.437876701354980469e-01
4.817259999999847423e+03 8.098905682563781738e-01
4.818739999999846987e+03 8.202345371246337891e-01
4.820219999999846550e+03 1.058000445365905762e+00
4.821699999999846113e+03 8.581838011741638184e-01
4.823179999999845677e+03 8.627480864524841309e-01
4.824659999999845240e+03 8.118668198585510254e-01
4.826139999999844804e+03 8.506335020065307617e-01
4.827619999999844367e+03 1.012453794479370117e+00
4.829099999999843931e+03 9.883260726928710938e-01
4.830579999999843494e+03 1.015800356864929199e+00
4.832059999999843058e+03 9.393475055694580078e-01
4.833539999999842621e+03 1.025636672973632812e+00
4.835019999999842184e+03 9.175487160682678223e-01
4.836499999999841748e+03 1.265818119049072266e+00
4.837979999999841311e+03 9.257019162178039551e-01
4.839459999999840875e+03 8.026630282402038574e-01
4.840939999999840438e+03 1.024854898452758789e+00
4.842419999999840002e+03 9.137597084045410156e-01
4.843899999999839565e+03 9.590428471565246582e-01
4.845379999999839129e+03 1.067015647888183594e+00
4.846859999999838692e+03 1.054388880729675293e+00
4.848339999999838255e+03 9.954899549484252930e-01
4.849819999999837819e+03 1.223900794982910156e+00
4.851299999999837382e+03 9.774034619331359863e-01
4.852779999999836946e+03 9.619632959365844727e-01
4.854259999999836509e+03 1.063590049743652344e+00
4.855739999999836073e+03 1.091506838798522949e+00
4.857219999999835636e+03 1.172785878181457520e+00
4.858699999999835200e+03 1.112091898918151855e+00
4.860179999999834763e+03 9.788774847984313965e-01
4.861659999999834326e+03 9.120128154754638672e-01
4.863139999999833890e+03 1.205434918403625488e+00
4.864619999999833453e+03 1.096717357635498047e+00
4.866099999999833017e+03 1.135282993316650391e+00
4.867579999999832580e+03 1.213867902755737305e+00
4.869059999999832144e+03 1.291523098945617676e+00
4.870539999999831707e+03 8.702452182769775391e-01
4.872019999999831271e+03 9.133220911026000977e-01
4.873499999999830834e+03 1.090919613838195801e+00
4.874979999999830397e+03 1.086428403854370117e+00
4.876459999999829961e+03 9.656531214714050293e-01
4.877939999999829524e+03 7.856706976890563965e-01
4.879419999999829088e+03 1.191910028457641602e+00
4.880899999999828651e+03 9.920197725296020508e-01
4.882379999999828215e+03 1.056201338768005371e+00
4.883859999999827778e+03 1.307595491409301758e+00
4.885339999999827342e+03 1.127313017845153809e+00
4.886819999999826905e+03 1.223077774047851562e+00
4.888299999999826468e+03 1.173906207084655762e+00
4.889779999999826032e+03 9.525431990623474121e-01
4.891259999999825595e+03 8.348541855812072754e-01
4.892739999999825159e+03 1.073009610176086426e+00
4.894219999999824722e+03 1.188995242118835449e+00
4.895699999999824286e+03 1.133627533912658691e+00
4.897179999999823849e+03 9.645944833755493164e-01
4.898659999999823413e+03 1.068607687950134277e+00
4.900139999999822976e+03 1.112261533737182617e+00
4.901619999999822539e+03 1.142250299453735352e+00
4.903099999999822103e+03 1.014035224914550781e+00
4.904579999999821666e+03 1.066318869590759277e+00
4.906059999999821230e+03 1.152210235595703125e+00
4.907539999999820793e+03 1.137337207794189453e+00
4.909019999999820357e+03 1.217873930931091309e+00
4.910499999999819920e+03 1.123703002929687500e+00
4.911979999999819483e+03 1.184121608734130859e+00
4.913459999999819047e+03 1.095919013023376465e+00
4.914939999999818610e+03 1.274713993072509766e+00
4.916419999999818174e+03 1.356423258781433105e+00
4.917899999999817737e+03 1.301957130432128906e+00
4.919379999999817301e+03 1.101142406463623047e+00
4.920859999999816864e+03 1.183970570564270020e+00
4.922339999999816428e+03 1.178841471672058105e+00
4.923819999999815991e+03 9.088472723960876465e-01
4.925299999999815554e+03 1.195813894271850586e+00
4.926779999999815118e+03 1.214683890342712402e+00
4.928259999999814681e+03 1.192970395088195801e+00
4.929739999999814245e+03 1.194997072219848633e+00
4.931219999999813808e+03 1.315052628517150879e+00
4.932699999999813372e+03 1.092858433723449707e+00
4.934179999999812935e+03 1.067989468574523926e+00
4.935659999999812499e+03 1.383557796478271484e+00
4.937139999999812062e+03 1.056129097938537598e+00
4.938619999999811625e+03 1.012223243713378906e+00
4.940099999999811189e+03 1.109966278076171875e+00
4.941579999999810752e+03 1.082967519760131836e+00
4.943059999999810316e+03 1.132691860198974609e+00
4.944539999999809879e+03 1.293134331703186035e+00
4.946019999999809443e+03 1.195674180984497070e+00
4.947499999999809006e+03 1.244502067565917969e+00
4.948979999999808570e+03 1.132417082786560059e+00
4.950459999999808133e+03 1.297491669654846191e+00
4.951939999999807696e+03 1.271838307380676270e+00
4.953419999999807260e+03 1.190233349800109863e+00
4.954899999999806823e+03 1.402433753013610840e+00
4.956379999999806387e+03 8.766700625419616699e-01
4.957859999999805950e+03 1.067267537117004395e+00
4.959339999999805514e+03 1.498235702514648438e+00
4.960819999999805077e+03 1.206643462181091309e+00
4.962299999999804641e+03 1.044688463211059570e+00
4.963779999999804204e+03 1.237504601478576660e+00
4.965259999999803767e+03 1.357397675514221191e+00
4.966739999999803331e+03 1.172604441642761230e+00
4.968219999999802894e+03 1.127151966094970703e+00
4.969699999999802458e+03 1.010040044784545898e+00
4.971179999999802021e+03 1.141769766807556152e+00
4.972659999999801585e+03 1.072125077247619629e+00
4.974139999999801148e+03 2.862882852554321289e+00
4.975619999999800712e+03 9.823801994323730469e+00
4.977099999999800275e+03 1.111090660095214844e+01
4.978579999999799838e+03 3.833345890045166016e+00
4.980059999999799402e+03 1.114614605903625488e+00
4.981539999999798965e+03 1.009737372398376465e+00
4.983019999999798529e+03 1.024881482124328613e+00
4.984499999999798092e+03 1.181206464767456055e+00
4.985979999999797656e+03 1.297383546829223633e+00
4.987459999999797219e+03 1.093534231185913086e+00
4.988939999999796783e+03 1.089845538139343262e+00
4.990419999999796346e+03 1.035406589508056641e+00
4.991899999999795909e+03 1.168418645858764648e+00
4.993379999999795473e+03 1.140790104866027832e+00
4.994859999999795036e+03 1.685753107070922852e+00
4.996339999999794600e+03 1.368500947952270508e+00
4.997819999999794163e+03 1.281138777732849121e+00
4.999299999999793727e+03 1.283612966537475586e+00
5.000779999999793290e+03 1.024783968925476074e+00
5.002259999999792853e+03 1.310504913330078125e+00
5.003739999999792417e+03 1.468166351318359375e+00
5.005219999999791980e+03 1.255950331687927246e+00
5.006699999999791544e+03 1.311226725578308105e+00
5.008179999999791107e+03 1.267807245254516602e+00
5.009659999999790671e+03 1.171471476554870605e+00
5.011139999999790234e+03 1.570152640342712402e+00
5.012619999999789798e+03 1.359527826309204102e+00
5.014099999999789361e+03 1.313017606735229492e+00
5.015579999999788924e+03 1.478374719619750977e+00
5.017059999999788488e+03 1.332104444503784180e+00
5.018539999999788051e+03 1.268517255783081055e+00
5.020019999999787615e+03 1.480916380882263184e+00
5.021499999999787178e+03 1.474264740943908691e+00
5.022979999999786742e+03 1.355061411857604980e+00
5.024459999999786305e+03 1.301408767700195312e+00
5.025939999999785869e+03 1.377883553504943848e+00
5.027419999999785432e+03 1.427750706672668457e+00
5.028899999999784995e+03 1.508127570152282715e+00
5.030379999999784559e+03 1.484034895896911621e+00
5.031859999999784122e+03 1.514508485794067383e+00
5.033339999999783686e+03 1.487291812896728516e+00
5.034819999999783249e+03 1.265874385833740234e+00
5.036299999999782813e+03 1.157067894935607910e+00
5.037779999999782376e+03 1.383441209793090820e+00
5.039259999999781940e+03 1.357495784759521484e+00
5.040739999999781503e+03 1.138373732566833496e+00
5.042219999999781066e+03 1.451925516128540039e+00
5.043699999999780630e+03 1.593504905700683594e+00
5.045179999999780193e+03 1.560156106948852539e+00
5.046659999999779757e+03 1.427750349044799805e+00
5.048139999999779320e+03 1.400981664657592773e+00
5.049619999999778884e+03 1.457752943038940430e+00
5.051099999999778447e+03 1.350803613662719727e+00
5.052579999999778011e+03 1.349544882774353027e+00
5.054059999999777574e+03 1.486672282218933105e+00
5.055539999999777137e+03 1.366510272026062012e+00
5.057019999999776701e+03 1.321191430091857910e+00
5.058499999999776264e+03 1.337683916091918945e+00
5.059979999999775828e+03 1.472547769546508789e+00
5.061459999999775391e+03 1.491933465003967285e+00
5.062939999999774955e+03 1.387902736663818359e+00
5.064419999999774518e+03 1.323683261871337891e+00
5.065899999999774082e+03 1.558083534240722656e+00
5.067379999999773645e+03 1.458204984664916992e+00
5.068859999999773208e+03 1.552734851837158203e+00
5.070339999999772772e+03 1.502658843994140625e+00
5.071819999999772335e+03 1.483249783515930176e+00
5.073299999999771899e+03 1.643811106681823730e+00
5.074779999999771462e+03 3.332619905471801758e+00
5.076259999999771026e+03 5.260282039642333984e+00
5.077739999999770589e+03 4.084588527679443359e+00
5.079219999999770152e+03 1.624764442443847656e+00
5.080699999999769716e+03 1.535220384597778320e+00
5.082179999999769279e+03 1.500468015670776367e+00
5.083659999999768843e+03 1.522061944007873535e+00
5.085139999999768406e+03 1.714941620826721191e+00
5.086619999999767970e+03 1.560475826263427734e+00
5.088099999999767533e+03 1.419515013694763184e+00
5.089579999999767097e+03 1.590175628662109375e+00
5.091059999999766660e+03 1.544618844985961914e+00
5.092539999999766223e+03 1.534164428710937500e+00
5.094019999999765787e+03 1.726469159126281738e+00
5.095499999999765350e+03 1.396068096160888672e+00
5.096979999999764914e+03 1.471819996833801270e+00
5.098459999999764477e+03 1.437872886657714844e+00
5.099939999999764041e+03 1.456823348999023438e+00
5.101419999999763604e+03 1.513356924057006836e+00
5.102899999999763168e+03 1.651886463165283203e+00
5.104379999999762731e+03 1.781588315963745117e+00
5.105859999999762294e+03 1.615909576416015625e+00
5.107339999999761858e+03 1.311399698257446289e+00
5.108819999999761421e+03 1.451066017150878906e+00
5.110299999999760985e+03 1.527344465255737305e+00
5.111779999999760548e+03 1.544400215148925781e+00
5.113259999999760112e+03 1.541154384613037109e+00
5.114739999999759675e+03 1.578348994255065918e+00
5.116219999999759239e+03 1.720933318138122559e+00
5.117699999999758802e+03 1.429195761680603027e+00
5.119179999999758365e+03 1.411085247993469238e+00
5.120659999999757929e+03 1.297629833221435547e+00
5.122139999999757492e+03 1.604063034057617188e+00
5.123619999999757056e+03 6.462916851043701172e+00
5.125099999999756619e+03 1.305572795867919922e+01
5.126579999999756183e+03 1.014303493499755859e+01
5.128059999999755746e+03 2.692799329757690430e+00
5.129539999999755310e+03 1.416840195655822754e+00
5.131019999999754873e+03 1.428241729736328125e+00
5.132499999999754436e+03 1.667332172393798828e+00
5.133979999999754000e+03 1.752651214599609375e+00
5.135459999999753563e+03 1.576583981513977051e+00
5.136939999999753127e+03 1.528099775314331055e+00
5.138419999999752690e+03 1.608349800109863281e+00
5.139899999999752254e+03 1.756875634193420410e+00
5.141379999999751817e+03 1.569479346275329590e+00
5.142859999999751381e+03 1.580166816711425781e+00
5.144339999999750944e+03 1.631473541259765625e+00
5.145819999999750507e+03 1.479082465171813965e+00
5.147299999999750071e+03 1.405729413032531738e+00
5.148779999999749634e+03 1.439695954322814941e+00
5.150259999999749198e+03 1.680924415588378906e+00
5.151739999999748761e+03 1.560388922691345215e+00
5.153219999999748325e+03 1.590898036956787109e+00
5.154699999999747888e+03 1.656542301177978516e+00
5.156179999999747452e+03 1.658927798271179199e+00
5.157659999999747015e+03 1.490072488784790039e+00
5.159139999999746578e+03 1.540711641311645508e+00
5.160619999999746142e+03 1.468355298042297363e+00
5.162099999999745705e+03 1.680466294288635254e+00
5.163579999999745269e+03 1.729092359542846680e+00
5.165059999999744832e+03 1.603737115859985352e+00
5.166539999999744396e+03 1.398101687431335449e+00
5.168019999999743959e+03 1.481754541397094727e+00
5.169499999999743522e+03 1.698037981986999512e+00
5.170979999999743086e+03 1.402558803558349609e+00
5.172459999999742649e+03 1.361403942108154297e+00
5.173939999999742213e+03 1.767293214797973633e+00
5.175419999999741776e+03 1.877173662185668945e+00
5.176899999999741340e+03 1.647262215614318848e+00
5.178379999999740903e+03 1.554306507110595703e+00
5.179859999999740467e+03 1.728125929832458496e+00
5.181339999999740030e+03 1.684839367866516113e+00
5.182819999999739593e+03 1.468806743621826172e+00
5.184299999999739157e+03 1.399928450584411621e+00
5.185779999999738720e+03 1.739951848983764648e+00
5.187259999999738284e+03 1.562926530838012695e+00
5.188739999999737847e+03 1.567323923110961914e+00
5.190219999999737411e+03 1.650829076766967773e+00
5.191699999999736974e+03 1.457699418067932129e+00
5.193179999999736538e+03 1.605766415596008301e+00
5.194659999999736101e+03 1.622500658035278320e+00
5.196139999999735664e+03 1.570442438125610352e+00
5.197619999999735228e+03 1.612304806709289551e+00
5.199099999999734791e+03 1.753153204917907715e+00
5.200579999999734355e+03 1.651525378227233887e+00
5.202059999999733918e+03 1.546167492866516113e+00
5.203539999999733482e+03 1.671327829360961914e+00
5.205019999999733045e+03 1.588222503662109375e+00
5.206499999999732609e+03 1.522295355796813965e+00
5.207979999999732172e+03 1.384061932563781738e+00
5.209459999999731735e+03 1.463116884231567383e+00
5.210939999999731299e+03 1.790775537490844727e+00
5.212419999999730862e+03 1.616196990013122559e+00
5.213899999999730426e+03 1.647482037544250488e+00
5.215379999999729989e+03 1.672003626823425293e+00
5.216859999999729553e+03 1.566318154335021973e+00
5.218339999999729116e+03 1.636417150497436523e+00
5.219819999999728680e+03 1.486854434013366699e+00
5.221299999999728243e+03 1.590931177139282227e+00
5.222779999999727806e+03 1.576178669929504395e+00
5.224259999999727370e+03 1.690315008163452148e+00
5.225739999999726933e+03 1.624869704246520996e+00
5.227219999999726497e+03 1.501940250396728516e+00
5.228699999999726060e+03 1.754283666610717773e+00
5.230179999999725624e+03 1.684346556663513184e+00
5.231659999999725187e+03 1.566468715667724609e+00
5.233139999999724751e+03 1.702537417411804199e+00
5.234619999999724314e+03 1.488822579383850098e+00
5.236099999999723877e+03 1.643443465232849121e+00
5.237579999999723441e+03 1.598790645599365234e+00
5.239059999999723004e+03 1.556753396987915039e+00
5.240539999999722568e+03 1.723299145698547363e+00
5.242019999999722131e+03 1.564983606338500977e+00
5.243499999999721695e+03 1.608275532722473145e+00
5.244979999999721258e+03 1.755247592926025391e+00
5.246459999999720822e+03 1.490355968475341797e+00
5.247939999999720385e+03 1.489834070205688477e+00
5.249419999999719948e+03 1.469619035720825195e+00
5.250899999999719512e+03 1.500796318054199219e+00
5.252379999999719075e+03 1.411360502243041992e+00
5.253859999999718639e+03 1.666830539703369141e+00
5.255339999999718202e+03 1.832140088081359863e+00
5.256819999999717766e+03 1.746156454086303711e+00
5.258299999999717329e+03 1.723062992095947266e+00
5.259779999999716892e+03 1.864270448684692383e+00
5.261259999999716456e+03 1.806302785873413086e+00
5.262739999999716019e+03 1.695582151412963867e+00
5.264219999999715583e+03 1.430355072021484375e+00
5.265699999999715146e+03 1.546483397483825684e+00
5.267179999999714710e+03 1.660672545433044434e+00
5.268659999999714273e+03 1.335651159286499023e+00
5.270139999999713837e+03 1.514475941658020020e+00
5.271619999999713400e+03 1.499216079711914062e+00
5.273099999999712963e+03 1.733798146247863770e+00
5.274579999999712527e+03 1.402640223503112793e+00
5.276059999999712090e+03 1.592282295227050781e+00
5.277539999999711654e+03 1.719643354415893555e+00
5.279019999999711217e+03 1.543634653091430664e+00
5.280499999999710781e+03 1.516033291816711426e+00
5.281979999999710344e+03 1.506844878196716309e+00
5.283459999999709908e+03 1.395652532577514648e+00
5.284939999999709471e+03 1.531018972396850586e+00
5.286419999999709034e+03 1.618373274803161621e+00
5.287899999999708598e+03 1.428128123283386230e+00
5.289379999999708161e+03 1.452841520309448242e+00
5.290859999999707725e+03 1.546854138374328613e+00
5.292339999999707288e+03 1.530305981636047363e+00
5.293819999999706852e+03 1.515460133552551270e+00
5.295299999999706415e+03 1.480210661888122559e+00
5.296779999999705979e+03 1.580332040786743164e+00
5.298259999999705542e+03 1.703812360763549805e+00
5.299739999999705105e+03 1.598081707954406738e+00
5.301219999999704669e+03 1.519178390502929688e+00
5.302699999999704232e+03 1.491235017776489258e+00
5.304179999999703796e+03 1.523504734039306641e+00
5.305659999999703359e+03 1.528879284858703613e+00
5.307139999999702923e+03 1.644614577293395996e+00
5.308619999999702486e+03 1.620154738426208496e+00
5.310099999999702050e+03 1.574415564537048340e+00
5.311579999999701613e+03 1.716136574745178223e+00
5.313059999999701176e+03 1.614596724510192871e+00
5.314539999999700740e+03 1.542561411857604980e+00
5.316019999999700303e+03 1.369158864021301270e+00
5.317499999999699867e+03 1.673274040222167969e+00
5.318979999999699430e+03 1.728520512580871582e+00
5.320459999999698994e+03 1.712147235870361328e+00
5.321939999999698557e+03 1.702380657196044922e+00
5.323419999999698121e+03 1.624305605888366699e+00
5.324899999999697684e+03 1.704616427421569824e+00
5.326379999999697247e+03 1.672739863395690918e+00
5.327859999999696811e+03 1.396544218063354492e+00
5.329339999999696374e+03 1.745078325271606445e+00
5.330819999999695938e+03 1.816232085227966309e+00
5.332299999999695501e+03 1.637672185897827148e+00
5.333779999999695065e+03 1.674336075782775879e+00
5.335259999999694628e+03 1.578260183334350586e+00
5.336739999999694192e+03 1.525388598442077637e+00
5.338219999999693755e+03 1.471516132354736328e+00
5.339699999999693318e+03 1.487441658973693848e+00
5.341179999999692882e+03 1.508254528045654297e+00
5.342659999999692445e+03 1.672579169273376465e+00
5.344139999999692009e+03 1.619737625122070312e+00
5.345619999999691572e+03 1.595742225646972656e+00
5.347099999999691136e+03 1.664569616317749023e+00
5.348579999999690699e+03 1.420442938804626465e+00
5.350059999999690262e+03 1.369482398033142090e+00
5.351539999999689826e+03 1.665069103240966797e+00
5.353019999999689389e+03 1.457934021949768066e+00
5.354499999999688953e+03 1.599348902702331543e+00
5.355979999999688516e+03 1.592849373817443848e+00
5.357459999999688080e+03 1.553392291069030762e+00
5.358939999999687643e+03 1.487722635269165039e+00
5.360419999999687207e+03 1.594483613967895508e+00
5.361899999999686770e+03 1.600350379943847656e+00
5.363379999999686333e+03 1.627920150756835938e+00
5.364859999999685897e+03 1.580424070358276367e+00
5.366339999999685460e+03 1.755630493164062500e+00
5.367819999999685024e+03 1.917513966560363770e+00
5.369299999999684587e+03 1.686293244361877441e+00
5.370779999999684151e+03 1.574575543403625488e+00
5.372259999999683714e+03 1.739076137542724609e+00
5.373739999999683278e+03 1.568093776702880859e+00
5.375219999999682841e+03 1.474186420440673828e+00
5.376699999999682404e+03 1.649710178375244141e+00
5.378179999999681968e+03 1.578065991401672363e+00
5.379659999999681531e+03 1.517534494400024414e+00
5.381139999999681095e+03 1.547242641448974609e+00
5.382619999999680658e+03 1.490897417068481445e+00
5.384099999999680222e+03 1.546389579772949219e+00
5.385579999999679785e+03 1.691212415695190430e+00
5.387059999999679349e+03 1.742400765419006348e+00
5.388539999999678912e+03 1.587053418159484863e+00
5.390019999999678475e+03 1.399133205413818359e+00
5.391499999999678039e+03 1.432120442390441895e+00
5.392979999999677602e+03 1.463933944702148438e+00
5.394459999999677166e+03 1.548789024353027344e+00
5.395939999999676729e+03 1.483003020286560059e+00
5.397419999999676293e+03 1.598640441894531250e+00
5.398899999999675856e+03 1.525401353836059570e+00
5.400379999999675420e+03 1.503285646438598633e+00
5.401859999999674983e+03 1.617502212524414062e+00
5.403339999999674546e+03 1.537997961044311523e+00
5.404819999999674110e+03 1.392838120460510254e+00
5.406299999999673673e+03 1.565438628196716309e+00
5.407779999999673237e+03 1.768246412277221680e+00
5.409259999999672800e+03 1.673411250114440918e+00
5.410739999999672364e+03 1.579445481300354004e+00
5.412219999999671927e+03 1.641491174697875977e+00
5.413699999999671491e+03 1.690175175666809082e+00
5.415179999999671054e+03 1.816161870956420898e+00
5.416659999999670617e+03 1.674268841743469238e+00
5.418139999999670181e+03 1.583196759223937988e+00
5.419619999999669744e+03 1.535061597824096680e+00
5.421099999999669308e+03 1.639837384223937988e+00
5.422579999999668871e+03 1.459583640098571777e+00
5.424059999999668435e+03 1.373270273208618164e+00
5.425539999999667998e+03 1.485074877738952637e+00
5.427019999999667561e+03 1.626948356628417969e+00
5.428499999999667125e+03 1.562067270278930664e+00
5.429979999999666688e+03 1.572145938873291016e+00
5.431459999999666252e+03 1.666964411735534668e+00
5.432939999999665815e+03 1.583222866058349609e+00
5.434419999999665379e+03 1.621483683586120605e+00
5.435899999999664942e+03 1.740315675735473633e+00
5.437379999999664506e+03 1.694219231605529785e+00
5.438859999999664069e+03 1.774085044860839844e+00
5.440339999999663632e+03 1.644927263259887695e+00
5.441819999999663196e+03 1.628471374511718750e+00
5.443299999999662759e+03 1.702192306518554688e+00
5.444779999999662323e+03 1.493831276893615723e+00
5.446259999999661886e+03 1.365383386611938477e+00
5.447739999999661450e+03 1.596247553825378418e+00
5.449219999999661013e+03 1.509651899337768555e+00
5.450699999999660577e+03 1.324322342872619629e+00
5.452179999999660140e+03 1.388241052627563477e+00
5.453659999999659703e+03 1.481177687644958496e+00
5.455139999999659267e+03 1.422508001327514648e+00
5.456619999999658830e+03 1.413066029548645020e+00
5.458099999999658394e+03 1.640389204025268555e+00
5.459579999999657957e+03 1.706135749816894531e+00
5.461059999999657521e+03 1.556460618972778320e+00
5.462539999999657084e+03 1.488809347152709961e+00
5.464019999999656648e+03 1.676240921020507812e+00
5.465499999999656211e+03 1.593146681785583496e+00
5.466979999999655774e+03 1.583891630172729492e+00
5.468459999999655338e+03 1.673269152641296387e+00
5.469939999999654901e+03 1.661440014839172363e+00
5.471419999999654465e+03 1.698169946670532227e+00
5.472899999999654028e+03 1.599553942680358887e+00
5.474379999999653592e+03 1.516587138175964355e+00
5.475859999999653155e+03 1.476763486862182617e+00
5.477339999999652719e+03 1.428106307983398438e+00
5.478819999999652282e+03 1.495815753936767578e+00
5.480299999999651845e+03 1.579401612281799316e+00
5.481779999999651409e+03 1.493731021881103516e+00
5.483259999999650972e+03 1.617291331291198730e+00
5.484739999999650536e+03 1.657878994941711426e+00
5.486219999999650099e+03 1.576428413391113281e+00
5.487699999999649663e+03 1.570156931877136230e+00
5.489179999999649226e+03 1.494155883789062500e+00
5.490659999999648790e+03 1.627685666084289551e+00
5.492139999999648353e+03 1.592984318733215332e+00
5.493619999999647916e+03 1.513424396514892578e+00
5.495099999999647480e+03 1.490925669670104980e+00
5.496579999999647043e+03 1.488234162330627441e+00
5.498059999999646607e+03 1.449987769126892090e+00
5.499539999999646170e+03 1.665132999420166016e+00
5.501019999999645734e+03 1.735663890838623047e+00
5.502499999999645297e+03 1.696815967559814453e+00
5.503979999999644861e+03 1.618549466133117676e+00
5.505459999999644424e+03 1.557447910308837891e+00
5.506939999999643987e+03 1.490437626838684082e+00
5.508419999999643551e+03 1.690983891487121582e+00
5.509899999999643114e+03 1.400831699371337891e+00
5.511379999999642678e+03 1.378077268600463867e+00
5.512859999999642241e+03 1.503317832946777344e+00
5.514339999999641805e+03 1.655496478080749512e+00
5.515819999999641368e+03 1.519552350044250488e+00
5.517299999999640931e+03 1.479583621025085449e+00
5.518779999999640495e+03 1.687608122825622559e+00
5.520259999999640058e+03 1.596123814582824707e+00
5.521739999999639622e+03 1.519002437591552734e+00
5.523219999999639185e+03 1.542400956153869629e+00
5.524699999999638749e+03 1.632206678390502930e+00
5.526179999999638312e+03 1.658001184463500977e+00
5.527659999999637876e+03 1.585933446884155273e+00
5.529139999999637439e+03 1.587013244628906250e+00
5.530619999999637002e+03 1.573300123214721680e+00
5.532099999999636566e+03 1.511711359024047852e+00
5.533579999999636129e+03 1.550959467887878418e+00
5.535059999999635693e+03 1.589321970939636230e+00
5.536539999999635256e+03 1.522554516792297363e+00
5.538019999999634820e+03 1.494477510452270508e+00
5.539499999999634383e+03 1.575454711914062500e+00
5.540979999999633947e+03 1.512683153152465820e+00
5.542459999999633510e+03 1.430568218231201172e+00
5.543939999999633073e+03 1.484629631042480469e+00
5.545419999999632637e+03 1.580724120140075684e+00
5.546899999999632200e+03 1.435262680053710938e+00
5.548379999999631764e+03 1.402554035186767578e+00
5.549859999999631327e+03 1.501466035842895508e+00
5.551339999999630891e+03 1.465499043464660645e+00
5.552819999999630454e+03 1.402793288230895996e+00
5.554299999999630018e+03 1.612559080123901367e+00
5.555779999999629581e+03 1.647070050239562988e+00
5.557259999999629144e+03 1.543101549148559570e+00
5.558739999999628708e+03 1.537798166275024414e+00
5.560219999999628271e+03 1.284115195274353027e+00
5.561699999999627835e+03 1.517494916915893555e+00
5.563179999999627398e+03 1.527044773101806641e+00
5.564659999999626962e+03 1.466854929924011230e+00
5.566139999999626525e+03 1.479544162750244141e+00
5.567619999999626089e+03 1.558596372604370117e+00
5.569099999999625652e+03 1.685128331184387207e+00
5.570579999999625215e+03 1.585751652717590332e+00
5.572059999999624779e+03 1.447661638259887695e+00
5.573539999999624342e+03 1.233268857002258301e+00
5.575019999999623906e+03 7.924267053604125977e-01
5.576499999999623469e+03 2.145102024078369141e+00
5.577979999999623033e+03 2.212099075317382812e+00
5.579459999999622596e+03 1.168136239051818848e+00
5.580939999999622160e+03 1.604978799819946289e+00
5.582419999999621723e+03 1.556853890419006348e+00
5.583899999999621286e+03 1.623611807823181152e+00
5.585379999999620850e+03 1.536823272705078125e+00
5.586859999999620413e+03 1.493603706359863281e+00
5.588339999999619977e+03 1.514873385429382324e+00
5.589819999999619540e+03 1.453131914138793945e+00
5.591299999999619104e+03 1.389270424842834473e+00
5.592779999999618667e+03 1.479445695877075195e+00
5.594259999999618231e+03 1.425020217895507812e+00
5.595739999999617794e+03 1.420881509780883789e+00
5.597219999999617357e+03 1.449045181274414062e+00
5.598699999999616921e+03 1.532928109169006348e+00
5.600179999999616484e+03 1.372129797935485840e+00
5.601659999999616048e+03 1.261631131172180176e+00
5.603139999999615611e+03 1.476116538047790527e+00
5.604619999999615175e+03 1.485810279846191406e+00
5.606099999999614738e+03 1.487288713455200195e+00
5.607579999999614301e+03 1.349091291427612305e+00
5.609059999999613865e+03 1.493458032608032227e+00
5.610539999999613428e+03 1.345670223236083984e+00
5.612019999999612992e+03 1.324588656425476074e+00
5.613499999999612555e+03 1.481353759765625000e+00
5.614979999999612119e+03 1.234061598777770996e+00
5.616459999999611682e+03 1.249522089958190918e+00
5.617939999999611246e+03 1.467929482460021973e+00
5.619419999999610809e+03 1.449160814285278320e+00
5.620899999999610372e+03 1.464114427566528320e+00
5.622379999999609936e+03 1.434552788734436035e+00
5.623859999999609499e+03 1.424916744232177734e+00
5.625339999999609063e+03 1.367315649986267090e+00
5.626819999999608626e+03 1.441057682037353516e+00
5.628299999999608190e+03 1.444918870925903320e+00
5.629779999999607753e+03 1.478460907936096191e+00
5.631259999999607317e+03 1.472197771072387695e+00
5.632739999999606880e+03 1.555228471755981445e+00
5.634219999999606443e+03 1.477372407913208008e+00
5.635699999999606007e+03 1.525161027908325195e+00
5.637179999999605570e+03 1.501612544059753418e+00
5.638659999999605134e+03 1.502613544464111328e+00
5.640139999999604697e+03 1.555046796798706055e+00
5.641619999999604261e+03 1.460035681724548340e+00
5.643099999999603824e+03 1.605957388877868652e+00
5.644579999999603388e+03 1.571499466896057129e+00
5.646059999999602951e+03 1.562869310379028320e+00
5.647539999999602514e+03 1.565848350524902344e+00
5.649019999999602078e+03 1.528001070022583008e+00
5.650499999999601641e+03 1.499877810478210449e+00
5.651979999999601205e+03 1.383685708045959473e+00
5.653459999999600768e+03 1.493857502937316895e+00
5.654939999999600332e+03 1.542191743850708008e+00
5.656419999999599895e+03 1.514976859092712402e+00
5.657899999999599459e+03 1.466005563735961914e+00
5.659379999999599022e+03 1.459757685661315918e+00
5.660859999999598585e+03 1.343544960021972656e+00
5.662339999999598149e+03 1.292182445526123047e+00
5.663819999999597712e+03 1.404263257980346680e+00
5.665299999999597276e+03 1.383952736854553223e+00
5.666779999999596839e+03 1.315085768699645996e+00
5.668259999999596403e+03 1.345875978469848633e+00
5.669739999999595966e+03 1.431542754173278809e+00
5.671219999999595530e+03 1.375005483627319336e+00
5.672699999999595093e+03 1.381748199462890625e+00
5.674179999999594656e+03 1.323403716087341309e+00
5.675659999999594220e+03 1.374374389648437500e+00
5.677139999999593783e+03 1.489888787269592285e+00
5.678619999999593347e+03 1.402979373931884766e+00
5.680099999999592910e+03 1.366256713867187500e+00
5.681579999999592474e+03 1.329812765121459961e+00
5.683059999999592037e+03 1.331572532653808594e+00
5.684539999999591600e+03 1.590978741645812988e+00
5.686019999999591164e+03 1.515963077545166016e+00
5.687499999999590727e+03 1.447903037071228027e+00
5.688979999999590291e+03 1.406129002571105957e+00
5.690459999999589854e+03 1.359629750251770020e+00
5.691939999999589418e+03 1.416620969772338867e+00
5.693419999999588981e+03 1.411210298538208008e+00
5.694899999999588545e+03 1.485234379768371582e+00
5.696379999999588108e+03 1.509046196937561035e+00
5.697859999999587671e+03 1.353630781173706055e+00
5.699339999999587235e+03 1.327942967414855957e+00
5.700819999999586798e+03 1.396909356117248535e+00
5.702299999999586362e+03 1.468119740486145020e+00
5.703779999999585925e+03 1.387158155441284180e+00
5.705259999999585489e+03 1.347384572029113770e+00
5.706739999999585052e+03 1.390638232231140137e+00
5.708219999999584616e+03 1.374253273010253906e+00
5.709699999999584179e+03 1.421017169952392578e+00
5.711179999999583742e+03 1.237462759017944336e+00
5.712659999999583306e+03 1.430358648300170898e+00
5.714139999999582869e+03 1.282268881797790527e+00
5.715619999999582433e+03 1.408275961875915527e+00
5.717099999999581996e+03 1.365247368812561035e+00
5.718579999999581560e+03 1.239923000335693359e+00
5.720059999999581123e+03 1.353395104408264160e+00
5.721539999999580687e+03 1.330273389816284180e+00
5.723019999999580250e+03 1.426988482475280762e+00
5.724499999999579813e+03 1.486958146095275879e+00
5.725979999999579377e+03 1.261251807212829590e+00
5.727459999999578940e+03 1.341192722320556641e+00
5.728939999999578504e+03 1.499665021896362305e+00
5.730419999999578067e+03 1.385498881340026855e+00
5.731899999999577631e+03 1.363033771514892578e+00
5.733379999999577194e+03 1.263756036758422852e+00
5.734859999999576758e+03 1.309495329856872559e+00
5.736339999999576321e+03 1.473642349243164062e+00
5.737819999999575884e+03 1.573599934577941895e+00
5.739299999999575448e+03 1.455366373062133789e+00
5.740779999999575011e+03 1.518503665924072266e+00
5.742259999999574575e+03 1.390712022781372070e+00
5.743739999999574138e+03 1.398140430450439453e+00
5.745219999999573702e+03 1.477592349052429199e+00
5.746699999999573265e+03 1.487388253211975098e+00
5.748179999999572829e+03 1.293945908546447754e+00
5.749659999999572392e+03 1.319609284400939941e+00
5.751139999999571955e+03 1.451686978340148926e+00
5.752619999999571519e+03 1.423107624053955078e+00
5.754099999999571082e+03 1.432542085647583008e+00
5.755579999999570646e+03 1.481595039367675781e+00
5.757059999999570209e+03 1.322843074798583984e+00
5.758539999999569773e+03 1.244736671447753906e+00
5.760019999999569336e+03 1.448323965072631836e+00
5.761499999999568900e+03 1.293189048767089844e+00
5.762979999999568463e+03 1.252392649650573730e+00
5.764459999999568026e+03 1.363967537879943848e+00
5.765939999999567590e+03 1.475892424583435059e+00
5.767419999999567153e+03 1.498222947120666504e+00
5.768899999999566717e+03 1.445439696311950684e+00
5.770379999999566280e+03 1.505397677421569824e+00
5.771859999999565844e+03 1.482235074043273926e+00
5.773339999999565407e+03 1.413398265838623047e+00
5.774819999999564970e+03 1.305125951766967773e+00
5.776299999999564534e+03 1.299475908279418945e+00
5.777779999999564097e+03 1.438445091247558594e+00
5.779259999999563661e+03 1.437874078750610352e+00
5.780739999999563224e+03 1.327217698097229004e+00
5.782219999999562788e+03 1.507826566696166992e+00
5.783699999999562351e+03 1.335776209831237793e+00
5.785179999999561915e+03 1.331425070762634277e+00
5.786659999999561478e+03 1.369963884353637695e+00
5.788139999999561041e+03 1.453555703163146973e+00
5.789619999999560605e+03 1.488859772682189941e+00
5.791099999999560168e+03 1.387554287910461426e+00
5.792579999999559732e+03 1.412387371063232422e+00
5.794059999999559295e+03 1.396063804626464844e+00
5.795539999999558859e+03 1.397578954696655273e+00
5.797019999999558422e+03 1.328432083129882812e+00
5.798499999999557986e+03 1.366413831710815430e+00
5.799979999999557549e+03 1.420572996139526367e+00
5.801459999999557112e+03 1.445187330245971680e+00
5.802939999999556676e+03 1.424558639526367188e+00
5.804419999999556239e+03 1.504486203193664551e+00
5.805899999999555803e+03 1.485379815101623535e+00
5.807379999999555366e+03 1.359397053718566895e+00
5.808859999999554930e+03 1.399333119392395020e+00
5.810339999999554493e+03 1.338602304458618164e+00
5.811819999999554057e+03 1.422629356384277344e+00
5.813299999999553620e+03 1.531624794006347656e+00
5.814779999999553183e+03 1.336852192878723145e+00
5.816259999999552747e+03 1.403443932533264160e+00
5.817739999999552310e+03 1.349560260772705078e+00
5.819219999999551874e+03 1.346752285957336426e+00
5.820699999999551437e+03 1.410744547843933105e+00
5.822179999999551001e+03 1.498707294464111328e+00
5.823659999999550564e+03 1.345648765563964844e+00
5.825139999999550128e+03 1.342131972312927246e+00
5.826619999999549691e+03 1.394483089447021484e+00
5.828099999999549254e+03 1.403430104255676270e+00
5.829579999999548818e+03 1.447299122810363770e+00
5.831059999999548381e+03 1.356670737266540527e+00
5.832539999999547945e+03 1.272090673446655273e+00
5.834019999999547508e+03 1.424923300743103027e+00
5.835499999999547072e+03 1.466088056564331055e+00
5.836979999999546635e+03 1.391501665115356445e+00
5.838459999999546199e+03 1.336321353912353516e+00
5.839939999999545762e+03 1.339101314544677734e+00
5.841419999999545325e+03 1.429772615432739258e+00
5.842899999999544889e+03 1.436774373054504395e+00
5.844379999999544452e+03 1.380226850509643555e+00
5.845859999999544016e+03 1.364684939384460449e+00
5.847339999999543579e+03 1.381482601165771484e+00
5.848819999999543143e+03 1.452668905258178711e+00
5.850299999999542706e+03 1.468848109245300293e+00
5.851779999999542270e+03 1.385200977325439453e+00
5.853259999999541833e+03 1.359601140022277832e+00
5.854739999999541396e+03 1.412753105163574219e+00
5.856219999999540960e+03 1.369474053382873535e+00
5.857699999999540523e+03 1.386373519897460938e+00
5.859179999999540087e+03 1.424955964088439941e+00
5.860659999999539650e+03 1.400069236755371094e+00
5.862139999999539214e+03 1.311259508132934570e+00
5.863619999999538777e+03 1.419104814529418945e+00
5.865099999999538340e+03 1.507377982139587402e+00
5.866579999999537904e+03 1.470169186592102051e+00
5.868059999999537467e+03 1.433593511581420898e+00
5.869539999999537031e+03 1.396438956260681152e+00
5.871019999999536594e+03 1.485243797302246094e+00
5.872499999999536158e+03 1.541981101036071777e+00
5.873979999999535721e+03 1.545488595962524414e+00
5.875459999999535285e+03 1.515046358108520508e+00
5.876939999999534848e+03 1.515988230705261230e+00
5.878419999999534411e+03 1.500331521034240723e+00
5.879899999999533975e+03 1.429723978042602539e+00
5.881379999999533538e+03 1.466321468353271484e+00
5.882859999999533102e+03 1.500648260116577148e+00
5.884339999999532665e+03 1.403842687606811523e+00
5.885819999999532229e+03 1.331716775894165039e+00
5.887299999999531792e+03 1.274090290069580078e+00
5.888779999999531356e+03 1.380950093269348145e+00
5.890259999999530919e+03 1.734691858291625977e+00
5.891739999999530482e+03 1.597405672073364258e+00
5.893219999999530046e+03 1.372991800308227539e+00
5.894699999999529609e+03 1.430362462997436523e+00
5.896179999999529173e+03 1.398722052574157715e+00
5.897659999999528736e+03 1.390393376350402832e+00
5.899139999999528300e+03 1.360649108886718750e+00
5.900619999999527863e+03 1.401807308197021484e+00
5.902099999999527427e+03 1.456773519515991211e+00
5.903579999999526990e+03 1.355026483535766602e+00
5.905059999999526553e+03 1.384559273719787598e+00
5.906539999999526117e+03 1.546221375465393066e+00
5.908019999999525680e+03 1.392288327217102051e+00
5.909499999999525244e+03 1.265049934387207031e+00
5.910979999999524807e+03 1.362787485122680664e+00
5.912459999999524371e+03 1.247352480888366699e+00
5.913939999999523934e+03 1.384443998336791992e+00
5.915419999999523498e+03 1.384857296943664551e+00
5.916899999999523061e+03 1.292389392852783203e+00
5.918379999999522624e+03 1.286447763442993164e+00
5.919859999999522188e+03 1.378105521202087402e+00
5.921339999999521751e+03 1.307924509048461914e+00
5.922819999999521315e+03 1.234871149063110352e+00
5.924299999999520878e+03 1.457626104354858398e+00
5.925779999999520442e+03 1.389087438583374023e+00
5.927259999999520005e+03 1.301027655601501465e+00
5.928739999999519569e+03 1.284327626228332520e+00
5.930219999999519132e+03 1.318237423896789551e+00
5.931699999999518695e+03 1.451556682586669922e+00
5.933179999999518259e+03 1.363030433654785156e+00
5.934659999999517822e+03 1.300153613090515137e+00
5.936139999999517386e+03 1.402796506881713867e+00
5.937619999999516949e+03 1.537916779518127441e+00
5.939099999999516513e+03 1.404213547706604004e+00
5.940579999999516076e+03 1.423494338989257812e+00
5.942059999999515640e+03 1.350592374801635742e+00
5.943539999999515203e+03 1.460861086845397949e+00
5.945019999999514766e+03 1.524368762969970703e+00
5.946499999999514330e+03 1.430065989494323730e+00
5.947979999999513893e+03 1.250081539154052734e+00
5.949459999999513457e+03 1.521213054656982422e+00
5.950939999999513020e+03 1.495552897453308105e+00
5.952419999999512584e+03 1.523868799209594727e+00
5.953899999999512147e+03 1.392425894737243652e+00
5.955379999999511710e+03 1.420409202575683594e+00
5.956859999999511274e+03 1.477943301200866699e+00
5.958339999999510837e+03 1.549155712127685547e+00
5.959819999999510401e+03 1.437351107597351074e+00
5.961299999999509964e+03 1.398725867271423340e+00
5.962779999999509528e+03 1.340336799621582031e+00
5.964259999999509091e+03 1.311941862106323242e+00
5.965739999999508655e+03 1.365516662597656250e+00
5.967219999999508218e+03 1.396181344985961914e+00
5.968699999999507781e+03 1.423817634582519531e+00
5.970179999999507345e+03 1.329409837722778320e+00
5.971659999999506908e+03 1.326214551925659180e+00
5.973139999999506472e+03 1.487708091735839844e+00
5.974619999999506035e+03 1.413372755050659180e+00
5.976099999999505599e+03 1.222612261772155762e+00
5.977579999999505162e+03 1.350824356079101562e+00
5.979059999999504726e+03 1.171191811561584473e+00
5.980539999999504289e+03 1.318561077117919922e+00
5.982019999999503852e+03 1.371237635612487793e+00
5.983499999999503416e+03 1.341960787773132324e+00
5.984979999999502979e+03 1.413833618164062500e+00
5.986459999999502543e+03 1.439895510673522949e+00
5.987939999999502106e+03 1.347151160240173340e+00
5.989419999999501670e+03 1.462974071502685547e+00
5.990899999999501233e+03 1.324880003929138184e+00
5.992379999999500797e+03 1.209586262702941895e+00
5.993859999999500360e+03 1.376156806945800781e+00
5.995339999999499923e+03 1.421663403511047363e+00
5.996819999999499487e+03 1.408512234687805176e+00
5.998299999999499050e+03 1.349403262138366699e+00
5.999779999999498614e+03 1.340052247047424316e+00
6.001259999999498177e+03 1.347305059432983398e+00
6.002739999999497741e+03 1.286273360252380371e+00
6.004219999999497304e+03 1.345974683761596680e+00
6.005699999999496868e+03 1.342558741569519043e+00
6.007179999999496431e+03 1.263841629028320312e+00
6.008659999999495994e+03 1.295463085174560547e+00
6.010139999999495558e+03 1.306571245193481445e+00
6.011619999999495121e+03 1.286355495452880859e+00
6.013099999999494685e+03 1.705688476562500000e+00
6.014579999999494248e+03 2.556270599365234375e+00
6.016059999999493812e+03 2.495858669281005859e+00
6.017539999999493375e+03 1.675583362579345703e+00
6.019019999999492939e+03 1.347619652748107910e+00
6.020499999999492502e+03 1.281877636909484863e+00
6.021979999999492065e+03 1.347129225730895996e+00
6.023459999999491629e+03 1.327899932861328125e+00
6.024939999999491192e+03 1.308376073837280273e+00
6.026419999999490756e+03 1.367779016494750977e+00
6.027899999999490319e+03 1.268295764923095703e+00
6.029379999999489883e+03 1.269053220748901367e+00
6.030859999999489446e+03 1.169168472290039062e+00
6.032339999999489009e+03 1.427674412727355957e+00
6.033819999999488573e+03 1.338483214378356934e+00
6.035299999999488136e+03 1.329337477684020996e+00
6.036779999999487700e+03 1.213208913803100586e+00
6.038259999999487263e+03 1.369820833206176758e+00
6.039739999999486827e+03 1.306268215179443359e+00
6.041219999999486390e+03 1.404078483581542969e+00
6.042699999999485954e+03 1.256591200828552246e+00
6.044179999999485517e+03 1.238827824592590332e+00
6.045659999999485080e+03 1.374080061912536621e+00
6.047139999999484644e+03 1.285481095314025879e+00
6.048619999999484207e+03 1.250424385070800781e+00
6.050099999999483771e+03 1.310429453849792480e+00
6.051579999999483334e+03 1.226225376129150391e+00
6.053059999999482898e+03 1.225885152816772461e+00
6.054539999999482461e+03 1.214777708053588867e+00
6.056019999999482025e+03 1.210697174072265625e+00
6.057499999999481588e+03 1.348815798759460449e+00
6.058979999999481151e+03 1.377017140388488770e+00
6.060459999999480715e+03 1.339994311332702637e+00
6.061939999999480278e+03 1.220492601394653320e+00
6.063419999999479842e+03 1.312267303466796875e+00
6.064899999999479405e+03 1.183501839637756348e+00
6.066379999999478969e+03 1.330205440521240234e+00
6.067859999999478532e+03 1.410187840461730957e+00
6.069339999999478096e+03 1.267328739166259766e+00
6.070819999999477659e+03 1.262915372848510742e+00
6.072299999999477222e+03 1.299129843711853027e+00
6.073779999999476786e+03 1.300807476043701172e+00
6.075259999999476349e+03 1.380646586418151855e+00
6.076739999999475913e+03 1.423983693122863770e+00
6.078219999999475476e+03 1.376137375831604004e+00
6.079699999999475040e+03 1.258764386177062988e+00
6.081179999999474603e+03 1.274767518043518066e+00
6.082659999999474167e+03 1.382966876029968262e+00
6.084139999999473730e+03 1.347274303436279297e+00
6.085619999999473293e+03 1.260852217674255371e+00
6.087099999999472857e+03 1.283971071243286133e+00
6.088579999999472420e+03 1.250495195388793945e+00
6.090059999999471984e+03 1.153754591941833496e+00
6.091539999999471547e+03 1.230412006378173828e+00
6.093019999999471111e+03 1.219567298889160156e+00
6.094499999999470674e+03 1.296326875686645508e+00
6.095979999999470238e+03 1.342388629913330078e+00
6.097459999999469801e+03 1.347210288047790527e+00
6.098939999999469364e+03 1.341830134391784668e+00
6.100419999999468928e+03 1.397848606109619141e+00
6.101899999999468491e+03 1.225462555885314941e+00
6.103379999999468055e+03 1.262020468711853027e+00
6.104859999999467618e+03 1.343951225280761719e+00
6.106339999999467182e+03 1.395830869674682617e+00
6.107819999999466745e+03 1.282698750495910645e+00
6.109299999999466309e+03 1.378707051277160645e+00
6.110779999999465872e+03 1.397200226783752441e+00
6.112259999999465435e+03 1.262898802757263184e+00
6.113739999999464999e+03 1.327294945716857910e+00
6.115219999999464562e+03 1.405894875526428223e+00
6.116699999999464126e+03 1.307611107826232910e+00
6.118179999999463689e+03 1.274511575698852539e+00
6.119659999999463253e+03 1.320292234420776367e+00
6.121139999999462816e+03 1.269896864891052246e+00
6.122619999999462379e+03 1.262290239334106445e+00
6.124099999999461943e+03 1.270696282386779785e+00
6.125579999999461506e+03 1.259268164634704590e+00
6.127059999999461070e+03 1.303591609001159668e+00
6.128539999999460633e+03 1.363330006599426270e+00
6.130019999999460197e+03 1.314041137695312500e+00
6.131499999999459760e+03 1.214955806732177734e+00
6.132979999999459324e+03 1.275295257568359375e+00
6.134459999999458887e+03 1.374212145805358887e+00
6.135939999999458450e+03 1.225836277008056641e+00
6.137419999999458014e+03 1.130138635635375977e+00
6.138899999999457577e+03 1.276732206344604492e+00
6.140379999999457141e+03 1.307637214660644531e+00
6.141859999999456704e+03 1.177344202995300293e+00
6.143339999999456268e+03 1.287833333015441895e+00
6.144819999999455831e+03 1.414187073707580566e+00
6.146299999999455395e+03 1.333152890205383301e+00
6.147779999999454958e+03 1.345059752464294434e+00
6.149259999999454521e+03 1.183929920196533203e+00
6.150739999999454085e+03 1.096008300781250000e+00
6.152219999999453648e+03 1.194819688796997070e+00
6.153699999999453212e+03 1.157084822654724121e+00
6.155179999999452775e+03 1.219447851181030273e+00
6.156659999999452339e+03 1.178540706634521484e+00
6.158139999999451902e+03 1.262703776359558105e+00
6.159619999999451466e+03 1.345046162605285645e+00
6.161099999999451029e+03 1.198644876480102539e+00
6.162579999999450592e+03 1.159814715385437012e+00
6.164059999999450156e+03 1.176071763038635254e+00
6.165539999999449719e+03 1.266206741333007812e+00
6.167019999999449283e+03 1.315674424171447754e+00
6.168499999999448846e+03 1.140553116798400879e+00
6.169979999999448410e+03 1.252993464469909668e+00
6.171459999999447973e+03 1.261433362960815430e+00
6.172939999999447537e+03 1.349797010421752930e+00
6.174419999999447100e+03 1.262887477874755859e+00
6.175899999999446663e+03 1.377350568771362305e+00
6.177379999999446227e+03 1.307498931884765625e+00
6.178859999999445790e+03 1.367850184440612793e+00
6.180339999999445354e+03 1.314601778984069824e+00
6.181819999999444917e+03 1.153308033943176270e+00
6.183299999999444481e+03 1.271762847900390625e+00
6.184779999999444044e+03 1.254853010177612305e+00
6.186259999999443608e+03 1.208113312721252441e+00
6.187739999999443171e+03 1.218113422393798828e+00
6.189219999999442734e+03 1.315478444099426270e+00
6.190699999999442298e+03 1.203005909919738770e+00
6.192179999999441861e+03 1.175056576728820801e+00
6.193659999999441425e+03 1.318276882171630859e+00
6.195139999999440988e+03 1.264289975166320801e+00
6.196619999999440552e+03 1.180314064025878906e+00
6.198099999999440115e+03 1.288093924522399902e+00
6.199579999999439679e+03 1.305642962455749512e+00
6.201059999999439242e+03 1.272474288940429688e+00
6.202539999999438805e+03 1.368016242980957031e+00
6.204019999999438369e+03 1.404178857803344727e+00
6.205499999999437932e+03 1.347060799598693848e+00
6.206979999999437496e+03 1.285991549491882324e+00
6.208459999999437059e+03 1.278811573982238770e+00
6.209939999999436623e+03 1.335509896278381348e+00
6.211419999999436186e+03 1.363233566284179688e+00
6.212899999999435749e+03 1.321860551834106445e+00
6.214379999999435313e+03 1.242061614990234375e+00
6.215859999999434876e+03 1.255007624626159668e+00
6.217339999999434440e+03 1.235119104385375977e+00
6.218819999999434003e+03 1.224304437637329102e+00
6.220299999999433567e+03 1.258653759956359863e+00
6.221779999999433130e+03 1.292806267738342285e+00
6.223259999999432694e+03 1.136287569999694824e+00
6.224739999999432257e+03 1.230039119720458984e+00
6.226219999999431820e+03 1.297466874122619629e+00
6.227699999999431384e+03 1.288827419281005859e+00
6.229179999999430947e+03 1.224076986312866211e+00
6.230659999999430511e+03 1.218834400177001953e+00
6.232139999999430074e+03 1.220343232154846191e+00
6.233619999999429638e+03 1.225045919418334961e+00
6.235099999999429201e+03 1.291316032409667969e+00
6.236579999999428765e+03 1.485514760017395020e+00
6.238059999999428328e+03 1.257375717163085938e+00
6.239539999999427891e+03 1.193847417831420898e+00
6.241019999999427455e+03 1.219966411590576172e+00
6.242499999999427018e+03 1.319192528724670410e+00
6.243979999999426582e+03 1.296591639518737793e+00
6.245459999999426145e+03 1.111011743545532227e+00
6.246939999999425709e+03 1.122193813323974609e+00
6.248419999999425272e+03 1.154802203178405762e+00
6.249899999999424836e+03 1.158642053604125977e+00
6.251379999999424399e+03 1.243374347686767578e+00
6.252859999999423962e+03 1.304624795913696289e+00
6.254339999999423526e+03 1.127260565757751465e+00
6.255819999999423089e+03 1.198742151260375977e+00
6.257299999999422653e+03 1.409187912940979004e+00
6.258779999999422216e+03 1.317261934280395508e+00
6.260259999999421780e+03 1.227266192436218262e+00
6.261739999999421343e+03 1.168525338172912598e+00
6.263219999999420907e+03 1.302598476409912109e+00
6.264699999999420470e+03 1.421971797943115234e+00
6.266179999999420033e+03 1.191442251205444336e+00
6.267659999999419597e+03 1.291408777236938477e+00
6.269139999999419160e+03 1.340747952461242676e+00
6.270619999999418724e+03 1.153655052185058594e+00
6.272099999999418287e+03 1.232129454612731934e+00
6.273579999999417851e+03 1.122359156608581543e+00
6.275059999999417414e+03 1.063304066658020020e+00
6.276539999999416978e+03 1.077217459678649902e+00
6.278019999999416541e+03 1.084246277809143066e+00
6.279499999999416104e+03 1.259999990463256836e+00
6.280979999999415668e+03 1.116533875465393066e+00
6.282459999999415231e+03 1.222086071968078613e+00
6.283939999999414795e+03 1.018105149269104004e+00
6.285419999999414358e+03 9.747785329818725586e-01
6.286899999999413922e+03 1.378466844558715820e+00
6.288379999999413485e+03 1.296876549720764160e+00
6.289859999999413048e+03 1.217708945274353027e+00
6.291339999999412612e+03 1.221771001815795898e+00
6.292819999999412175e+03 1.162776827812194824e+00
6.294299999999411739e+03 1.143583655357360840e+00
6.295779999999411302e+03 1.194204092025756836e+00
6.297259999999410866e+03 3.043544590473175049e-01
6.298739999999410429e+03 1.153505325317382812e+00
6.300219999999409993e+03 2.273806095123291016e+00
6.301699999999409556e+03 1.473701834678649902e+00
6.303179999999409119e+03 8.912554383277893066e-01
6.304659999999408683e+03 1.152424693107604980e+00
6.306139999999408246e+03 1.314179301261901855e+00
6.307619999999407810e+03 1.311883091926574707e+00
6.309099999999407373e+03 1.161087632179260254e+00
6.310579999999406937e+03 1.146803736686706543e+00
6.312059999999406500e+03 1.136566519737243652e+00
6.313539999999406064e+03 1.128239989280700684e+00
6.315019999999405627e+03 1.265455365180969238e+00
6.316499999999405190e+03 1.175387740135192871e+00
6.317979999999404754e+03 1.211380481719970703e+00
6.319459999999404317e+03 1.228639006614685059e+00
6.320939999999403881e+03 1.132152676582336426e+00
6.322419999999403444e+03 1.229225993156433105e+00
6.323899999999403008e+03 1.130623579025268555e+00
6.325379999999402571e+03 1.021687865257263184e+00
6.326859999999402135e+03 1.170900344848632812e+00
6.328339999999401698e+03 1.331078410148620605e+00
6.329819999999401261e+03 1.220893979072570801e+00
6.331299999999400825e+03 1.192171812057495117e+00
6.332779999999400388e+03 1.150627851486206055e+00
6.334259999999399952e+03 1.131142258644104004e+00
6.335739999999399515e+03 1.053966999053955078e+00
6.337219999999399079e+03 1.052786350250244141e+00
6.338699999999398642e+03 1.179035902023315430e+00
6.340179999999398206e+03 1.073786258697509766e+00
6.341659999999397769e+03 1.173242449760437012e+00
6.343139999999397332e+03 1.150694727897644043e+00
6.344619999999396896e+03 1.254390954971313477e+00
6.346099999999396459e+03 1.223631620407104492e+00
6.347579999999396023e+03 1.223417043685913086e+00
6.349059999999395586e+03 1.306946516036987305e+00
6.350539999999395150e+03 1.291427373886108398e+00
6.352019999999394713e+03 1.224938988685607910e+00
6.353499999999394277e+03 1.081267595291137695e+00
6.354979999999393840e+03 1.211011528968811035e+00
6.356459999999393403e+03 1.309960484504699707e+00
6.357939999999392967e+03 1.176668286323547363e+00
6.359419999999392530e+03 1.047383785247802734e+00
6.360899999999392094e+03 7.741240859031677246e-01
6.362379999999391657e+03 1.018674850463867188e+00
6.363859999999391221e+03 1.376645684242248535e+00
6.365339999999390784e+03 1.103914141654968262e+00
6.366819999999390348e+03 1.121866941452026367e+00
6.368299999999389911e+03 1.125209808349609375e+00
6.369779999999389474e+03 1.207810759544372559e+00
6.371259999999389038e+03 1.288592219352722168e+00
6.372739999999388601e+03 1.259028911590576172e+00
6.374219999999388165e+03 1.211899161338806152e+00
6.375699999999387728e+03 1.226355791091918945e+00
6.377179999999387292e+03 1.114462256431579590e+00
6.378659999999386855e+03 1.099774837493896484e+00
6.380139999999386418e+03 1.104831814765930176e+00
6.381619999999385982e+03 1.136253118515014648e+00
6.383099999999385545e+03 1.189928531646728516e+00
6.384579999999385109e+03 1.134384870529174805e+00
6.386059999999384672e+03 1.176453709602355957e+00
6.387539999999384236e+03 1.158484697341918945e+00
6.389019999999383799e+03 1.064595341682434082e+00
6.390499999999383363e+03 1.125569224357604980e+00
6.391979999999382926e+03 1.126111745834350586e+00
6.393459999999382489e+03 1.090376138687133789e+00
6.394939999999382053e+03 1.117006540298461914e+00
6.396419999999381616e+03 1.227471590042114258e+00
6.397899999999381180e+03 1.255458950996398926e+00
6.399379999999380743e+03 1.111916661262512207e+00
6.400859999999380307e+03 1.063343167304992676e+00
6.402339999999379870e+03 1.095415115356445312e+00
6.403819999999379434e+03 1.187011957168579102e+00
6.405299999999378997e+03 1.149792790412902832e+00
6.406779999999378560e+03 1.065512657165527344e+00
6.408259999999378124e+03 1.193788409233093262e+00
6.409739999999377687e+03 1.156490206718444824e+00
6.411219999999377251e+03 1.150829195976257324e+00
6.412699999999376814e+03 1.217076778411865234e+00
6.414179999999376378e+03 1.239662051200866699e+00
6.415659999999375941e+03 1.215386390686035156e+00
6.417139999999375505e+03 1.153431057929992676e+00
6.418619999999375068e+03 1.153963565826416016e+00
6.420099999999374631e+03 1.117524027824401855e+00
6.421579999999374195e+03 1.069809913635253906e+00
6.423059999999373758e+03 1.220784544944763184e+00
6.424539999999373322e+03 1.196631789207458496e+00
6.426019999999372885e+03 1.135775208473205566e+00
6.427499999999372449e+03 1.077161788940429688e+00
6.428979999999372012e+03 1.167953848838806152e+00
6.430459999999371576e+03 1.193949341773986816e+00
6.431939999999371139e+03 1.070067524909973145e+00
6.433419999999370702e+03 1.177226662635803223e+00
6.434899999999370266e+03 1.264487743377685547e+00
6.436379999999369829e+03 1.161641359329223633e+00
6.437859999999369393e+03 1.123871445655822754e+00
6.439339999999368956e+03 1.190295696258544922e+00
6.440819999999368520e+03 1.241122961044311523e+00
6.442299999999368083e+03 1.128454804420471191e+00
6.443779999999367647e+03 1.121812462806701660e+00
6.445259999999367210e+03 1.117252826690673828e+00
6.446739999999366773e+03 1.192467451095581055e+00
6.448219999999366337e+03 1.519350290298461914e+00
6.449699999999365900e+03 1.671408057212829590e+00
6.451179999999365464e+03 1.579307913780212402e+00
6.452659999999365027e+03 1.282644987106323242e+00
6.454139999999364591e+03 1.255866408348083496e+00
6.455619999999364154e+03 1.149047851562500000e+00
6.457099999999363718e+03 1.168401360511779785e+00
6.458579999999363281e+03 1.234010696411132812e+00
6.460059999999362844e+03 1.266060948371887207e+00
6.461539999999362408e+03 1.204404115676879883e+00
6.463019999999361971e+03 1.126908421516418457e+00
6.464499999999361535e+03 1.098394155502319336e+00
6.465979999999361098e+03 1.206516146659851074e+00
6.467459999999360662e+03 1.044527411460876465e+00
6.468939999999360225e+03 1.175463676452636719e+00
6.470419999999359788e+03 1.209721922874450684e+00
6.471899999999359352e+03 1.081817388534545898e+00
6.473379999999358915e+03 1.164603471755981445e+00
6.474859999999358479e+03 1.232605457305908203e+00
6.476339999999358042e+03 1.215190052986145020e+00
6.477819999999357606e+03 1.119653344154357910e+00
6.479299999999357169e+03 1.162388563156127930e+00
6.480779999999356733e+03 1.197829008102416992e+00
6.482259999999356296e+03 1.033004641532897949e+00
6.483739999999355859e+03 1.073626995086669922e+00
6.485219999999355423e+03 1.111890554428100586e+00
6.486699999999354986e+03 1.118554592132568359e+00
6.488179999999354550e+03 1.062361359596252441e+00
6.489659999999354113e+03 1.125186443328857422e+00
6.491139999999353677e+03 1.208134531974792480e+00
6.492619999999353240e+03 1.219029426574707031e+00
6.494099999999352804e+03 1.198294043540954590e+00
6.495579999999352367e+03 8.475032448768615723e-01
6.497059999999351930e+03 1.070740461349487305e+00
6.498539999999351494e+03 1.206149101257324219e+00
6.500019999999351057e+03 1.229036927223205566e+00
6.501499999999350621e+03 1.109218120574951172e+00
6.502979999999350184e+03 1.275828957557678223e+00
6.504459999999349748e+03 1.296797394752502441e+00
6.505939999999349311e+03 1.149730563163757324e+00
6.507419999999348875e+03 1.117278456687927246e+00
6.508899999999348438e+03 1.180771827697753906e+00
6.510379999999348001e+03 1.183597087860107422e+00
6.511859999999347565e+03 1.142862439155578613e+00
6.513339999999347128e+03 1.289654254913330078e+00
6.514819999999346692e+03 1.396374464035034180e+00
6.516299999999346255e+03 1.268928527832031250e+00
6.517779999999345819e+03 1.116507649421691895e+00
6.519259999999345382e+03 1.085280537605285645e+00
6.520739999999344946e+03 1.181442022323608398e+00
6.522219999999344509e+03 1.212263941764831543e+00
6.523699999999344072e+03 1.186907052993774414e+00
6.525179999999343636e+03 1.138727307319641113e+00
6.526659999999343199e+03 1.125971674919128418e+00
6.528139999999342763e+03 1.304152488708496094e+00
6.529619999999342326e+03 1.141245961189270020e+00
6.531099999999341890e+03 1.178303480148315430e+00
6.532579999999341453e+03 1.277700543403625488e+00
6.534059999999341017e+03 1.260191202163696289e+00
6.535539999999340580e+03 1.250029563903808594e+00
6.537019999999340143e+03 1.170550823211669922e+00
6.538499999999339707e+03 1.125986933708190918e+00
6.539979999999339270e+03 1.185188531875610352e+00
6.541459999999338834e+03 1.156381964683532715e+00
6.542939999999338397e+03 1.166187167167663574e+00
6.544419999999337961e+03 1.209104180335998535e+00
6.545899999999337524e+03 1.061005949974060059e+00
6.547379999999337088e+03 1.066203117370605469e+00
6.548859999999336651e+03 1.198763370513916016e+00
6.550339999999336214e+03 1.041394591331481934e+00
6.551819999999335778e+03 1.080145955085754395e+00
6.553299999999335341e+03 1.303353667259216309e+00
6.554779999999334905e+03 1.135182023048400879e+00
6.556259999999334468e+03 1.096401333808898926e+00
6.557739999999334032e+03 1.130140900611877441e+00
6.559219999999333595e+03 1.172499060630798340e+00
6.560699999999333158e+03 1.190972447395324707e+00
6.562179999999332722e+03 9.624952077865600586e-01
6.563659999999332285e+03 1.038560509681701660e+00
6.565139999999331849e+03 1.092641592025756836e+00
6.566619999999331412e+03 1.182061910629272461e+00
6.568099999999330976e+03 1.132822394371032715e+00
6.569579999999330539e+03 1.137134075164794922e+00
6.571059999999330103e+03 1.203923583030700684e+00
6.572539999999329666e+03 1.087647557258605957e+00
6.574019999999329229e+03 1.001343846321105957e+00
6.575499999999328793e+03 1.160860300064086914e+00
6.576979999999328356e+03 1.151665449142456055e+00
6.578459999999327920e+03 1.123307824134826660e+00
6.579939999999327483e+03 1.182971000671386719e+00
6.581419999999327047e+03 1.248899936676025391e+00
6.582899999999326610e+03 1.221467852592468262e+00
6.584379999999326174e+03 1.143458843231201172e+00
6.585859999999325737e+03 1.148783445358276367e+00
6.587339999999325300e+03 1.132207393646240234e+00
6.588819999999324864e+03 1.201138377189636230e+00
6.590299999999324427e+03 1.243101358413696289e+00
6.591779999999323991e+03 9.970822930335998535e-01
6.593259999999323554e+03 1.120736360549926758e+00
6.594739999999323118e+03 1.212576508522033691e+00
6.596219999999322681e+03 1.154724121093750000e+00
6.597699999999322245e+03 1.107828617095947266e+00
6.599179999999321808e+03 1.139804124832153320e+00
6.600659999999321371e+03 1.174891948699951172e+00
6.602139999999320935e+03 1.164240241050720215e+00
6.603619999999320498e+03 1.143907785415649414e+00
6.605099999999320062e+03 1.129387021064758301e+00
6.606579999999319625e+03 1.156270861625671387e+00
6.608059999999319189e+03 1.107456564903259277e+00
6.609539999999318752e+03 1.045101284980773926e+00
6.611019999999318316e+03 1.182311296463012695e+00
6.612499999999317879e+03 1.124096155166625977e+00
6.613979999999317442e+03 1.025440454483032227e+00
6.615459999999317006e+03 1.105035901069641113e+00
6.616939999999316569e+03 1.155748605728149414e+00
6.618419999999316133e+03 1.176560163497924805e+00
6.619899999999315696e+03 1.105489253997802734e+00
6.621379999999315260e+03 1.120699167251586914e+00
6.622859999999314823e+03 1.225041151046752930e+00
6.624339999999314387e+03 1.114523887634277344e+00
6.625819999999313950e+03 1.161160588264465332e+00
6.627299999999313513e+03 1.167151212692260742e+00
6.628779999999313077e+03 1.218889713287353516e+00
6.630259999999312640e+03 1.166732788085937500e+00
6.631739999999312204e+03 1.173845410346984863e+00
6.633219999999311767e+03 1.180523514747619629e+00
6.634699999999311331e+03 1.170759320259094238e+00
6.636179999999310894e+03 1.093776345252990723e+00
6.637659999999310457e+03 1.083487749099731445e+00
6.639139999999310021e+03 1.096407413482666016e+00
6.640619999999309584e+03 1.154345154762268066e+00
6.642099999999309148e+03 1.080098152160644531e+00
6.643579999999308711e+03 1.072747111320495605e+00
6.645059999999308275e+03 1.084977030754089355e+00
6.646539999999307838e+03 1.115933775901794434e+00
6.648019999999307402e+03 1.165797472000122070e+00
6.649499999999306965e+03 1.042299151420593262e+00
6.650979999999306528e+03 1.088861703872680664e+00
6.652459999999306092e+03 1.124517917633056641e+00
6.653939999999305655e+03 1.036438703536987305e+00
6.655419999999305219e+03 1.111958742141723633e+00
6.656899999999304782e+03 1.049842238426208496e+00
6.658379999999304346e+03 1.135075569152832031e+00
6.659859999999303909e+03 1.184824824333190918e+00
6.661339999999303473e+03 1.108126759529113770e+00
6.662819999999303036e+03 1.116932630538940430e+00
6.664299999999302599e+03 1.168242812156677246e+00
6.665779999999302163e+03 1.227350354194641113e+00
6.667259999999301726e+03 1.206224441528320312e+00
6.668739999999301290e+03 1.191407084465026855e+00
6.670219999999300853e+03 1.096567153930664062e+00
6.671699999999300417e+03 1.162628412246704102e+00
6.673179999999299980e+03 1.139398574829101562e+00
6.674659999999299544e+03 1.128471612930297852e+00
6.676139999999299107e+03 1.079147696495056152e+00
6.677619999999298670e+03 1.076120257377624512e+00
6.679099999999298234e+03 1.159995675086975098e+00
6.680579999999297797e+03 1.244635105133056641e+00
6.682059999999297361e+03 1.279831290245056152e+00
6.683539999999296924e+03 1.261691570281982422e+00
6.685019999999296488e+03 1.168081641197204590e+00
6.686499999999296051e+03 1.137555956840515137e+00
6.687979999999295615e+03 1.189739465713500977e+00
6.689459999999295178e+03 1.184697389602661133e+00
6.690939999999294741e+03 1.196083068847656250e+00
6.692419999999294305e+03 1.168457388877868652e+00
6.693899999999293868e+03 1.202484965324401855e+00
6.695379999999293432e+03 1.201614856719970703e+00
6.696859999999292995e+03 1.144112944602966309e+00
6.698339999999292559e+03 1.175520300865173340e+00
6.699819999999292122e+03 1.234830975532531738e+00
6.701299999999291686e+03 2.506217479705810547e+00
6.702779999999291249e+03 3.915866374969482422e+00
6.704259999999290812e+03 3.445865392684936523e+00
6.705739999999290376e+03 1.857635855674743652e+00
6.707219999999289939e+03 1.150450944900512695e+00
6.708699999999289503e+03 1.141087651252746582e+00
6.710179999999289066e+03 1.092318177223205566e+00
6.711659999999288630e+03 1.156993150711059570e+00
6.713139999999288193e+03 1.259900331497192383e+00
6.714619999999287757e+03 1.628184318542480469e+00
6.716099999999287320e+03 1.568154144287109375e+01
6.717579999999286883e+03 3.629662322998046875e+01
6.719059999999286447e+03 3.370324707031250000e+01
6.720539999999286010e+03 1.244568061828613281e+01
6.722019999999285574e+03 2.435675859451293945e+00
6.723499999999285137e+03 1.463750004768371582e+00
6.724979999999284701e+03 1.237321853637695312e+00
6.726459999999284264e+03 1.144081473350524902e+00
6.727939999999283827e+03 1.230847358703613281e+00
6.729419999999283391e+03 1.174460887908935547e+00
6.730899999999282954e+03 1.087953567504882812e+00
6.732379999999282518e+03 1.146582603454589844e+00
6.733859999999282081e+03 1.120533108711242676e+00
6.735339999999281645e+03 1.189543724060058594e+00
6.736819999999281208e+03 3.233574390411376953e+00
6.738299999999280772e+03 8.176947593688964844e+00
6.739779999999280335e+03 9.255446434020996094e+00
6.741259999999279898e+03 5.463136196136474609e+00
6.742739999999279462e+03 1.734332919120788574e+00
6.744219999999279025e+03 1.271592259407043457e+00
6.745699999999278589e+03 1.125436782836914062e+00
6.747179999999278152e+03 1.106757283210754395e+00
6.748659999999277716e+03 1.183262705802917480e+00
6.750139999999277279e+03 1.109749197959899902e+00
6.751619999999276843e+03 1.112233996391296387e+00
6.753099999999276406e+03 1.065560817718505859e+00
6.754579999999275969e+03 1.057078003883361816e+00
6.756059999999275533e+03 1.164845824241638184e+00
6.757539999999275096e+03 1.233838319778442383e+00
6.759019999999274660e+03 1.301321029663085938e+00
6.760499999999274223e+03 1.224107623100280762e+00
6.761979999999273787e+03 1.106381654739379883e+00
6.763459999999273350e+03 1.154489278793334961e+00
6.764939999999272914e+03 1.069973111152648926e+00
6.766419999999272477e+03 1.028154253959655762e+00
6.767899999999272040e+03 1.131980657577514648e+00
6.769379999999271604e+03 1.155119776725769043e+00
6.770859999999271167e+03 1.088021397590637207e+00
6.772339999999270731e+03 1.202456474304199219e+00
6.773819999999270294e+03 1.220195293426513672e+00
6.775299999999269858e+03 1.084593296051025391e+00
6.776779999999269421e+03 1.092797040939331055e+00
6.778259999999268985e+03 1.133993983268737793e+00
6.779739999999268548e+03 1.103580355644226074e+00
6.781219999999268111e+03 1.043804526329040527e+00
6.782699999999267675e+03 1.053999662399291992e+00
6.784179999999267238e+03 1.055617809295654297e+00
6.785659999999266802e+03 1.080801963806152344e+00
6.787139999999266365e+03 1.025929570198059082e+00
6.788619999999265929e+03 1.062850713729858398e+00
6.790099999999265492e+03 1.057171702384948730e+00
6.791579999999265056e+03 1.006150722503662109e+00
6.793059999999264619e+03 1.125439643859863281e+00
6.794539999999264182e+03 1.152716159820556641e+00
6.796019999999263746e+03 9.895848631858825684e-01
6.797499999999263309e+03 1.001922011375427246e+00
6.798979999999262873e+03 1.048395752906799316e+00
6.800459999999262436e+03 1.021571040153503418e+00
6.801939999999262000e+03 1.195435881614685059e+00
6.803419999999261563e+03 1.187700629234313965e+00
6.804899999999261127e+03 1.049220085144042969e+00
6.806379999999260690e+03 1.158275961875915527e+00
6.807859999999260253e+03 1.135698676109313965e+00
6.809339999999259817e+03 1.035053730010986328e+00
6.810819999999259380e+03 1.089444160461425781e+00
6.812299999999258944e+03 1.067051887512207031e+00
6.813779999999258507e+03 1.070558786392211914e+00
6.815259999999258071e+03 9.781493544578552246e-01
6.816739999999257634e+03 1.118909835815429688e+00
6.818219999999257197e+03 1.213271498680114746e+00
6.819699999999256761e+03 1.065875053405761719e+00
6.821179999999256324e+03 1.022540926933288574e+00
6.822659999999255888e+03 1.102619886398315430e+00
6.824139999999255451e+03 1.060372591018676758e+00
6.825619999999255015e+03 1.045372605323791504e+00
6.827099999999254578e+03 1.107632040977478027e+00
6.828579999999254142e+03 1.181891560554504395e+00
6.830059999999253705e+03 1.093996047973632812e+00
6.831539999999253268e+03 1.034706711769104004e+00
6.833019999999252832e+03 1.220729589462280273e+00
6.834499999999252395e+03 1.496888041496276855e+00
6.835979999999251959e+03 1.566813945770263672e+00
6.837459999999251522e+03 1.330230355262756348e+00
6.838939999999251086e+03 1.075927734375000000e+00
6.840419999999250649e+03 1.081388473510742188e+00
6.841899999999250213e+03 1.121684551239013672e+00
6.843379999999249776e+03 1.162966489791870117e+00
6.844859999999249339e+03 1.056846499443054199e+00
6.846339999999248903e+03 1.136391997337341309e+00
6.847819999999248466e+03 1.171750307083129883e+00
6.849299999999248030e+03 1.116336464881896973e+00
6.850779999999247593e+03 1.049180507659912109e+00
6.852259999999247157e+03 1.151146054267883301e+00
6.853739999999246720e+03 1.051819801330566406e+00
6.855219999999246284e+03 1.032172560691833496e+00
6.856699999999245847e+03 1.070063471794128418e+00
6.858179999999245410e+03 1.155776977539062500e+00
6.859659999999244974e+03 9.813005924224853516e-01
6.861139999999244537e+03 9.132039546966552734e-01
6.862619999999244101e+03 1.330914616584777832e+00
6.864099999999243664e+03 1.458680510520935059e+00
6.865579999999243228e+03 1.106601953506469727e+00
6.867059999999242791e+03 8.686534166336059570e-01
6.868539999999242355e+03 7.639696002006530762e-01
6.870019999999241918e+03 8.594849705696105957e-01
6.871499999999241481e+03 8.788981437683105469e-01
6.872979999999241045e+03 2.094968318939208984e+00
6.874459999999240608e+03 4.541810035705566406e+00
6.875939999999240172e+03 4.785411834716796875e+00
6.877419999999239735e+03 2.614737272262573242e+00
6.878899999999239299e+03 1.214161992073059082e+00
6.880379999999238862e+03 1.045025587081909180e+00
6.881859999999238426e+03 1.140546321868896484e+00
6.883339999999237989e+03 1.056740045547485352e+00
6.884819999999237552e+03 9.344524145126342773e-01
6.886299999999237116e+03 1.009797930717468262e+00
6.887779999999236679e+03 2.291172504425048828e+00
6.889259999999236243e+03 4.320220947265625000e+00
6.890739999999235806e+03 4.110242843627929688e+00
6.892219999999235370e+03 2.239201545715332031e+00
6.893699999999234933e+03 1.185532808303833008e+00
6.895179999999234496e+03 9.581856727600097656e-01
6.896659999999234060e+03 9.524570703506469727e-01
6.898139999999233623e+03 1.020197153091430664e+00
6.899619999999233187e+03 1.064194083213806152e+00
6.901099999999232750e+03 1.112229347229003906e+00
6.902579999999232314e+03 1.117683768272399902e+00
6.904059999999231877e+03 9.526383876800537109e-01
6.905539999999231441e+03 1.010463953018188477e+00
6.907019999999231004e+03 1.005920171737670898e+00
6.908499999999230567e+03 8.778578042984008789e-01
6.909979999999230131e+03 9.414928555488586426e-01
6.911459999999229694e+03 1.115897893905639648e+00
6.912939999999229258e+03 9.821894168853759766e-01
6.914419999999228821e+03 9.566582441329956055e-01
6.915899999999228385e+03 1.036352753639221191e+00
6.917379999999227948e+03 1.019222736358642578e+00
6.918859999999227512e+03 8.746959567070007324e-01
6.920339999999227075e+03 8.646554350852966309e-01
6.921819999999226638e+03 1.178613662719726562e+00
6.923299999999226202e+03 1.122794985771179199e+00
6.924779999999225765e+03 9.366757273674011230e-01
6.926259999999225329e+03 1.017826795578002930e+00
6.927739999999224892e+03 9.553450942039489746e-01
6.929219999999224456e+03 1.095631480216979980e+00
6.930699999999224019e+03 1.006656646728515625e+00
6.932179999999223583e+03 1.036349773406982422e+00
6.933659999999223146e+03 9.243991971015930176e-01
6.935139999999222709e+03 1.038169384002685547e+00
6.936619999999222273e+03 1.012675166130065918e+00
6.938099999999221836e+03 1.031771183013916016e+00
6.939579999999221400e+03 1.066954493522644043e+00
6.941059999999220963e+03 1.098122000694274902e+00
6.942539999999220527e+03 1.093563199043273926e+00
6.944019999999220090e+03 9.599983692169189453e-01
6.945499999999219654e+03 8.407130837440490723e-01
6.946979999999219217e+03 1.014455556869506836e+00
6.948459999999218780e+03 1.270131230354309082e+00
6.949939999999218344e+03 1.098447680473327637e+00
6.951419999999217907e+03 8.996062278747558594e-01
6.952899999999217471e+03 1.045812129974365234e+00
6.954379999999217034e+03 1.032123208045959473e+00
6.955859999999216598e+03 1.094443082809448242e+00
6.957339999999216161e+03 1.014103412628173828e+00
6.958819999999215725e+03 1.030701994895935059e+00
6.960299999999215288e+03 1.115154147148132324e+00
6.961779999999214851e+03 1.033850908279418945e+00
6.963259999999214415e+03 1.066823720932006836e+00
