0.000000000000000000e+00 3.316167509183287621e-03 1.999951433390378952e-03
1.000000000000000000e+00 3.428160212934017181e-03 2.000323962420225143e-03
2.000000000000000000e+00 5.437224172055721283e-03 2.017792779952287674e-03
3.000000000000000000e+00 4.955873824656009674e-03 2.016541082412004471e-03
4.000000000000000000e+00 5.443525034934282303e-03 2.018676837906241417e-03
5.000000000000000000e+00 7.318855263292789459e-03 2.032750984653830528e-03
6.000000000000000000e+00 4.801477771252393723e-03 2.013663062825798988e-03
7.000000000000000000e+00 4.472736734896898270e-03 2.009898889809846878e-03
8.000000000000000000e+00 6.271574180573225021e-03 2.030241768807172775e-03
9.000000000000000000e+00 8.359635248780250549e-03 2.052016789093613625e-03
1.000000000000000000e+01 7.584383711218833923e-03 2.038979437202215195e-03
1.100000000000000000e+01 7.828046567738056183e-03 2.039627637714147568e-03
1.200000000000000000e+01 7.717293687164783478e-03 2.037597587332129478e-03
1.300000000000000000e+01 6.031878292560577393e-03 2.020878484472632408e-03
1.400000000000000000e+01 8.652434684336185455e-03 2.044922672212123871e-03
1.500000000000000000e+01 1.199884526431560516e-02 2.077719429507851601e-03
1.600000000000000000e+01 1.352930068969726562e-02 2.091976348310709000e-03
1.700000000000000000e+01 1.849722489714622498e-02 2.135380869731307030e-03
1.800000000000000000e+01 2.266766875982284546e-02 2.172277541831135750e-03
1.900000000000000000e+01 2.874761447310447693e-02 2.221947768703103065e-03
2.000000000000000000e+01 3.524220362305641174e-02 2.285264898091554642e-03
2.100000000000000000e+01 3.305869176983833313e-02 2.272628946229815483e-03
2.200000000000000000e+01 2.922842092812061310e-02 2.236452419310808182e-03
2.300000000000000000e+01 2.864343672990798950e-02 2.234314568340778351e-03
2.400000000000000000e+01 3.354450315237045288e-02 2.277142368257045746e-03
2.500000000000000000e+01 4.138707369565963745e-02 2.338910708203911781e-03
2.600000000000000000e+01 5.397018045186996460e-02 2.437926828861236572e-03
2.700000000000000000e+01 7.143204659223556519e-02 2.570195356383919716e-03
2.800000000000000000e+01 9.378158301115036011e-02 2.725962782278656960e-03
2.900000000000000000e+01 1.276672631502151489e-01 2.952377777546644211e-03
3.000000000000000000e+01 1.682415604591369629e-01 3.210872411727905273e-03
3.100000000000000000e+01 2.086050808429718018e-01 3.453597193583846092e-03
3.200000000000000000e+01 2.678197622299194336e-01 3.765871282666921616e-03
3.300000000000000000e+01 3.549890518188476562e-01 4.181207623332738876e-03
3.400000000000000000e+01 5.112816691398620605e-01 4.877165891230106354e-03
3.500000000000000000e+01 7.510995268821716309e-01 5.765239242464303970e-03
3.600000000000000000e+01 9.125183820724487305e-01 6.300236564129590988e-03
3.700000000000000000e+01 8.287550210952758789e-01 6.025314331054687500e-03
3.800000000000000000e+01 6.387653350830078125e-01 5.346789956092834473e-03
3.900000000000000000e+01 5.134260654449462891e-01 4.862464498728513718e-03
4.000000000000000000e+01 4.431523084640502930e-01 4.576290491968393326e-03
4.100000000000000000e+01 3.863652348518371582e-01 4.324440378695726395e-03
4.200000000000000000e+01 3.526207506656646729e-01 4.158135503530502319e-03
4.300000000000000000e+01 3.222340345382690430e-01 4.018244799226522446e-03
4.400000000000000000e+01 2.661110162734985352e-01 3.741892985999584198e-03
4.500000000000000000e+01 2.010352611541748047e-01 3.384006675332784653e-03
4.600000000000000000e+01 1.475437581539154053e-01 3.067964455112814903e-03
4.700000000000000000e+01 1.094262152910232544e-01 2.826597774401307106e-03
4.800000000000000000e+01 8.725924044847488403e-02 2.680356614291667938e-03
4.900000000000000000e+01 7.970070093870162964e-02 2.623516833409667015e-03
5.000000000000000000e+01 7.759238779544830322e-02 2.603465225547552109e-03
5.100000000000000000e+01 7.799393683671951294e-02 2.605572110041975975e-03
5.200000000000000000e+01 7.969203591346740723e-02 2.619610866531729698e-03
5.300000000000000000e+01 8.658505976200103760e-02 2.665907610207796097e-03
5.400000000000000000e+01 9.761330485343933105e-02 2.745264209806919098e-03
5.500000000000000000e+01 1.044735014438629150e-01 2.792483661323785782e-03
5.600000000000000000e+01 1.192544624209403992e-01 2.886411966755986214e-03
5.700000000000000000e+01 1.657287329435348511e-01 3.171913092955946922e-03
5.800000000000000000e+01 2.834347486495971680e-01 3.810309106484055519e-03
5.900000000000000000e+01 4.241900444030761719e-01 4.464222583919763565e-03
6.000000000000000000e+01 4.290223717689514160e-01 4.465140402317047119e-03
6.100000000000000000e+01 3.046625852584838867e-01 3.906293772161006927e-03
6.200000000000000000e+01 1.878134310245513916e-01 3.299253759905695915e-03
6.300000000000000000e+01 1.242259591817855835e-01 2.912398660555481911e-03
6.400000000000000000e+01 9.774085879325866699e-02 2.732680644840002060e-03
6.500000000000000000e+01 7.953406125307083130e-02 2.606078749522566795e-03
6.600000000000000000e+01 6.698827445507049561e-02 2.516816137358546257e-03
6.700000000000000000e+01 6.298951804637908936e-02 2.485840581357479095e-03
6.800000000000000000e+01 5.976655334234237671e-02 2.468742663040757179e-03
6.900000000000000000e+01 6.018841639161109924e-02 2.465787110850214958e-03
7.000000000000000000e+01 6.755754351615905762e-02 2.515532076358795166e-03
7.100000000000000000e+01 7.146208733320236206e-02 2.551679965108633041e-03
7.200000000000000000e+01 7.472096383571624756e-02 2.576870378106832504e-03
7.300000000000000000e+01 6.664588302373886108e-02 2.516103675588965416e-03
7.400000000000000000e+01 6.133386120200157166e-02 2.466944744810461998e-03
7.500000000000000000e+01 5.545279756188392639e-02 2.424112288281321526e-03
7.600000000000000000e+01 4.726792126893997192e-02 2.361297141760587692e-03
7.700000000000000000e+01 4.023338854312896729e-02 2.307149115949869156e-03
7.800000000000000000e+01 3.311453014612197876e-02 2.249245997518301010e-03
7.900000000000000000e+01 2.539448626339435577e-02 2.178908092901110649e-03
8.000000000000000000e+01 2.373981475830078125e-02 2.164335222914814949e-03
8.100000000000000000e+01 2.250443585216999054e-02 2.150008687749505043e-03
8.200000000000000000e+01 2.026653662323951721e-02 2.128117019310593605e-03
8.300000000000000000e+01 2.143733948469161987e-02 2.137131756171584129e-03
8.400000000000000000e+01 2.090914174914360046e-02 2.135048853233456612e-03
8.500000000000000000e+01 1.691022701561450958e-02 2.098663710057735443e-03
8.600000000000000000e+01 1.725192181766033173e-02 2.102639293298125267e-03
8.700000000000000000e+01 1.418204046785831451e-02 2.071479102596640587e-03
8.800000000000000000e+01 1.532481703907251358e-02 2.085015177726745605e-03
8.900000000000000000e+01 1.207412686198949814e-02 2.061291132122278214e-03
9.000000000000000000e+01 9.486478753387928009e-03 2.030413364991545677e-03
9.100000000000000000e+01 6.977547891438007355e-03 2.010357566177845001e-03
9.200000000000000000e+01 1.084686629474163055e-02 2.048110356554389000e-03
9.300000000000000000e+01 7.890528067946434021e-03 2.020880347117781639e-03
9.400000000000000000e+01 1.064816582947969437e-02 2.043351298198103905e-03
9.500000000000000000e+01 7.584881503134965897e-03 2.021503169089555740e-03
9.600000000000000000e+01 9.859532117843627930e-03 2.038935665041208267e-03
9.700000000000000000e+01 1.342807617038488388e-02 2.073220908641815186e-03
9.800000000000000000e+01 4.087981767952442169e-03 1.988876378163695335e-03
9.900000000000000000e+01 7.140167988836765289e-03 2.026885980740189552e-03
