4.300739999999999782e+03 5.200502395629882812e+00
4.302219999999999345e+03 1.204169631004333496e+00
4.303699999999998909e+03 2.046736001968383789e+00
4.305179999999998472e+03 1.974568009376525879e+00
4.306659999999998035e+03 1.870426654815673828e+00
4.308139999999997599e+03 1.622599959373474121e+00
4.309619999999997162e+03 1.984479308128356934e+00
4.311099999999996726e+03 1.942300319671630859e+00
4.312579999999996289e+03 1.724634170532226562e+00
4.314059999999995853e+03 1.774281501770019531e+00
4.315539999999995416e+03 2.244382143020629883e+00
4.317019999999994980e+03 2.472475767135620117e+00
4.318499999999994543e+03 2.945639610290527344e+00
4.319979999999994106e+03 2.596014022827148438e+00
4.321459999999993670e+03 2.654275417327880859e+00
4.322939999999993233e+03 2.718537569046020508e+00
4.324419999999992797e+03 1.656425476074218750e+00
4.325899999999992360e+03 1.424847245216369629e+00
4.327379999999991924e+03 2.917854785919189453e+00
4.328859999999991487e+03 3.006318092346191406e+00
4.330339999999991051e+03 2.604542016983032227e+00
4.331819999999990614e+03 2.404074907302856445e+00
4.333299999999990177e+03 2.702405452728271484e+00
4.334779999999989741e+03 3.147945165634155273e+00
4.336259999999989304e+03 2.333127021789550781e+00
4.337739999999988868e+03 2.896735668182373047e+00
4.339219999999988431e+03 2.294456958770751953e+00
4.340699999999987995e+03 1.771876215934753418e+00
4.342179999999987558e+03 2.583745956420898438e+00
4.343659999999987122e+03 2.709033012390136719e+00
4.345139999999986685e+03 2.482527971267700195e+00
4.346619999999986248e+03 2.489692449569702148e+00
4.348099999999985812e+03 2.283263921737670898e+00
4.349579999999985375e+03 2.752336502075195312e+00
4.351059999999984939e+03 2.141513586044311523e+00
4.352539999999984502e+03 2.171806097030639648e+00
4.354019999999984066e+03 2.895574808120727539e+00
4.355499999999983629e+03 2.749138116836547852e+00
4.356979999999983193e+03 2.735380411148071289e+00
4.358459999999982756e+03 1.938144922256469727e+00
4.359939999999982319e+03 2.558774709701538086e+00
4.361419999999981883e+03 1.982696533203125000e+00
4.362899999999981446e+03 2.185989856719970703e+00
4.364379999999981010e+03 2.490169048309326172e+00
4.365859999999980573e+03 2.645108461380004883e+00
4.367339999999980137e+03 2.238034009933471680e+00
4.368819999999979700e+03 2.211589097976684570e+00
4.370299999999979264e+03 2.400931358337402344e+00
4.371779999999978827e+03 2.406383752822875977e+00
4.373259999999978390e+03 1.851867675781250000e+00
4.374739999999977954e+03 1.777861952781677246e+00
4.376219999999977517e+03 2.117426395416259766e+00
4.377699999999977081e+03 2.350213527679443359e+00
4.379179999999976644e+03 2.262153625488281250e+00
4.380659999999976208e+03 2.987849235534667969e+00
4.382139999999975771e+03 2.726394176483154297e+00
4.383619999999975335e+03 1.756141304969787598e+00
4.385099999999974898e+03 1.879747271537780762e+00
4.386579999999974461e+03 2.823804140090942383e+00
4.388059999999974025e+03 2.348166942596435547e+00
4.389539999999973588e+03 2.215086698532104492e+00
4.391019999999973152e+03 1.937909126281738281e+00
4.392499999999972715e+03 2.005359888076782227e+00
4.393979999999972279e+03 2.089800357818603516e+00
4.395459999999971842e+03 2.050972461700439453e+00
4.396939999999971405e+03 2.253368139266967773e+00
4.398419999999970969e+03 1.993533730506896973e+00
4.399899999999970532e+03 1.883145213127136230e+00
4.401379999999970096e+03 1.959914684295654297e+00
4.402859999999969659e+03 1.878846883773803711e+00
4.404339999999969223e+03 1.446219086647033691e+00
4.405819999999968786e+03 1.810616254806518555e+00
4.407299999999968350e+03 1.710180282592773438e+00
4.408779999999967913e+03 1.459434866905212402e+00
4.410259999999967476e+03 1.713924050331115723e+00
4.411739999999967040e+03 2.175353527069091797e+00
4.413219999999966603e+03 1.950280308723449707e+00
4.414699999999966167e+03 1.641829609870910645e+00
4.416179999999965730e+03 1.743236780166625977e+00
4.417659999999965294e+03 1.804199695587158203e+00
4.419139999999964857e+03 1.858766794204711914e+00
4.420619999999964421e+03 2.104402542114257812e+00
4.422099999999963984e+03 1.679810047149658203e+00
4.423579999999963547e+03 1.929602980613708496e+00
4.425059999999963111e+03 1.695917606353759766e+00
4.426539999999962674e+03 1.699564337730407715e+00
4.428019999999962238e+03 1.702553033828735352e+00
4.429499999999961801e+03 1.332085251808166504e+00
4.430979999999961365e+03 1.566954135894775391e+00
4.432459999999960928e+03 1.918148398399353027e+00
4.433939999999960492e+03 1.420585632324218750e+00
4.435419999999960055e+03 1.315807223320007324e+00
4.436899999999959618e+03 1.349385499954223633e+00
4.438379999999959182e+03 1.621815323829650879e+00
4.439859999999958745e+03 1.799736380577087402e+00
4.441339999999958309e+03 1.535936832427978516e+00
4.442819999999957872e+03 1.510566949844360352e+00
4.444299999999957436e+03 1.937326192855834961e+00
4.445779999999956999e+03 1.565221667289733887e+00
4.447259999999956563e+03 1.301834106445312500e+00
4.448739999999956126e+03 1.225090146064758301e+00
4.450219999999955689e+03 1.383824110031127930e+00
4.451699999999955253e+03 1.662873387336730957e+00
4.453179999999954816e+03 1.675628542900085449e+00
4.454659999999954380e+03 1.231346011161804199e+00
4.456139999999953943e+03 1.315241456031799316e+00
4.457619999999953507e+03 1.570810198783874512e+00
4.459099999999953070e+03 1.707297801971435547e+00
4.460579999999952634e+03 1.583593249320983887e+00
4.462059999999952197e+03 1.612493276596069336e+00
4.463539999999951760e+03 1.939960360527038574e+00
4.465019999999951324e+03 1.774969458580017090e+00
4.466499999999950887e+03 1.525792241096496582e+00
4.467979999999950451e+03 1.876219391822814941e+00
4.469459999999950014e+03 1.638694763183593750e+00
4.470939999999949578e+03 1.472592473030090332e+00
4.472419999999949141e+03 1.450369715690612793e+00
4.473899999999948704e+03 1.665212869644165039e+00
4.475379999999948268e+03 1.559393644332885742e+00
4.476859999999947831e+03 1.309106945991516113e+00
4.478339999999947395e+03 1.750297188758850098e+00
4.479819999999946958e+03 1.577041268348693848e+00
4.481299999999946522e+03 1.448851466178894043e+00
4.482779999999946085e+03 1.796789407730102539e+00
4.484259999999945649e+03 1.749796867370605469e+00
4.485739999999945212e+03 2.249515056610107422e+00
4.487219999999944775e+03 1.481194734573364258e+00
4.488699999999944339e+03 1.248986959457397461e+00
4.490179999999943902e+03 1.222253918647766113e+00
4.491659999999943466e+03 1.405774712562561035e+00
4.493139999999943029e+03 1.760273694992065430e+00
4.494619999999942593e+03 1.719400167465209961e+00
4.496099999999942156e+03 1.511776924133300781e+00
4.497579999999941720e+03 1.682721495628356934e+00
4.499059999999941283e+03 1.377475023269653320e+00
4.500539999999940846e+03 1.317397832870483398e+00
4.502019999999940410e+03 1.606808781623840332e+00
4.503499999999939973e+03 1.561845541000366211e+00
4.504979999999939537e+03 1.395985722541809082e+00
4.506459999999939100e+03 1.530562996864318848e+00
4.507939999999938664e+03 1.725678205490112305e+00
4.509419999999938227e+03 1.383241653442382812e+00
4.510899999999937791e+03 1.317203521728515625e+00
4.512379999999937354e+03 1.514368057250976562e+00
4.513859999999936917e+03 1.246891975402832031e+00
4.515339999999936481e+03 1.475575923919677734e+00
4.516819999999936044e+03 1.543036818504333496e+00
4.518299999999935608e+03 1.370511531829833984e+00
4.519779999999935171e+03 1.507676482200622559e+00
4.521259999999934735e+03 1.155175685882568359e+00
4.522739999999934298e+03 1.534276127815246582e+00
4.524219999999933862e+03 1.715668082237243652e+00
4.525699999999933425e+03 1.485172867774963379e+00
4.527179999999932988e+03 1.712944030761718750e+00
4.528659999999932552e+03 1.545728325843811035e+00
4.530139999999932115e+03 1.518311500549316406e+00
4.531619999999931679e+03 1.705796241760253906e+00
4.533099999999931242e+03 1.611990571022033691e+00
4.534579999999930806e+03 1.462993860244750977e+00
4.536059999999930369e+03 1.278279781341552734e+00
4.537539999999929933e+03 1.623221874237060547e+00
4.539019999999929496e+03 1.381340146064758301e+00
4.540499999999929059e+03 1.627451181411743164e+00
4.541979999999928623e+03 1.833863496780395508e+00
4.543459999999928186e+03 1.686014294624328613e+00
4.544939999999927750e+03 1.670322895050048828e+00
4.546419999999927313e+03 1.659075379371643066e+00
4.547899999999926877e+03 1.699271798133850098e+00
4.549379999999926440e+03 1.554812908172607422e+00
4.550859999999926004e+03 1.756375908851623535e+00
4.552339999999925567e+03 1.799381852149963379e+00
4.553819999999925130e+03 1.469081640243530273e+00
4.555299999999924694e+03 1.424641370773315430e+00
4.556779999999924257e+03 1.464463472366333008e+00
4.558259999999923821e+03 1.488824248313903809e+00
4.559739999999923384e+03 1.306211829185485840e+00
4.561219999999922948e+03 1.351193904876708984e+00
4.562699999999922511e+03 1.647833347320556641e+00
4.564179999999922074e+03 1.330412864685058594e+00
4.565659999999921638e+03 1.595373749732971191e+00
4.567139999999921201e+03 1.551940679550170898e+00
4.568619999999920765e+03 1.497094511985778809e+00
4.570099999999920328e+03 1.683475375175476074e+00
4.571579999999919892e+03 1.581461906433105469e+00
4.573059999999919455e+03 1.461420893669128418e+00
4.574539999999919019e+03 1.537097334861755371e+00
4.576019999999918582e+03 1.530034184455871582e+00
4.577499999999918145e+03 1.730530619621276855e+00
4.578979999999917709e+03 1.786096453666687012e+00
4.580459999999917272e+03 1.496305704116821289e+00
4.581939999999916836e+03 1.679478049278259277e+00
4.583419999999916399e+03 1.750912427902221680e+00
4.584899999999915963e+03 1.619036078453063965e+00
4.586379999999915526e+03 1.610857486724853516e+00
4.587859999999915090e+03 1.369530320167541504e+00
4.589339999999914653e+03 1.885693073272705078e+00
4.590819999999914216e+03 1.711962580680847168e+00
4.592299999999913780e+03 1.561116218566894531e+00
4.593779999999913343e+03 1.586926698684692383e+00
4.595259999999912907e+03 1.435579538345336914e+00
4.596739999999912470e+03 1.559519052505493164e+00
4.598219999999912034e+03 1.823048472404479980e+00
4.599699999999911597e+03 1.765316128730773926e+00
4.601179999999911161e+03 1.463578939437866211e+00
4.602659999999910724e+03 1.352929830551147461e+00
4.604139999999910287e+03 1.854274392127990723e+00
4.605619999999909851e+03 1.351371884346008301e+00
4.607099999999909414e+03 1.545024514198303223e+00
4.608579999999908978e+03 1.625415921211242676e+00
4.610059999999908541e+03 1.759127020835876465e+00
4.611539999999908105e+03 1.669027209281921387e+00
4.613019999999907668e+03 1.709615349769592285e+00
4.614499999999907232e+03 1.906272530555725098e+00
4.615979999999906795e+03 1.468221426010131836e+00
4.617459999999906358e+03 1.465849161148071289e+00
4.618939999999905922e+03 1.435647368431091309e+00
4.620419999999905485e+03 1.939652085304260254e+00
4.621899999999905049e+03 1.714344143867492676e+00
4.623379999999904612e+03 1.521155714988708496e+00
4.624859999999904176e+03 1.698834896087646484e+00
4.626339999999903739e+03 1.496505379676818848e+00
4.627819999999903303e+03 1.866064548492431641e+00
4.629299999999902866e+03 1.674848437309265137e+00
4.630779999999902429e+03 1.412862777709960938e+00
4.632259999999901993e+03 1.818658471107482910e+00
4.633739999999901556e+03 1.590886950492858887e+00
4.635219999999901120e+03 1.405471563339233398e+00
4.636699999999900683e+03 1.545485258102416992e+00
4.638179999999900247e+03 1.310497999191284180e+00
4.639659999999899810e+03 1.334546089172363281e+00
4.641139999999899374e+03 1.235929012298583984e+00
4.642619999999898937e+03 1.354965209960937500e+00
4.644099999999898500e+03 1.462306380271911621e+00
4.645579999999898064e+03 1.733783364295959473e+00
4.647059999999897627e+03 1.651666760444641113e+00
4.648539999999897191e+03 1.568114042282104492e+00
4.650019999999896754e+03 1.583254933357238770e+00
4.651499999999896318e+03 1.666354060173034668e+00
4.652979999999895881e+03 1.791854858398437500e+00
4.654459999999895444e+03 1.744946599006652832e+00
4.655939999999895008e+03 1.439184546470642090e+00
4.657419999999894571e+03 1.244778871536254883e+00
4.658899999999894135e+03 1.584463119506835938e+00
4.660379999999893698e+03 1.893866419792175293e+00
4.661859999999893262e+03 1.474601507186889648e+00
4.663339999999892825e+03 1.314121484756469727e+00
4.664819999999892389e+03 1.687399864196777344e+00
4.666299999999891952e+03 1.870115160942077637e+00
4.667779999999891515e+03 1.531801462173461914e+00
4.669259999999891079e+03 1.776707172393798828e+00
4.670739999999890642e+03 1.850941181182861328e+00
4.672219999999890206e+03 1.459395051002502441e+00
4.673699999999889769e+03 1.540562868118286133e+00
4.675179999999889333e+03 1.762337684631347656e+00
4.676659999999888896e+03 1.898614764213562012e+00
4.678139999999888460e+03 1.777860283851623535e+00
4.679619999999888023e+03 1.490890741348266602e+00
4.681099999999887586e+03 1.559026241302490234e+00
4.682579999999887150e+03 1.658072948455810547e+00
4.684059999999886713e+03 1.635308027267456055e+00
4.685539999999886277e+03 1.731514930725097656e+00
4.687019999999885840e+03 1.726579904556274414e+00
4.688499999999885404e+03 1.374292254447937012e+00
4.689979999999884967e+03 1.552576780319213867e+00
4.691459999999884531e+03 1.274764418601989746e+00
4.692939999999884094e+03 1.423059463500976562e+00
4.694419999999883657e+03 1.682386517524719238e+00
4.695899999999883221e+03 1.719277739524841309e+00
4.697379999999882784e+03 1.570069074630737305e+00
4.698859999999882348e+03 1.629708766937255859e+00
4.700339999999881911e+03 1.609439849853515625e+00
4.701819999999881475e+03 1.571985960006713867e+00
4.703299999999881038e+03 1.409471154212951660e+00
4.704779999999880602e+03 1.598651409149169922e+00
4.706259999999880165e+03 1.649212002754211426e+00
4.707739999999879728e+03 1.346260070800781250e+00
4.709219999999879292e+03 1.464601159095764160e+00
4.710699999999878855e+03 1.608635306358337402e+00
4.712179999999878419e+03 1.502256155014038086e+00
4.713659999999877982e+03 1.628059267997741699e+00
4.715139999999877546e+03 1.392777085304260254e+00
4.716619999999877109e+03 1.528940916061401367e+00
4.718099999999876673e+03 1.435906648635864258e+00
4.719579999999876236e+03 1.722179055213928223e+00
4.721059999999875799e+03 1.772979736328125000e+00
4.722539999999875363e+03 1.649584770202636719e+00
4.724019999999874926e+03 1.617246985435485840e+00
4.725499999999874490e+03 1.690460920333862305e+00
4.726979999999874053e+03 1.692806243896484375e+00
4.728459999999873617e+03 1.561972498893737793e+00
4.729939999999873180e+03 1.513936519622802734e+00
4.731419999999872744e+03 1.774577856063842773e+00
4.732899999999872307e+03 1.766795158386230469e+00
4.734379999999871870e+03 1.728968143463134766e+00
4.735859999999871434e+03 1.489614605903625488e+00
4.737339999999870997e+03 1.436144709587097168e+00
4.738819999999870561e+03 1.731128215789794922e+00
4.740299999999870124e+03 1.639713168144226074e+00
4.741779999999869688e+03 1.659673094749450684e+00
4.743259999999869251e+03 1.472164750099182129e+00
4.744739999999868814e+03 1.552551031112670898e+00
4.746219999999868378e+03 1.838330864906311035e+00
4.747699999999867941e+03 1.332713842391967773e+00
4.749179999999867505e+03 1.538672208786010742e+00
4.750659999999867068e+03 1.597366690635681152e+00
4.752139999999866632e+03 1.623177170753479004e+00
4.753619999999866195e+03 1.405906558036804199e+00
4.755099999999865759e+03 1.421507358551025391e+00
4.756579999999865322e+03 1.417022943496704102e+00
4.758059999999864885e+03 1.500510334968566895e+00
4.759539999999864449e+03 1.621985435485839844e+00
4.761019999999864012e+03 1.406754255294799805e+00
4.762499999999863576e+03 1.628373742103576660e+00
4.763979999999863139e+03 1.520093560218811035e+00
4.765459999999862703e+03 1.500954389572143555e+00
4.766939999999862266e+03 1.385175108909606934e+00
4.768419999999861830e+03 1.515943050384521484e+00
4.769899999999861393e+03 1.741800308227539062e+00
4.771379999999860956e+03 1.620354175567626953e+00
4.772859999999860520e+03 1.640072584152221680e+00
4.774339999999860083e+03 1.751802921295166016e+00
4.775819999999859647e+03 1.768100857734680176e+00
4.777299999999859210e+03 1.400449037551879883e+00
4.778779999999858774e+03 1.474054455757141113e+00
4.780259999999858337e+03 1.501401424407958984e+00
4.781739999999857901e+03 1.466115117073059082e+00
4.783219999999857464e+03 1.439875483512878418e+00
4.784699999999857027e+03 1.886971831321716309e+00
4.786179999999856591e+03 1.384204864501953125e+00
4.787659999999856154e+03 1.613658666610717773e+00
4.789139999999855718e+03 1.516151785850524902e+00
4.790619999999855281e+03 1.543146967887878418e+00
4.792099999999854845e+03 1.544078111648559570e+00
4.793579999999854408e+03 1.569976449012756348e+00
4.795059999999853972e+03 1.609301090240478516e+00
4.796539999999853535e+03 1.461293935775756836e+00
4.798019999999853098e+03 1.607941985130310059e+00
4.799499999999852662e+03 1.596251249313354492e+00
4.800979999999852225e+03 1.366038560867309570e+00
4.802459999999851789e+03 1.599565863609313965e+00
4.803939999999851352e+03 1.880062460899353027e+00
4.805419999999850916e+03 1.474254727363586426e+00
4.806899999999850479e+03 1.640398263931274414e+00
4.808379999999850043e+03 1.741373181343078613e+00
4.809859999999849606e+03 1.485055088996887207e+00
4.811339999999849169e+03 1.509581804275512695e+00
4.812819999999848733e+03 1.570755124092102051e+00
4.814299999999848296e+03 1.350036382675170898e+00
4.815779999999847860e+03 1.441142559051513672e+00
4.817259999999847423e+03 1.512364029884338379e+00
4.818739999999846987e+03 1.595604777336120605e+00
4.820219999999846550e+03 1.607570767402648926e+00
4.821699999999846113e+03 1.625820398330688477e+00
4.823179999999845677e+03 1.601675391197204590e+00
4.824659999999845240e+03 1.528323292732238770e+00
4.826139999999844804e+03 1.580892562866210938e+00
4.827619999999844367e+03 1.762494206428527832e+00
4.829099999999843931e+03 1.605450749397277832e+00
4.830579999999843494e+03 1.590630531311035156e+00
4.832059999999843058e+03 1.725713491439819336e+00
4.833539999999842621e+03 1.649663329124450684e+00
4.835019999999842184e+03 1.569254159927368164e+00
4.836499999999841748e+03 1.829593777656555176e+00
4.837979999999841311e+03 2.048436880111694336e+00
4.839459999999840875e+03 1.394822478294372559e+00
4.840939999999840438e+03 1.897287368774414062e+00
4.842419999999840002e+03 1.676656007766723633e+00
4.843899999999839565e+03 1.555783390998840332e+00
4.845379999999839129e+03 1.725077271461486816e+00
4.846859999999838692e+03 1.528277397155761719e+00
4.848339999999838255e+03 1.628776550292968750e+00
4.849819999999837819e+03 1.555829405784606934e+00
4.851299999999837382e+03 1.767810940742492676e+00
4.852779999999836946e+03 1.716445207595825195e+00
4.854259999999836509e+03 1.627252817153930664e+00
4.855739999999836073e+03 1.826508283615112305e+00
4.857219999999835636e+03 2.016470193862915039e+00
4.858699999999835200e+03 2.040328979492187500e+00
4.860179999999834763e+03 1.702258944511413574e+00
4.861659999999834326e+03 1.570048809051513672e+00
4.863139999999833890e+03 1.765145540237426758e+00
4.864619999999833453e+03 1.680990695953369141e+00
4.866099999999833017e+03 1.799868226051330566e+00
4.867579999999832580e+03 1.697436690330505371e+00
4.869059999999832144e+03 1.715814352035522461e+00
4.870539999999831707e+03 1.695164203643798828e+00
4.872019999999831271e+03 1.568743705749511719e+00
4.873499999999830834e+03 1.842429280281066895e+00
4.874979999999830397e+03 1.752908587455749512e+00
4.876459999999829961e+03 1.686001658439636230e+00
4.877939999999829524e+03 1.505975008010864258e+00
4.879419999999829088e+03 1.657663822174072266e+00
4.880899999999828651e+03 1.479886174201965332e+00
4.882379999999828215e+03 1.672401189804077148e+00
4.883859999999827778e+03 1.692724227905273438e+00
4.885339999999827342e+03 1.617299199104309082e+00
4.886819999999826905e+03 1.605046987533569336e+00
4.888299999999826468e+03 1.848991632461547852e+00
4.889779999999826032e+03 1.742285132408142090e+00
4.891259999999825595e+03 1.717916846275329590e+00
4.892739999999825159e+03 1.785350561141967773e+00
4.894219999999824722e+03 1.622344017028808594e+00
4.895699999999824286e+03 1.813735723495483398e+00
4.897179999999823849e+03 1.556112408638000488e+00
4.898659999999823413e+03 1.683738589286804199e+00
4.900139999999822976e+03 1.676377296447753906e+00
4.901619999999822539e+03 1.700824022293090820e+00
4.903099999999822103e+03 1.534896850585937500e+00
4.904579999999821666e+03 1.576488137245178223e+00
4.906059999999821230e+03 1.774968862533569336e+00
4.907539999999820793e+03 1.771514534950256348e+00
4.909019999999820357e+03 1.728493213653564453e+00
4.910499999999819920e+03 1.724853157997131348e+00
4.911979999999819483e+03 1.831518530845642090e+00
4.913459999999819047e+03 1.755941629409790039e+00
4.914939999999818610e+03 1.855656147003173828e+00
4.916419999999818174e+03 1.836223959922790527e+00
4.917899999999817737e+03 1.847456932067871094e+00
4.919379999999817301e+03 1.677140593528747559e+00
4.920859999999816864e+03 1.822236657142639160e+00
4.922339999999816428e+03 2.031513452529907227e+00
4.923819999999815991e+03 1.756028890609741211e+00
4.925299999999815554e+03 1.657812833786010742e+00
4.926779999999815118e+03 1.839458942413330078e+00
4.928259999999814681e+03 1.870260119438171387e+00
4.929739999999814245e+03 1.663102149963378906e+00
4.931219999999813808e+03 1.777823567390441895e+00
4.932699999999813372e+03 1.907873392105102539e+00
4.934179999999812935e+03 1.770134568214416504e+00
4.935659999999812499e+03 1.975183606147766113e+00
4.937139999999812062e+03 1.803660035133361816e+00
4.938619999999811625e+03 1.716858029365539551e+00
4.940099999999811189e+03 1.750848293304443359e+00
4.941579999999810752e+03 1.803918123245239258e+00
4.943059999999810316e+03 2.100241661071777344e+00
4.944539999999809879e+03 1.839082837104797363e+00
4.946019999999809443e+03 1.874694705009460449e+00
4.947499999999809006e+03 1.765470147132873535e+00
4.948979999999808570e+03 1.747792124748229980e+00
4.950459999999808133e+03 1.814342856407165527e+00
4.951939999999807696e+03 1.767861366271972656e+00
4.953419999999807260e+03 1.700200438499450684e+00
4.954899999999806823e+03 1.862985849380493164e+00
4.956379999999806387e+03 1.599052309989929199e+00
4.957859999999805950e+03 1.607170820236206055e+00
4.959339999999805514e+03 1.915485978126525879e+00
4.960819999999805077e+03 1.741047382354736328e+00
4.962299999999804641e+03 1.660542488098144531e+00
4.963779999999804204e+03 1.762870192527770996e+00
4.965259999999803767e+03 1.815708398818969727e+00
4.966739999999803331e+03 1.779611945152282715e+00
4.968219999999802894e+03 1.745573997497558594e+00
4.969699999999802458e+03 1.541904687881469727e+00
4.971179999999802021e+03 1.458883285522460938e+00
4.972659999999801585e+03 1.275359511375427246e+00
4.974139999999801148e+03 1.827968001365661621e+00
4.975619999999800712e+03 3.297142505645751953e+00
4.977099999999800275e+03 3.740628004074096680e+00
4.978579999999799838e+03 2.264053583145141602e+00
4.980059999999799402e+03 1.514203429222106934e+00
4.981539999999798965e+03 1.545604109764099121e+00
4.983019999999798529e+03 1.560057520866394043e+00
4.984499999999798092e+03 1.686773657798767090e+00
4.985979999999797656e+03 1.750610113143920898e+00
4.987459999999797219e+03 1.750873088836669922e+00
4.988939999999796783e+03 1.609066247940063477e+00
4.990419999999796346e+03 1.614351391792297363e+00
4.991899999999795909e+03 1.513072371482849121e+00
4.993379999999795473e+03 1.823094367980957031e+00
4.994859999999795036e+03 2.071817398071289062e+00
4.996339999999794600e+03 1.987177968025207520e+00
4.997819999999794163e+03 1.789262413978576660e+00
4.999299999999793727e+03 1.905809521675109863e+00
5.000779999999793290e+03 1.809059381484985352e+00
5.002259999999792853e+03 1.711761355400085449e+00
5.003739999999792417e+03 1.825092434883117676e+00
5.005219999999791980e+03 1.769247174263000488e+00
5.006699999999791544e+03 1.825327157974243164e+00
5.008179999999791107e+03 1.838156461715698242e+00
5.009659999999790671e+03 2.035527944564819336e+00
5.011139999999790234e+03 2.097409963607788086e+00
5.012619999999789798e+03 1.776334404945373535e+00
5.014099999999789361e+03 2.113102436065673828e+00
5.015579999999788924e+03 1.978375911712646484e+00
5.017059999999788488e+03 1.971881031990051270e+00
5.018539999999788051e+03 1.967435598373413086e+00
5.020019999999787615e+03 1.947342991828918457e+00
5.021499999999787178e+03 1.884576082229614258e+00
5.022979999999786742e+03 2.120460987091064453e+00
5.024459999999786305e+03 2.109663724899291992e+00
5.025939999999785869e+03 1.985619425773620605e+00
5.027419999999785432e+03 1.847983717918395996e+00
5.028899999999784995e+03 1.959487557411193848e+00
5.030379999999784559e+03 1.892913579940795898e+00
5.031859999999784122e+03 2.015478134155273438e+00
5.033339999999783686e+03 2.034677505493164062e+00
5.034819999999783249e+03 1.715896129608154297e+00
5.036299999999782813e+03 1.729299068450927734e+00
5.037779999999782376e+03 1.872835755348205566e+00
5.039259999999781940e+03 1.776760339736938477e+00
5.040739999999781503e+03 1.806612849235534668e+00
5.042219999999781066e+03 1.904526948928833008e+00
5.043699999999780630e+03 2.039792060852050781e+00
5.045179999999780193e+03 2.176688194274902344e+00
5.046659999999779757e+03 2.210043430328369141e+00
5.048139999999779320e+03 1.970180273056030273e+00
5.049619999999778884e+03 2.176233053207397461e+00
5.051099999999778447e+03 1.856206178665161133e+00
5.052579999999778011e+03 2.037641525268554688e+00
5.054059999999777574e+03 2.041344404220581055e+00
5.055539999999777137e+03 1.874891042709350586e+00
5.057019999999776701e+03 1.840743184089660645e+00
5.058499999999776264e+03 1.979506850242614746e+00
5.059979999999775828e+03 1.985903501510620117e+00
5.061459999999775391e+03 2.176991701126098633e+00
5.062939999999774955e+03 2.200392246246337891e+00
5.064419999999774518e+03 2.078846693038940430e+00
5.065899999999774082e+03 2.163936138153076172e+00
5.067379999999773645e+03 1.990095257759094238e+00
5.068859999999773208e+03 2.109638690948486328e+00
5.070339999999772772e+03 2.203101158142089844e+00
5.071819999999772335e+03 2.209058284759521484e+00
5.073299999999771899e+03 2.100790023803710938e+00
5.074779999999771462e+03 2.061104059219360352e+00
5.076259999999771026e+03 2.580602169036865234e+00
5.077739999999770589e+03 2.528487205505371094e+00
5.079219999999770152e+03 2.110550642013549805e+00
5.080699999999769716e+03 2.119494199752807617e+00
5.082179999999769279e+03 1.996885180473327637e+00
5.083659999999768843e+03 2.138729333877563477e+00
5.085139999999768406e+03 2.193907499313354492e+00
5.086619999999767970e+03 2.054101705551147461e+00
5.088099999999767533e+03 2.084465503692626953e+00
5.089579999999767097e+03 2.229970932006835938e+00
5.091059999999766660e+03 2.175668001174926758e+00
5.092539999999766223e+03 2.144879102706909180e+00
5.094019999999765787e+03 2.330339908599853516e+00
5.095499999999765350e+03 2.208920001983642578e+00
5.096979999999764914e+03 2.148882150650024414e+00
5.098459999999764477e+03 1.966885685920715332e+00
5.099939999999764041e+03 2.019001722335815430e+00
5.101419999999763604e+03 1.988849043846130371e+00
5.102899999999763168e+03 2.211871623992919922e+00
5.104379999999762731e+03 2.252618551254272461e+00
5.105859999999762294e+03 2.151617527008056641e+00
5.107339999999761858e+03 2.161823511123657227e+00
5.108819999999761421e+03 2.088131904602050781e+00
5.110299999999760985e+03 2.059813737869262695e+00
5.111779999999760548e+03 2.164213418960571289e+00
5.113259999999760112e+03 2.231960535049438477e+00
5.114739999999759675e+03 2.070671081542968750e+00
5.116219999999759239e+03 2.170582532882690430e+00
5.117699999999758802e+03 2.258475780487060547e+00
5.119179999999758365e+03 2.007222652435302734e+00
5.120659999999757929e+03 2.016499280929565430e+00
5.122139999999757492e+03 2.239207029342651367e+00
5.123619999999757056e+03 2.790924787521362305e+00
5.125099999999756619e+03 3.550880670547485352e+00
5.126579999999756183e+03 3.245538711547851562e+00
5.128059999999755746e+03 2.395840644836425781e+00
5.129539999999755310e+03 2.006404638290405273e+00
5.131019999999754873e+03 1.872498631477355957e+00
5.132499999999754436e+03 1.949181914329528809e+00
5.133979999999754000e+03 2.078762769699096680e+00
5.135459999999753563e+03 2.115473985671997070e+00
5.136939999999753127e+03 1.932595133781433105e+00
5.138419999999752690e+03 1.926592111587524414e+00
5.139899999999752254e+03 2.030634641647338867e+00
5.141379999999751817e+03 1.863229274749755859e+00
5.142859999999751381e+03 2.162630796432495117e+00
5.144339999999750944e+03 2.305070638656616211e+00
5.145819999999750507e+03 2.068338394165039062e+00
5.147299999999750071e+03 1.996462821960449219e+00
5.148779999999749634e+03 2.163664579391479492e+00
5.150259999999749198e+03 2.226276159286499023e+00
5.151739999999748761e+03 2.198739528656005859e+00
5.153219999999748325e+03 2.084078073501586914e+00
5.154699999999747888e+03 2.082978010177612305e+00
5.156179999999747452e+03 2.250634431838989258e+00
5.157659999999747015e+03 2.182052612304687500e+00
5.159139999999746578e+03 1.936558723449707031e+00
5.160619999999746142e+03 2.089262008666992188e+00
5.162099999999745705e+03 2.187977313995361328e+00
5.163579999999745269e+03 2.320338726043701172e+00
5.165059999999744832e+03 2.249231100082397461e+00
5.166539999999744396e+03 2.072751045227050781e+00
5.168019999999743959e+03 2.146258354187011719e+00
5.169499999999743522e+03 2.127655267715454102e+00
5.170979999999743086e+03 2.063127040863037109e+00
5.172459999999742649e+03 1.821655511856079102e+00
5.173939999999742213e+03 2.058625936508178711e+00
5.175419999999741776e+03 2.305680513381958008e+00
5.176899999999741340e+03 2.285477638244628906e+00
5.178379999999740903e+03 2.227792263031005859e+00
5.179859999999740467e+03 2.244364261627197266e+00
5.181339999999740030e+03 2.408075809478759766e+00
5.182819999999739593e+03 2.076200246810913086e+00
5.184299999999739157e+03 1.993122220039367676e+00
5.185779999999738720e+03 2.331775188446044922e+00
5.187259999999738284e+03 2.190137624740600586e+00
5.188739999999737847e+03 2.248933076858520508e+00
5.190219999999737411e+03 2.234153509140014648e+00
5.191699999999736974e+03 1.839187979698181152e+00
5.193179999999736538e+03 2.114635229110717773e+00
5.194659999999736101e+03 2.245268821716308594e+00
5.196139999999735664e+03 2.151800394058227539e+00
5.197619999999735228e+03 2.216993570327758789e+00
5.199099999999734791e+03 2.078428983688354492e+00
5.200579999999734355e+03 2.152580499649047852e+00
5.202059999999733918e+03 2.228893041610717773e+00
5.203539999999733482e+03 2.125334739685058594e+00
5.205019999999733045e+03 2.215587377548217773e+00
5.206499999999732609e+03 2.113476753234863281e+00
5.207979999999732172e+03 2.251997709274291992e+00
5.209459999999731735e+03 2.240483045578002930e+00
5.210939999999731299e+03 2.218336105346679688e+00
5.212419999999730862e+03 2.257894039154052734e+00
5.213899999999730426e+03 2.305578708648681641e+00
5.215379999999729989e+03 2.192555427551269531e+00
5.216859999999729553e+03 1.996705889701843262e+00
5.218339999999729116e+03 2.204308748245239258e+00
5.219819999999728680e+03 2.031311750411987305e+00
5.221299999999728243e+03 2.089570045471191406e+00
5.222779999999727806e+03 2.367858409881591797e+00
5.224259999999727370e+03 2.257282257080078125e+00
5.225739999999726933e+03 2.109552860260009766e+00
5.227219999999726497e+03 2.195749044418334961e+00
5.228699999999726060e+03 2.120357513427734375e+00
5.230179999999725624e+03 2.210408926010131836e+00
5.231659999999725187e+03 2.250285387039184570e+00
5.233139999999724751e+03 2.145196676254272461e+00
5.234619999999724314e+03 2.224178314208984375e+00
5.236099999999723877e+03 2.294996738433837891e+00
5.237579999999723441e+03 2.320732831954956055e+00
5.239059999999723004e+03 2.308552742004394531e+00
5.240539999999722568e+03 2.315311908721923828e+00
5.242019999999722131e+03 2.238151311874389648e+00
5.243499999999721695e+03 2.215628862380981445e+00
5.244979999999721258e+03 2.283258914947509766e+00
5.246459999999720822e+03 2.004499435424804688e+00
5.247939999999720385e+03 2.118140459060668945e+00
5.249419999999719948e+03 2.126369953155517578e+00
5.250899999999719512e+03 2.136066436767578125e+00
5.252379999999719075e+03 2.203137636184692383e+00
5.253859999999718639e+03 2.173923730850219727e+00
5.255339999999718202e+03 2.198937416076660156e+00
5.256819999999717766e+03 2.235430717468261719e+00
5.258299999999717329e+03 2.284108161926269531e+00
5.259779999999716892e+03 2.399360418319702148e+00
5.261259999999716456e+03 2.260687828063964844e+00
5.262739999999716019e+03 2.140438556671142578e+00
5.264219999999715583e+03 2.026816606521606445e+00
5.265699999999715146e+03 1.990728139877319336e+00
5.267179999999714710e+03 2.140765666961669922e+00
5.268659999999714273e+03 1.991490960121154785e+00
5.270139999999713837e+03 1.961041212081909180e+00
5.271619999999713400e+03 2.216016292572021484e+00
5.273099999999712963e+03 2.147236824035644531e+00
5.274579999999712527e+03 2.160742521286010742e+00
5.276059999999712090e+03 2.234913110733032227e+00
5.277539999999711654e+03 2.361229181289672852e+00
5.279019999999711217e+03 2.383065938949584961e+00
5.280499999999710781e+03 2.173689365386962891e+00
5.281979999999710344e+03 2.000421762466430664e+00
5.283459999999709908e+03 2.259807348251342773e+00
5.284939999999709471e+03 2.255097866058349609e+00
5.286419999999709034e+03 2.119010448455810547e+00
5.287899999999708598e+03 2.023868799209594727e+00
5.289379999999708161e+03 1.906185030937194824e+00
5.290859999999707725e+03 1.826728820800781250e+00
5.292339999999707288e+03 1.923929691314697266e+00
5.293819999999706852e+03 1.964888572692871094e+00
5.295299999999706415e+03 1.987204432487487793e+00
5.296779999999705979e+03 1.937681078910827637e+00
5.298259999999705542e+03 2.077083110809326172e+00
5.299739999999705105e+03 2.205833196640014648e+00
5.301219999999704669e+03 2.096798896789550781e+00
5.302699999999704232e+03 2.209249734878540039e+00
5.304179999999703796e+03 2.085115909576416016e+00
5.305659999999703359e+03 1.813656687736511230e+00
5.307139999999702923e+03 1.813777565956115723e+00
5.308619999999702486e+03 2.266528129577636719e+00
5.310099999999702050e+03 2.257117033004760742e+00
5.311579999999701613e+03 2.169750452041625977e+00
5.313059999999701176e+03 2.120954990386962891e+00
5.314539999999700740e+03 2.018160104751586914e+00
5.316019999999700303e+03 2.043618917465209961e+00
5.317499999999699867e+03 2.071349859237670898e+00
5.318979999999699430e+03 2.138515710830688477e+00
5.320459999999698994e+03 2.276084899902343750e+00
5.321939999999698557e+03 2.382040023803710938e+00
5.323419999999698121e+03 2.266606092453002930e+00
5.324899999999697684e+03 2.212659358978271484e+00
5.326379999999697247e+03 2.132414817810058594e+00
5.327859999999696811e+03 1.805437564849853516e+00
5.329339999999696374e+03 2.117333889007568359e+00
5.330819999999695938e+03 2.190148115158081055e+00
5.332299999999695501e+03 2.106478214263916016e+00
5.333779999999695065e+03 2.161174535751342773e+00
5.335259999999694628e+03 2.191178560256958008e+00
5.336739999999694192e+03 2.038871049880981445e+00
5.338219999999693755e+03 2.106512308120727539e+00
5.339699999999693318e+03 1.925763130187988281e+00
5.341179999999692882e+03 2.256160020828247070e+00
5.342659999999692445e+03 2.249008655548095703e+00
5.344139999999692009e+03 2.265525341033935547e+00
5.345619999999691572e+03 2.216428041458129883e+00
5.347099999999691136e+03 2.225648641586303711e+00
5.348579999999690699e+03 2.014362096786499023e+00
5.350059999999690262e+03 2.022397041320800781e+00
5.351539999999689826e+03 2.052974224090576172e+00
5.353019999999689389e+03 2.052699089050292969e+00
5.354499999999688953e+03 2.148616075515747070e+00
5.355979999999688516e+03 2.189616680145263672e+00
5.357459999999688080e+03 2.078538179397583008e+00
5.358939999999687643e+03 2.173481702804565430e+00
5.360419999999687207e+03 2.149097204208374023e+00
5.361899999999686770e+03 2.127729177474975586e+00
5.363379999999686333e+03 2.263250589370727539e+00
5.364859999999685897e+03 2.230716228485107422e+00
5.366339999999685460e+03 2.424258947372436523e+00
5.367819999999685024e+03 2.407977104187011719e+00
5.369299999999684587e+03 2.160170555114746094e+00
5.370779999999684151e+03 2.110709190368652344e+00
5.372259999999683714e+03 2.153792381286621094e+00
5.373739999999683278e+03 2.191776037216186523e+00
5.375219999999682841e+03 2.148351907730102539e+00
5.376699999999682404e+03 2.186819314956665039e+00
5.378179999999681968e+03 2.111222028732299805e+00
5.379659999999681531e+03 2.158697128295898438e+00
5.381139999999681095e+03 2.221415519714355469e+00
5.382619999999680658e+03 2.101849079132080078e+00
5.384099999999680222e+03 2.161306858062744141e+00
5.385579999999679785e+03 2.242621421813964844e+00
5.387059999999679349e+03 2.031898975372314453e+00
5.388539999999678912e+03 2.067794561386108398e+00
5.390019999999678475e+03 2.111395120620727539e+00
5.391499999999678039e+03 2.055276632308959961e+00
5.392979999999677602e+03 2.105756998062133789e+00
5.394459999999677166e+03 2.033557653427124023e+00
5.395939999999676729e+03 2.080367565155029297e+00
5.397419999999676293e+03 2.215393543243408203e+00
5.398899999999675856e+03 2.212142229080200195e+00
5.400379999999675420e+03 2.236913442611694336e+00
5.401859999999674983e+03 2.232328653335571289e+00
5.403339999999674546e+03 2.257946252822875977e+00
5.404819999999674110e+03 2.212637186050415039e+00
5.406299999999673673e+03 2.190045833587646484e+00
5.407779999999673237e+03 2.186539173126220703e+00
5.409259999999672800e+03 2.053060054779052734e+00
5.410739999999672364e+03 2.176749706268310547e+00
5.412219999999671927e+03 2.262905836105346680e+00
5.413699999999671491e+03 2.290365934371948242e+00
5.415179999999671054e+03 2.421972274780273438e+00
5.416659999999670617e+03 2.332885265350341797e+00
5.418139999999670181e+03 2.289449453353881836e+00
5.419619999999669744e+03 2.178912401199340820e+00
5.421099999999669308e+03 2.163142442703247070e+00
5.422579999999668871e+03 2.120258331298828125e+00
5.424059999999668435e+03 2.149367332458496094e+00
5.425539999999667998e+03 2.220620393753051758e+00
5.427019999999667561e+03 2.120867013931274414e+00
5.428499999999667125e+03 2.098018407821655273e+00
5.429979999999666688e+03 2.333870887756347656e+00
5.431459999999666252e+03 2.285817861557006836e+00
5.432939999999665815e+03 2.099791049957275391e+00
5.434419999999665379e+03 2.159358501434326172e+00
5.435899999999664942e+03 2.392557859420776367e+00
5.437379999999664506e+03 2.200693130493164062e+00
5.438859999999664069e+03 2.434016942977905273e+00
5.440339999999663632e+03 2.460891485214233398e+00
5.441819999999663196e+03 2.124271631240844727e+00
5.443299999999662759e+03 2.177376747131347656e+00
5.444779999999662323e+03 2.233633995056152344e+00
5.446259999999661886e+03 2.114136219024658203e+00
5.447739999999661450e+03 2.218315362930297852e+00
5.449219999999661013e+03 2.137772798538208008e+00
5.450699999999660577e+03 2.039233446121215820e+00
5.452179999999660140e+03 1.994521737098693848e+00
5.453659999999659703e+03 2.052205324172973633e+00
5.455139999999659267e+03 1.879574775695800781e+00
5.456619999999658830e+03 2.090237379074096680e+00
5.458099999999658394e+03 2.244090080261230469e+00
5.459579999999657957e+03 2.260996341705322266e+00
5.461059999999657521e+03 2.269989013671875000e+00
5.462539999999657084e+03 2.197483062744140625e+00
5.464019999999656648e+03 2.240706682205200195e+00
5.465499999999656211e+03 2.281226873397827148e+00
5.466979999999655774e+03 2.257796049118041992e+00
5.468459999999655338e+03 2.024887084960937500e+00
5.469939999999654901e+03 2.132670164108276367e+00
5.471419999999654465e+03 2.250125885009765625e+00
5.472899999999654028e+03 2.263721942901611328e+00
5.474379999999653592e+03 2.143709659576416016e+00
5.475859999999653155e+03 2.087552309036254883e+00
5.477339999999652719e+03 2.209902286529541016e+00
5.478819999999652282e+03 2.182739973068237305e+00
5.480299999999651845e+03 2.233506917953491211e+00
5.481779999999651409e+03 2.130270242691040039e+00
5.483259999999650972e+03 2.294904470443725586e+00
5.484739999999650536e+03 2.359845638275146484e+00
5.486219999999650099e+03 2.270483255386352539e+00
5.487699999999649663e+03 2.268616914749145508e+00
5.489179999999649226e+03 2.220537424087524414e+00
5.490659999999648790e+03 2.292340278625488281e+00
5.492139999999648353e+03 2.274940013885498047e+00
5.493619999999647916e+03 2.245824813842773438e+00
5.495099999999647480e+03 2.271924257278442383e+00
5.496579999999647043e+03 2.011172056198120117e+00
5.498059999999646607e+03 2.038211107254028320e+00
5.499539999999646170e+03 2.181290626525878906e+00
5.501019999999645734e+03 2.245630502700805664e+00
5.502499999999645297e+03 2.446515798568725586e+00
5.503979999999644861e+03 2.284609317779541016e+00
5.505459999999644424e+03 2.153979539871215820e+00
5.506939999999643987e+03 2.297645330429077148e+00
5.508419999999643551e+03 2.303441762924194336e+00
5.509899999999643114e+03 2.180177211761474609e+00
5.511379999999642678e+03 2.192173957824707031e+00
5.512859999999642241e+03 2.272995471954345703e+00
5.514339999999641805e+03 2.267146348953247070e+00
5.515819999999641368e+03 2.145212411880493164e+00
5.517299999999640931e+03 2.132743120193481445e+00
5.518779999999640495e+03 2.108623504638671875e+00
5.520259999999640058e+03 2.066356658935546875e+00
5.521739999999639622e+03 2.035095930099487305e+00
5.523219999999639185e+03 2.157313585281372070e+00
5.524699999999638749e+03 2.185598850250244141e+00
5.526179999999638312e+03 2.099718809127807617e+00
5.527659999999637876e+03 2.140170335769653320e+00
5.529139999999637439e+03 2.184385299682617188e+00
5.530619999999637002e+03 2.133610486984252930e+00
5.532099999999636566e+03 2.205336093902587891e+00
5.533579999999636129e+03 2.153768539428710938e+00
5.535059999999635693e+03 2.161661624908447266e+00
5.536539999999635256e+03 2.205017566680908203e+00
5.538019999999634820e+03 2.116421699523925781e+00
5.539499999999634383e+03 2.198524236679077148e+00
5.540979999999633947e+03 2.276368618011474609e+00
5.542459999999633510e+03 2.229254961013793945e+00
5.543939999999633073e+03 2.192988872528076172e+00
5.545419999999632637e+03 2.280843496322631836e+00
5.546899999999632200e+03 2.246696472167968750e+00
5.548379999999631764e+03 2.235061883926391602e+00
5.549859999999631327e+03 2.121300935745239258e+00
5.551339999999630891e+03 2.064210653305053711e+00
5.552819999999630454e+03 2.143652915954589844e+00
5.554299999999630018e+03 2.178694725036621094e+00
5.555779999999629581e+03 2.305392980575561523e+00
5.557259999999629144e+03 2.126282930374145508e+00
5.558739999999628708e+03 2.165258884429931641e+00
5.560219999999628271e+03 2.134682655334472656e+00
5.561699999999627835e+03 2.073883771896362305e+00
5.563179999999627398e+03 2.074677944183349609e+00
5.564659999999626962e+03 1.960799217224121094e+00
5.566139999999626525e+03 2.124022006988525391e+00
5.567619999999626089e+03 2.345419645309448242e+00
5.569099999999625652e+03 2.276382207870483398e+00
5.570579999999625215e+03 2.306268453598022461e+00
5.572059999999624779e+03 2.247580289840698242e+00
5.573539999999624342e+03 2.047029733657836914e+00
5.575019999999623906e+03 1.442238450050354004e+00
5.576499999999623469e+03 2.559016942977905273e+00
5.577979999999623033e+03 2.823229551315307617e+00
5.579459999999622596e+03 1.945075273513793945e+00
5.580939999999622160e+03 2.243340492248535156e+00
5.582419999999621723e+03 2.126125574111938477e+00
5.583899999999621286e+03 2.225212574005126953e+00
5.585379999999620850e+03 2.126026630401611328e+00
5.586859999999620413e+03 2.287309646606445312e+00
5.588339999999619977e+03 2.243720531463623047e+00
5.589819999999619540e+03 2.155779361724853516e+00
5.591299999999619104e+03 2.259813785552978516e+00
5.592779999999618667e+03 2.128542661666870117e+00
5.594259999999618231e+03 2.009248733520507812e+00
5.595739999999617794e+03 2.201058864593505859e+00
5.597219999999617357e+03 2.223178863525390625e+00
5.598699999999616921e+03 2.130647659301757812e+00
5.600179999999616484e+03 2.185214281082153320e+00
5.601659999999616048e+03 2.143395423889160156e+00
5.603139999999615611e+03 2.063028097152709961e+00
5.604619999999615175e+03 2.128007411956787109e+00
5.606099999999614738e+03 2.104866504669189453e+00
5.607579999999614301e+03 1.957035064697265625e+00
5.609059999999613865e+03 2.004752397537231445e+00
5.610539999999613428e+03 1.977305173873901367e+00
5.612019999999612992e+03 2.144937753677368164e+00
5.613499999999612555e+03 2.105158805847167969e+00
5.614979999999612119e+03 2.140703678131103516e+00
5.616459999999611682e+03 2.106552124023437500e+00
5.617939999999611246e+03 1.964468836784362793e+00
5.619419999999610809e+03 1.881985068321228027e+00
5.620899999999610372e+03 2.036769151687622070e+00
5.622379999999609936e+03 2.096723556518554688e+00
5.623859999999609499e+03 2.172515153884887695e+00
5.625339999999609063e+03 2.168969154357910156e+00
5.626819999999608626e+03 2.240536928176879883e+00
5.628299999999608190e+03 2.210607767105102539e+00
5.629779999999607753e+03 2.278023004531860352e+00
5.631259999999607317e+03 2.324687242507934570e+00
5.632739999999606880e+03 2.144002914428710938e+00
5.634219999999606443e+03 2.115641117095947266e+00
5.635699999999606007e+03 2.188954830169677734e+00
5.637179999999605570e+03 2.215115785598754883e+00
5.638659999999605134e+03 2.274607419967651367e+00
5.640139999999604697e+03 2.263821363449096680e+00
5.641619999999604261e+03 2.197543859481811523e+00
5.643099999999603824e+03 2.143662691116333008e+00
5.644579999999603388e+03 2.158253192901611328e+00
5.646059999999602951e+03 2.134885311126708984e+00
5.647539999999602514e+03 2.088669776916503906e+00
5.649019999999602078e+03 2.154806375503540039e+00
5.650499999999601641e+03 2.178939580917358398e+00
5.651979999999601205e+03 2.193031787872314453e+00
5.653459999999600768e+03 2.078281402587890625e+00
5.654939999999600332e+03 2.091920137405395508e+00
5.656419999999599895e+03 2.124176025390625000e+00
5.657899999999599459e+03 2.079211235046386719e+00
5.659379999999599022e+03 2.122096300125122070e+00
5.660859999999598585e+03 2.021607398986816406e+00
5.662339999999598149e+03 2.136610746383666992e+00
5.663819999999597712e+03 2.157323598861694336e+00
5.665299999999597276e+03 2.154941558837890625e+00
5.666779999999596839e+03 2.119208097457885742e+00
5.668259999999596403e+03 2.138021707534790039e+00
5.669739999999595966e+03 2.099854707717895508e+00
5.671219999999595530e+03 2.161205530166625977e+00
5.672699999999595093e+03 2.170730590820312500e+00
5.674179999999594656e+03 2.080116033554077148e+00
5.675659999999594220e+03 1.990335941314697266e+00
5.677139999999593783e+03 2.085716962814331055e+00
5.678619999999593347e+03 2.113692283630371094e+00
5.680099999999592910e+03 2.346487283706665039e+00
5.681579999999592474e+03 2.297105789184570312e+00
5.683059999999592037e+03 2.117491245269775391e+00
5.684539999999591600e+03 2.060779094696044922e+00
5.686019999999591164e+03 2.017265081405639648e+00
5.687499999999590727e+03 1.957614064216613770e+00
5.688979999999590291e+03 2.055208921432495117e+00
5.690459999999589854e+03 2.203589439392089844e+00
5.691939999999589418e+03 2.094180345535278320e+00
5.693419999999588981e+03 2.043546199798583984e+00
5.694899999999588545e+03 2.137083768844604492e+00
5.696379999999588108e+03 2.171002864837646484e+00
5.697859999999587671e+03 2.140974998474121094e+00
5.699339999999587235e+03 2.098228454589843750e+00
5.700819999999586798e+03 2.142641544342041016e+00
5.702299999999586362e+03 2.131878852844238281e+00
5.703779999999585925e+03 2.109040021896362305e+00
5.705259999999585489e+03 2.129005432128906250e+00
5.706739999999585052e+03 2.206244468688964844e+00
5.708219999999584616e+03 2.068506002426147461e+00
5.709699999999584179e+03 1.992686033248901367e+00
5.711179999999583742e+03 2.009360313415527344e+00
5.712659999999583306e+03 2.134268522262573242e+00
5.714139999999582869e+03 2.016299724578857422e+00
5.715619999999582433e+03 2.170215845108032227e+00
5.717099999999581996e+03 2.038049936294555664e+00
5.718579999999581560e+03 2.001178503036499023e+00
5.720059999999581123e+03 2.033107995986938477e+00
5.721539999999580687e+03 2.110648870468139648e+00
5.723019999999580250e+03 1.985841751098632812e+00
5.724499999999579813e+03 1.802032113075256348e+00
5.725979999999579377e+03 1.971119999885559082e+00
5.727459999999578940e+03 2.143894672393798828e+00
5.728939999999578504e+03 2.128796815872192383e+00
5.730419999999578067e+03 2.170707225799560547e+00
5.731899999999577631e+03 1.988168001174926758e+00
5.733379999999577194e+03 2.038982152938842773e+00
5.734859999999576758e+03 2.092074632644653320e+00
5.736339999999576321e+03 2.001518011093139648e+00
5.737819999999575884e+03 2.071474552154541016e+00
5.739299999999575448e+03 2.220426321029663086e+00
5.740779999999575011e+03 2.088762998580932617e+00
5.742259999999574575e+03 2.174337863922119141e+00
5.743739999999574138e+03 2.113581418991088867e+00
5.745219999999573702e+03 2.197397708892822266e+00
5.746699999999573265e+03 2.107744216918945312e+00
5.748179999999572829e+03 1.960505247116088867e+00
5.749659999999572392e+03 2.153340339660644531e+00
5.751139999999571955e+03 2.143296957015991211e+00
5.752619999999571519e+03 2.159686565399169922e+00
5.754099999999571082e+03 2.018893480300903320e+00
5.755579999999570646e+03 2.169946908950805664e+00
5.757059999999570209e+03 2.108868360519409180e+00
5.758539999999569773e+03 2.149396419525146484e+00
5.760019999999569336e+03 2.119879722595214844e+00
5.761499999999568900e+03 2.091189384460449219e+00
5.762979999999568463e+03 2.103840112686157227e+00
5.764459999999568026e+03 2.085984706878662109e+00
5.765939999999567590e+03 2.163796186447143555e+00
5.767419999999567153e+03 2.080164670944213867e+00
5.768899999999566717e+03 2.016951322555541992e+00
5.770379999999566280e+03 2.034061431884765625e+00
5.771859999999565844e+03 2.047483682632446289e+00
5.773339999999565407e+03 2.063424110412597656e+00
5.774819999999564970e+03 2.067836999893188477e+00
5.776299999999564534e+03 2.135653734207153320e+00
5.777779999999564097e+03 2.120346546173095703e+00
5.779259999999563661e+03 2.151411533355712891e+00
5.780739999999563224e+03 2.126529216766357422e+00
5.782219999999562788e+03 2.071615219116210938e+00
5.783699999999562351e+03 2.078178167343139648e+00
5.785179999999561915e+03 1.940703272819519043e+00
5.786659999999561478e+03 2.061612129211425781e+00
5.788139999999561041e+03 2.136566162109375000e+00
5.789619999999560605e+03 2.171237945556640625e+00
5.791099999999560168e+03 2.031506776809692383e+00
5.792579999999559732e+03 1.935762643814086914e+00
5.794059999999559295e+03 2.049124956130981445e+00
5.795539999999558859e+03 2.143420219421386719e+00
5.797019999999558422e+03 2.082086086273193359e+00
5.798499999999557986e+03 2.004315614700317383e+00
5.799979999999557549e+03 2.011682987213134766e+00
5.801459999999557112e+03 2.101778984069824219e+00
5.802939999999556676e+03 2.098700761795043945e+00
5.804419999999556239e+03 2.032978534698486328e+00
5.805899999999555803e+03 2.035483121871948242e+00
5.807379999999555366e+03 2.087752580642700195e+00
5.808859999999554930e+03 2.095841407775878906e+00
5.810339999999554493e+03 2.137062788009643555e+00
5.811819999999554057e+03 2.197051525115966797e+00
5.813299999999553620e+03 2.061201810836791992e+00
5.814779999999553183e+03 1.962181210517883301e+00
5.816259999999552747e+03 1.957508087158203125e+00
5.817739999999552310e+03 2.151287078857421875e+00
5.819219999999551874e+03 2.067084550857543945e+00
5.820699999999551437e+03 2.086516857147216797e+00
5.822179999999551001e+03 2.082263708114624023e+00
5.823659999999550564e+03 2.048521518707275391e+00
5.825139999999550128e+03 2.056445837020874023e+00
5.826619999999549691e+03 2.218036651611328125e+00
5.828099999999549254e+03 2.111654758453369141e+00
5.829579999999548818e+03 2.146894693374633789e+00
5.831059999999548381e+03 2.232423067092895508e+00
5.832539999999547945e+03 1.982280015945434570e+00
5.834019999999547508e+03 1.940931439399719238e+00
5.835499999999547072e+03 2.038523912429809570e+00
5.836979999999546635e+03 2.043174266815185547e+00
5.838459999999546199e+03 2.069489717483520508e+00
5.839939999999545762e+03 1.959241628646850586e+00
5.841419999999545325e+03 1.909702181816101074e+00
5.842899999999544889e+03 2.075605869293212891e+00
5.844379999999544452e+03 2.015936136245727539e+00
5.845859999999544016e+03 1.954882383346557617e+00
5.847339999999543579e+03 1.984811782836914062e+00
5.848819999999543143e+03 2.099931001663208008e+00
5.850299999999542706e+03 2.121818065643310547e+00
5.851779999999542270e+03 2.126630306243896484e+00
5.853259999999541833e+03 2.154901981353759766e+00
5.854739999999541396e+03 2.134271860122680664e+00
5.856219999999540960e+03 2.109174728393554688e+00
5.857699999999540523e+03 2.117233276367187500e+00
5.859179999999540087e+03 2.249211072921752930e+00
5.860659999999539650e+03 2.246078968048095703e+00
5.862139999999539214e+03 2.134991884231567383e+00
5.863619999999538777e+03 2.109552145004272461e+00
5.865099999999538340e+03 2.113456726074218750e+00
5.866579999999537904e+03 2.165395021438598633e+00
5.868059999999537467e+03 2.226775169372558594e+00
5.869539999999537031e+03 2.170172214508056641e+00
5.871019999999536594e+03 2.110157966613769531e+00
5.872499999999536158e+03 2.241114377975463867e+00
5.873979999999535721e+03 2.203721523284912109e+00
5.875459999999535285e+03 2.138822555541992188e+00
5.876939999999534848e+03 2.181895971298217773e+00
5.878419999999534411e+03 2.226845741271972656e+00
5.879899999999533975e+03 2.190912961959838867e+00
5.881379999999533538e+03 2.220063447952270508e+00
5.882859999999533102e+03 2.207727909088134766e+00
5.884339999999532665e+03 2.041263580322265625e+00
5.885819999999532229e+03 2.126428604125976562e+00
5.887299999999531792e+03 2.029012203216552734e+00
5.888779999999531356e+03 2.057528972625732422e+00
5.890259999999530919e+03 2.398571968078613281e+00
5.891739999999530482e+03 2.316874027252197266e+00
5.893219999999530046e+03 2.169370889663696289e+00
5.894699999999529609e+03 2.129374504089355469e+00
5.896179999999529173e+03 2.112380504608154297e+00
5.897659999999528736e+03 2.085292339324951172e+00
5.899139999999528300e+03 2.014320135116577148e+00
5.900619999999527863e+03 2.121643781661987305e+00
5.902099999999527427e+03 2.149241924285888672e+00
5.903579999999526990e+03 2.150776147842407227e+00
5.905059999999526553e+03 2.127819538116455078e+00
5.906539999999526117e+03 2.168211221694946289e+00
5.908019999999525680e+03 2.225109815597534180e+00
5.909499999999525244e+03 2.164914608001708984e+00
5.910979999999524807e+03 2.091580629348754883e+00
5.912459999999524371e+03 2.064085006713867188e+00
5.913939999999523934e+03 2.120960235595703125e+00
5.915419999999523498e+03 2.104207038879394531e+00
5.916899999999523061e+03 2.056526422500610352e+00
5.918379999999522624e+03 1.951393127441406250e+00
5.919859999999522188e+03 1.858863830566406250e+00
5.921339999999521751e+03 1.925108194351196289e+00
5.922819999999521315e+03 2.067050695419311523e+00
5.924299999999520878e+03 2.094358921051025391e+00
5.925779999999520442e+03 2.122083902359008789e+00
5.927259999999520005e+03 2.131898164749145508e+00
5.928739999999519569e+03 1.953781962394714355e+00
5.930219999999519132e+03 2.007225036621093750e+00
5.931699999999518695e+03 1.992904305458068848e+00
5.933179999999518259e+03 2.064286231994628906e+00
5.934659999999517822e+03 2.084779500961303711e+00
5.936139999999517386e+03 2.129656314849853516e+00
5.937619999999516949e+03 2.077628612518310547e+00
5.939099999999516513e+03 2.138696432113647461e+00
5.940579999999516076e+03 2.150968790054321289e+00
5.942059999999515640e+03 2.233504295349121094e+00
5.943539999999515203e+03 2.164202928543090820e+00
5.945019999999514766e+03 2.127264022827148438e+00
5.946499999999514330e+03 2.161261796951293945e+00
5.947979999999513893e+03 2.060058593750000000e+00
5.949459999999513457e+03 2.271297693252563477e+00
5.950939999999513020e+03 2.132632732391357422e+00
5.952419999999512584e+03 2.030499935150146484e+00
5.953899999999512147e+03 2.250046491622924805e+00
5.955379999999511710e+03 2.097010135650634766e+00
5.956859999999511274e+03 2.223514795303344727e+00
5.958339999999510837e+03 2.120218515396118164e+00
5.959819999999510401e+03 2.183912277221679688e+00
5.961299999999509964e+03 2.277083635330200195e+00
5.962779999999509528e+03 2.336371421813964844e+00
5.964259999999509091e+03 2.141253232955932617e+00
5.965739999999508655e+03 2.013021945953369141e+00
5.967219999999508218e+03 2.108105659484863281e+00
5.968699999999507781e+03 2.074343681335449219e+00
5.970179999999507345e+03 2.103265523910522461e+00
5.971659999999506908e+03 2.164999008178710938e+00
5.973139999999506472e+03 2.203680038452148438e+00
5.974619999999506035e+03 2.176889419555664062e+00
5.976099999999505599e+03 2.116336822509765625e+00
5.977579999999505162e+03 2.098821878433227539e+00
5.979059999999504726e+03 2.130692958831787109e+00
5.980539999999504289e+03 2.173443794250488281e+00
5.982019999999503852e+03 2.072814464569091797e+00
5.983499999999503416e+03 2.082170963287353516e+00
5.984979999999502979e+03 2.087751388549804688e+00
5.986459999999502543e+03 2.081904411315917969e+00
5.987939999999502106e+03 1.997610092163085938e+00
5.989419999999501670e+03 1.998382806777954102e+00
5.990899999999501233e+03 1.995962858200073242e+00
5.992379999999500797e+03 1.948187470436096191e+00
5.993859999999500360e+03 1.974934101104736328e+00
5.995339999999499923e+03 2.018326997756958008e+00
5.996819999999499487e+03 2.066677093505859375e+00
5.998299999999499050e+03 2.122389316558837891e+00
5.999779999999498614e+03 2.074324846267700195e+00
6.001259999999498177e+03 2.017401695251464844e+00
6.002739999999497741e+03 2.171862125396728516e+00
6.004219999999497304e+03 2.220540523529052734e+00
6.005699999999496868e+03 2.124980926513671875e+00
6.007179999999496431e+03 2.067435979843139648e+00
6.008659999999495994e+03 2.119582891464233398e+00
6.010139999999495558e+03 2.194606781005859375e+00
6.011619999999495121e+03 2.145435810089111328e+00
6.013099999999494685e+03 2.230945110321044922e+00
6.014579999999494248e+03 2.266217231750488281e+00
6.016059999999493812e+03 2.187709808349609375e+00
6.017539999999493375e+03 2.094897985458374023e+00
6.019019999999492939e+03 2.076849937438964844e+00
6.020499999999492502e+03 2.090816020965576172e+00
6.021979999999492065e+03 1.972165346145629883e+00
6.023459999999491629e+03 1.981993675231933594e+00
6.024939999999491192e+03 2.068101882934570312e+00
6.026419999999490756e+03 2.017895460128784180e+00
6.027899999999490319e+03 1.887216806411743164e+00
6.029379999999489883e+03 1.829579472541809082e+00
6.030859999999489446e+03 1.915022730827331543e+00
6.032339999999489009e+03 1.851005196571350098e+00
6.033819999999488573e+03 1.972612500190734863e+00
6.035299999999488136e+03 1.993789792060852051e+00
6.036779999999487700e+03 1.922412753105163574e+00
6.038259999999487263e+03 2.022782564163208008e+00
6.039739999999486827e+03 1.934701919555664062e+00
6.041219999999486390e+03 2.022002220153808594e+00
6.042699999999485954e+03 2.152853250503540039e+00
6.044179999999485517e+03 2.075725555419921875e+00
6.045659999999485080e+03 2.148923873901367188e+00
6.047139999999484644e+03 2.192842483520507812e+00
6.048619999999484207e+03 2.044828653335571289e+00
6.050099999999483771e+03 2.081764221191406250e+00
6.051579999999483334e+03 2.109157800674438477e+00
6.053059999999482898e+03 2.002269744873046875e+00
6.054539999999482461e+03 1.885881304740905762e+00
6.056019999999482025e+03 1.972344040870666504e+00
6.057499999999481588e+03 2.013921737670898438e+00
6.058979999999481151e+03 2.084771871566772461e+00
6.060459999999480715e+03 2.052031278610229492e+00
6.061939999999480278e+03 2.153523921966552734e+00
6.063419999999479842e+03 2.039298057556152344e+00
6.064899999999479405e+03 1.993242979049682617e+00
6.066379999999478969e+03 2.009249210357666016e+00
6.067859999999478532e+03 2.005536079406738281e+00
6.069339999999478096e+03 2.051862001419067383e+00
6.070819999999477659e+03 1.942522644996643066e+00
6.072299999999477222e+03 1.922017812728881836e+00
6.073779999999476786e+03 2.084236860275268555e+00
6.075259999999476349e+03 2.166530132293701172e+00
6.076739999999475913e+03 2.008060455322265625e+00
6.078219999999475476e+03 1.989745855331420898e+00
6.079699999999475040e+03 2.129558801651000977e+00
6.081179999999474603e+03 2.116402626037597656e+00
6.082659999999474167e+03 2.035851716995239258e+00
6.084139999999473730e+03 1.980786323547363281e+00
6.085619999999473293e+03 2.064997196197509766e+00
6.087099999999472857e+03 2.220361709594726562e+00
6.088579999999472420e+03 2.148200511932373047e+00
6.090059999999471984e+03 1.952419638633728027e+00
6.091539999999471547e+03 1.973386287689208984e+00
6.093019999999471111e+03 1.970189929008483887e+00
6.094499999999470674e+03 1.979668974876403809e+00
6.095979999999470238e+03 2.038932561874389648e+00
6.097459999999469801e+03 1.993240356445312500e+00
6.098939999999469364e+03 2.006753683090209961e+00
6.100419999999468928e+03 2.115366220474243164e+00
6.101899999999468491e+03 2.059904813766479492e+00
6.103379999999468055e+03 2.083319187164306641e+00
6.104859999999467618e+03 1.999562740325927734e+00
6.106339999999467182e+03 2.059650897979736328e+00
6.107819999999466745e+03 2.014117479324340820e+00
6.109299999999466309e+03 2.091424942016601562e+00
6.110779999999465872e+03 2.204599618911743164e+00
6.112259999999465435e+03 2.024873971939086914e+00
6.113739999999464999e+03 2.172928333282470703e+00
6.115219999999464562e+03 2.181435108184814453e+00
6.116699999999464126e+03 2.019859313964843750e+00
6.118179999999463689e+03 2.025899171829223633e+00
6.119659999999463253e+03 2.157493829727172852e+00
6.121139999999462816e+03 2.065003871917724609e+00
6.122619999999462379e+03 2.088921070098876953e+00
6.124099999999461943e+03 2.111028671264648438e+00
6.125579999999461506e+03 1.983003735542297363e+00
6.127059999999461070e+03 1.968663215637207031e+00
6.128539999999460633e+03 1.908039331436157227e+00
6.130019999999460197e+03 1.917722105979919434e+00
6.131499999999459760e+03 1.969408750534057617e+00
6.132979999999459324e+03 1.826115012168884277e+00
6.134459999999458887e+03 2.010963201522827148e+00
6.135939999999458450e+03 2.127853155136108398e+00
6.137419999999458014e+03 2.001295328140258789e+00
6.138899999999457577e+03 2.118067026138305664e+00
6.140379999999457141e+03 2.041237354278564453e+00
6.141859999999456704e+03 1.955999732017517090e+00
6.143339999999456268e+03 1.962552666664123535e+00
6.144819999999455831e+03 1.988397240638732910e+00
6.146299999999455395e+03 2.121546030044555664e+00
6.147779999999454958e+03 2.023934364318847656e+00
6.149259999999454521e+03 1.913213372230529785e+00
6.150739999999454085e+03 1.965127348899841309e+00
6.152219999999453648e+03 1.960467100143432617e+00
6.153699999999453212e+03 1.978597044944763184e+00
6.155179999999452775e+03 1.834938168525695801e+00
6.156659999999452339e+03 1.799026250839233398e+00
6.158139999999451902e+03 1.986210346221923828e+00
6.159619999999451466e+03 1.992281317710876465e+00
6.161099999999451029e+03 1.903999447822570801e+00
6.162579999999450592e+03 1.927359938621520996e+00
6.164059999999450156e+03 1.896676421165466309e+00
6.165539999999449719e+03 1.972337961196899414e+00
6.167019999999449283e+03 2.098524332046508789e+00
6.168499999999448846e+03 1.952619671821594238e+00
6.169979999999448410e+03 1.963461518287658691e+00
6.171459999999447973e+03 2.200972080230712891e+00
6.172939999999447537e+03 2.047372341156005859e+00
6.174419999999447100e+03 1.995751976966857910e+00
6.175899999999446663e+03 2.019640922546386719e+00
6.177379999999446227e+03 2.350727319717407227e+00
6.178859999999445790e+03 2.170361757278442383e+00
6.180339999999445354e+03 2.051951646804809570e+00
6.181819999999444917e+03 1.974569916725158691e+00
6.183299999999444481e+03 2.149127244949340820e+00
6.184779999999444044e+03 1.952763915061950684e+00
6.186259999999443608e+03 2.067317008972167969e+00
6.187739999999443171e+03 2.063342332839965820e+00
6.189219999999442734e+03 2.030776977539062500e+00
6.190699999999442298e+03 2.035374641418457031e+00
6.192179999999441861e+03 1.964751839637756348e+00
6.193659999999441425e+03 2.009465694427490234e+00
6.195139999999440988e+03 2.091197967529296875e+00
6.196619999999440552e+03 2.060155630111694336e+00
6.198099999999440115e+03 2.019458532333374023e+00
6.199579999999439679e+03 1.884510993957519531e+00
6.201059999999439242e+03 1.882056355476379395e+00
6.202539999999438805e+03 2.034676551818847656e+00
6.204019999999438369e+03 2.035905361175537109e+00
6.205499999999437932e+03 2.068666458129882812e+00
6.206979999999437496e+03 2.080326795578002930e+00
6.208459999999437059e+03 1.974629878997802734e+00
6.209939999999436623e+03 1.956060171127319336e+00
6.211419999999436186e+03 2.039813995361328125e+00
6.212899999999435749e+03 2.155991792678833008e+00
6.214379999999435313e+03 2.110250711441040039e+00
6.215859999999434876e+03 2.031147003173828125e+00
6.217339999999434440e+03 2.053830623626708984e+00
6.218819999999434003e+03 1.915394306182861328e+00
6.220299999999433567e+03 1.944707989692687988e+00
6.221779999999433130e+03 2.152757883071899414e+00
6.223259999999432694e+03 1.997643947601318359e+00
6.224739999999432257e+03 1.979485034942626953e+00
6.226219999999431820e+03 1.990332841873168945e+00
6.227699999999431384e+03 2.097797393798828125e+00
6.229179999999430947e+03 1.964867711067199707e+00
6.230659999999430511e+03 2.071023702621459961e+00
6.232139999999430074e+03 1.962018728256225586e+00
6.233619999999429638e+03 1.971177816390991211e+00
6.235099999999429201e+03 2.112714767456054688e+00
6.236579999999428765e+03 2.160122632980346680e+00
6.238059999999428328e+03 2.071966409683227539e+00
6.239539999999427891e+03 2.078154325485229492e+00
6.241019999999427455e+03 2.125108003616333008e+00
6.242499999999427018e+03 2.035910367965698242e+00
6.243979999999426582e+03 2.042533636093139648e+00
6.245459999999426145e+03 2.012965679168701172e+00
6.246939999999425709e+03 1.921981692314147949e+00
6.248419999999425272e+03 1.863474845886230469e+00
6.249899999999424836e+03 1.930589318275451660e+00
6.251379999999424399e+03 1.986015677452087402e+00
6.252859999999423962e+03 2.066649675369262695e+00
6.254339999999423526e+03 1.983689188957214355e+00
6.255819999999423089e+03 2.007075548171997070e+00
6.257299999999422653e+03 2.155826568603515625e+00
6.258779999999422216e+03 2.134291172027587891e+00
6.260259999999421780e+03 2.065283298492431641e+00
6.261739999999421343e+03 1.977276563644409180e+00
6.263219999999420907e+03 1.911928296089172363e+00
6.264699999999420470e+03 1.980188608169555664e+00
6.266179999999420033e+03 1.977541089057922363e+00
6.267659999999419597e+03 1.962910294532775879e+00
6.269139999999419160e+03 2.028656244277954102e+00
6.270619999999418724e+03 1.996006011962890625e+00
6.272099999999418287e+03 2.037875890731811523e+00
6.273579999999417851e+03 1.975365400314331055e+00
6.275059999999417414e+03 1.961897373199462891e+00
6.276539999999416978e+03 1.988623023033142090e+00
6.278019999999416541e+03 1.905230164527893066e+00
6.279499999999416104e+03 1.995948553085327148e+00
6.280979999999415668e+03 1.839117884635925293e+00
6.282459999999415231e+03 1.829988479614257812e+00
6.283939999999414795e+03 1.767391204833984375e+00
6.285419999999414358e+03 1.863358974456787109e+00
6.286899999999413922e+03 2.032216787338256836e+00
6.288379999999413485e+03 2.067289829254150391e+00
6.289859999999413048e+03 1.919760823249816895e+00
6.291339999999412612e+03 1.928329110145568848e+00
6.292819999999412175e+03 1.903681635856628418e+00
6.294299999999411739e+03 1.911231040954589844e+00
6.295779999999411302e+03 1.940998435020446777e+00
6.297259999999410866e+03 1.236998915672302246e+00
6.298739999999410429e+03 1.824513435363769531e+00
6.300219999999409993e+03 2.728493213653564453e+00
6.301699999999409556e+03 2.018038511276245117e+00
6.303179999999409119e+03 1.623786330223083496e+00
6.304659999999408683e+03 1.918152332305908203e+00
6.306139999999408246e+03 2.071880340576171875e+00
6.307619999999407810e+03 2.058424949645996094e+00
6.309099999999407373e+03 1.788928866386413574e+00
6.310579999999406937e+03 1.786742210388183594e+00
6.312059999999406500e+03 1.954794168472290039e+00
6.313539999999406064e+03 1.891976475715637207e+00
6.315019999999405627e+03 1.789522528648376465e+00
6.316499999999405190e+03 1.752050280570983887e+00
6.317979999999404754e+03 1.798292517662048340e+00
6.319459999999404317e+03 1.786044120788574219e+00
6.320939999999403881e+03 1.822807908058166504e+00
6.322419999999403444e+03 1.926676034927368164e+00
6.323899999999403008e+03 1.929074525833129883e+00
6.325379999999402571e+03 1.860011577606201172e+00
6.326859999999402135e+03 1.929758787155151367e+00
6.328339999999401698e+03 2.089092016220092773e+00
6.329819999999401261e+03 1.981518149375915527e+00
6.331299999999400825e+03 2.009461641311645508e+00
6.332779999999400388e+03 1.881551980972290039e+00
6.334259999999399952e+03 1.851104736328125000e+00
6.335739999999399515e+03 1.835115313529968262e+00
6.337219999999399079e+03 1.873060345649719238e+00
6.338699999999398642e+03 1.808031439781188965e+00
6.340179999999398206e+03 1.929508805274963379e+00
6.341659999999397769e+03 2.060607433319091797e+00
6.343139999999397332e+03 1.910939335823059082e+00
6.344619999999396896e+03 1.870557546615600586e+00
6.346099999999396459e+03 1.894286870956420898e+00
6.347579999999396023e+03 1.898820400238037109e+00
6.349059999999395586e+03 1.918378591537475586e+00
6.350539999999395150e+03 2.026504039764404297e+00
6.352019999999394713e+03 2.080328226089477539e+00
6.353499999999394277e+03 1.882856488227844238e+00
6.354979999999393840e+03 1.806555867195129395e+00
6.356459999999393403e+03 2.003531455993652344e+00
6.357939999999392967e+03 2.033548593521118164e+00
6.359419999999392530e+03 1.826165914535522461e+00
6.360899999999392094e+03 1.572455048561096191e+00
6.362379999999391657e+03 1.724691748619079590e+00
6.363859999999391221e+03 2.132413864135742188e+00
6.365339999999390784e+03 1.973084449768066406e+00
6.366819999999390348e+03 1.914636850357055664e+00
6.368299999999389911e+03 1.917724609375000000e+00
6.369779999999389474e+03 1.737393379211425781e+00
6.371259999999389038e+03 2.056171178817749023e+00
6.372739999999388601e+03 1.997858524322509766e+00
6.374219999999388165e+03 1.860600948333740234e+00
6.375699999999387728e+03 1.981047153472900391e+00
6.377179999999387292e+03 1.988512396812438965e+00
6.378659999999386855e+03 1.873571634292602539e+00
6.380139999999386418e+03 1.878949284553527832e+00
6.381619999999385982e+03 1.922007083892822266e+00
6.383099999999385545e+03 1.815098524093627930e+00
6.384579999999385109e+03 1.877234458923339844e+00
6.386059999999384672e+03 1.948649048805236816e+00
6.387539999999384236e+03 1.836846709251403809e+00
6.389019999999383799e+03 1.726878762245178223e+00
6.390499999999383363e+03 1.785780429840087891e+00
6.391979999999382926e+03 1.890857577323913574e+00
6.393459999999382489e+03 1.922720670700073242e+00
6.394939999999382053e+03 1.924757480621337891e+00
6.396419999999381616e+03 2.008562564849853516e+00
6.397899999999381180e+03 1.941969633102416992e+00
6.399379999999380743e+03 1.807418346405029297e+00
6.400859999999380307e+03 1.873899579048156738e+00
6.402339999999379870e+03 1.857462167739868164e+00
6.403819999999379434e+03 1.834717988967895508e+00
6.405299999999378997e+03 1.826991438865661621e+00
6.406779999999378560e+03 1.780047059059143066e+00
6.408259999999378124e+03 1.838204383850097656e+00
6.409739999999377687e+03 1.811110019683837891e+00
6.411219999999377251e+03 1.871091365814208984e+00
6.412699999999376814e+03 1.961783170700073242e+00
6.414179999999376378e+03 2.025160074234008789e+00
6.415659999999375941e+03 1.866291522979736328e+00
6.417139999999375505e+03 1.991874814033508301e+00
6.418619999999375068e+03 1.882726311683654785e+00
6.420099999999374631e+03 1.830534219741821289e+00
6.421579999999374195e+03 1.856451988220214844e+00
6.423059999999373758e+03 1.855021119117736816e+00
6.424539999999373322e+03 1.826040387153625488e+00
6.426019999999372885e+03 1.862789154052734375e+00
6.427499999999372449e+03 1.889141559600830078e+00
6.428979999999372012e+03 1.831780910491943359e+00
6.430459999999371576e+03 1.827844738960266113e+00
6.431939999999371139e+03 1.958336591720581055e+00
6.433419999999370702e+03 1.968579411506652832e+00
6.434899999999370266e+03 1.961917996406555176e+00
6.436379999999369829e+03 1.971891283988952637e+00
6.437859999999369393e+03 1.933033823966979980e+00
6.439339999999368956e+03 1.956617116928100586e+00
6.440819999999368520e+03 2.001825809478759766e+00
6.442299999999368083e+03 1.993486046791076660e+00
6.443779999999367647e+03 1.904739975929260254e+00
6.445259999999367210e+03 1.865320324897766113e+00
6.446739999999366773e+03 1.921449780464172363e+00
6.448219999999366337e+03 2.135812997817993164e+00
6.449699999999365900e+03 2.102281808853149414e+00
6.451179999999365464e+03 2.058310270309448242e+00
6.452659999999365027e+03 1.921925783157348633e+00
6.454139999999364591e+03 1.990926623344421387e+00
6.455619999999364154e+03 1.793856024742126465e+00
6.457099999999363718e+03 1.932377696037292480e+00
6.458579999999363281e+03 2.051549911499023438e+00
6.460059999999362844e+03 2.009957313537597656e+00
6.461539999999362408e+03 1.840705513954162598e+00
6.463019999999361971e+03 1.763150691986083984e+00
6.464499999999361535e+03 1.906509399414062500e+00
6.465979999999361098e+03 1.849779248237609863e+00
6.467459999999360662e+03 1.706508398056030273e+00
6.468939999999360225e+03 1.788272023200988770e+00
6.470419999999359788e+03 1.947944521903991699e+00
6.471899999999359352e+03 1.950436472892761230e+00
6.473379999999358915e+03 1.872514605522155762e+00
6.474859999999358479e+03 1.904768824577331543e+00
6.476339999999358042e+03 1.991016983985900879e+00
6.477819999999357606e+03 1.929612398147583008e+00
6.479299999999357169e+03 1.900528907775878906e+00
6.480779999999356733e+03 1.919610023498535156e+00
6.482259999999356296e+03 1.815852642059326172e+00
6.483739999999355859e+03 1.876537799835205078e+00
6.485219999999355423e+03 1.816908836364746094e+00
6.486699999999354986e+03 1.771540880203247070e+00
6.488179999999354550e+03 1.866885900497436523e+00
6.489659999999354113e+03 1.876989483833312988e+00
6.491139999999353677e+03 2.009675979614257812e+00
6.492619999999353240e+03 2.039568424224853516e+00
6.494099999999352804e+03 1.801297426223754883e+00
6.495579999999352367e+03 1.748998403549194336e+00
6.497059999999351930e+03 1.927105307579040527e+00
6.498539999999351494e+03 2.047216653823852539e+00
6.500019999999351057e+03 1.986638784408569336e+00
6.501499999999350621e+03 1.846758842468261719e+00
6.502979999999350184e+03 1.831128239631652832e+00
6.504459999999349748e+03 1.886471986770629883e+00
6.505939999999349311e+03 1.867650628089904785e+00
6.507419999999348875e+03 1.830412507057189941e+00
6.508899999999348438e+03 1.857003569602966309e+00
6.510379999999348001e+03 1.876070857048034668e+00
6.511859999999347565e+03 1.942159175872802734e+00
6.513339999999347128e+03 1.907482385635375977e+00
6.514819999999346692e+03 1.893884897232055664e+00
6.516299999999346255e+03 1.962952494621276855e+00
6.517779999999345819e+03 1.808799624443054199e+00
6.519259999999345382e+03 1.805160284042358398e+00
6.520739999999344946e+03 1.819163203239440918e+00
6.522219999999344509e+03 1.842598557472229004e+00
6.523699999999344072e+03 1.940985679626464844e+00
6.525179999999343636e+03 1.804415941238403320e+00
6.526659999999343199e+03 1.840804696083068848e+00
6.528139999999342763e+03 2.028478145599365234e+00
6.529619999999342326e+03 1.918021678924560547e+00
6.531099999999341890e+03 1.901035547256469727e+00
6.532579999999341453e+03 2.011410951614379883e+00
6.534059999999341017e+03 1.993748545646667480e+00
6.535539999999340580e+03 1.846085071563720703e+00
6.537019999999340143e+03 1.848243236541748047e+00
6.538499999999339707e+03 1.863688826560974121e+00
6.539979999999339270e+03 1.896306514739990234e+00
6.541459999999338834e+03 1.956360697746276855e+00
6.542939999999338397e+03 1.884051442146301270e+00
6.544419999999337961e+03 1.866413593292236328e+00
6.545899999999337524e+03 1.884647488594055176e+00
6.547379999999337088e+03 1.881134152412414551e+00
6.548859999999336651e+03 1.863484978675842285e+00
6.550339999999336214e+03 1.758208394050598145e+00
6.551819999999335778e+03 1.849926233291625977e+00
6.553299999999335341e+03 2.043684244155883789e+00
6.554779999999334905e+03 1.998616814613342285e+00
6.556259999999334468e+03 1.933334112167358398e+00
6.557739999999334032e+03 1.922338008880615234e+00
6.559219999999333595e+03 2.002133369445800781e+00
6.560699999999333158e+03 1.890570759773254395e+00
6.562179999999332722e+03 1.780062913894653320e+00
6.563659999999332285e+03 1.793290019035339355e+00
6.565139999999331849e+03 1.865428209304809570e+00
6.566619999999331412e+03 1.913882255554199219e+00
6.568099999999330976e+03 1.988423705101013184e+00
6.569579999999330539e+03 1.843518137931823730e+00
6.571059999999330103e+03 1.866895079612731934e+00
6.572539999999329666e+03 1.832393050193786621e+00
6.574019999999329229e+03 1.717823266983032227e+00
6.575499999999328793e+03 1.936387300491333008e+00
6.576979999999328356e+03 1.991671800613403320e+00
6.578459999999327920e+03 1.912132382392883301e+00
6.579939999999327483e+03 1.888521075248718262e+00
6.581419999999327047e+03 1.962291836738586426e+00
6.582899999999326610e+03 1.921289563179016113e+00
6.584379999999326174e+03 1.893814682960510254e+00
6.585859999999325737e+03 1.938216805458068848e+00
6.587339999999325300e+03 1.884146213531494141e+00
6.588819999999324864e+03 1.905410766601562500e+00
6.590299999999324427e+03 1.801260828971862793e+00
6.591779999999323991e+03 1.798128008842468262e+00
6.593259999999323554e+03 1.847830176353454590e+00
6.594739999999323118e+03 1.886359572410583496e+00
6.596219999999322681e+03 1.968501210212707520e+00
6.597699999999322245e+03 2.002743244171142578e+00
6.599179999999321808e+03 2.078925609588623047e+00
6.600659999999321371e+03 1.990814685821533203e+00
6.602139999999320935e+03 1.834102392196655273e+00
6.603619999999320498e+03 1.898388862609863281e+00
6.605099999999320062e+03 1.869336962699890137e+00
6.606579999999319625e+03 1.865095138549804688e+00
6.608059999999319189e+03 1.817744970321655273e+00
6.609539999999318752e+03 1.790709018707275391e+00
6.611019999999318316e+03 1.864704012870788574e+00
6.612499999999317879e+03 1.897933840751647949e+00
6.613979999999317442e+03 1.886014461517333984e+00
6.615459999999317006e+03 1.796151280403137207e+00
6.616939999999316569e+03 1.852716803550720215e+00
6.618419999999316133e+03 1.990521550178527832e+00
6.619899999999315696e+03 1.952642202377319336e+00
6.621379999999315260e+03 1.935068845748901367e+00
6.622859999999314823e+03 1.873663663864135742e+00
6.624339999999314387e+03 1.762393474578857422e+00
6.625819999999313950e+03 1.797805190086364746e+00
6.627299999999313513e+03 1.875545382499694824e+00
6.628779999999313077e+03 1.905230998992919922e+00
6.630259999999312640e+03 1.932770848274230957e+00
6.631739999999312204e+03 1.996413588523864746e+00
6.633219999999311767e+03 1.877039194107055664e+00
6.634699999999311331e+03 1.933366537094116211e+00
6.636179999999310894e+03 1.933167457580566406e+00
6.637659999999310457e+03 1.868685007095336914e+00
6.639139999999310021e+03 1.884350538253784180e+00
6.640619999999309584e+03 1.939284682273864746e+00
6.642099999999309148e+03 1.872115135192871094e+00
6.643579999999308711e+03 1.882555842399597168e+00
6.645059999999308275e+03 1.858028054237365723e+00
6.646539999999307838e+03 1.839876055717468262e+00
6.648019999999307402e+03 1.802544236183166504e+00
6.649499999999306965e+03 1.776033878326416016e+00
6.650979999999306528e+03 1.775543332099914551e+00
6.652459999999306092e+03 1.833458900451660156e+00
6.653939999999305655e+03 1.843508601188659668e+00
6.655419999999305219e+03 1.800106883049011230e+00
6.656899999999304782e+03 1.933012366294860840e+00
6.658379999999304346e+03 1.921512246131896973e+00
6.659859999999303909e+03 1.900929450988769531e+00
6.661339999999303473e+03 1.833021283149719238e+00
6.662819999999303036e+03 1.839329957962036133e+00
6.664299999999302599e+03 1.954181194305419922e+00
6.665779999999302163e+03 1.922481656074523926e+00
6.667259999999301726e+03 1.805040836334228516e+00
6.668739999999301290e+03 1.952943682670593262e+00
6.670219999999300853e+03 1.927325129508972168e+00
6.671699999999300417e+03 1.896368026733398438e+00
6.673179999999299980e+03 1.826082825660705566e+00
6.674659999999299544e+03 1.898853540420532227e+00
6.676139999999299107e+03 1.962045788764953613e+00
6.677619999999298670e+03 1.960795879364013672e+00
6.679099999999298234e+03 1.936525464057922363e+00
6.680579999999297797e+03 1.952366948127746582e+00
6.682059999999297361e+03 1.953001856803894043e+00
6.683539999999296924e+03 1.950502038002014160e+00
6.685019999999296488e+03 1.931016683578491211e+00
6.686499999999296051e+03 1.874852776527404785e+00
6.687979999999295615e+03 1.908661127090454102e+00
6.689459999999295178e+03 1.908764123916625977e+00
6.690939999999294741e+03 1.887532234191894531e+00
6.692419999999294305e+03 1.869643926620483398e+00
6.693899999999293868e+03 1.783833980560302734e+00
6.695379999999293432e+03 1.965698838233947754e+00
6.696859999999292995e+03 1.935850739479064941e+00
6.698339999999292559e+03 2.002826929092407227e+00
6.699819999999292122e+03 2.005099296569824219e+00
6.701299999999291686e+03 2.316738128662109375e+00
6.702779999999291249e+03 2.869940996170043945e+00
6.704259999999290812e+03 2.895956754684448242e+00
6.705739999999290376e+03 2.326416015625000000e+00
6.707219999999289939e+03 1.789990425109863281e+00
6.708699999999289503e+03 1.713359117507934570e+00
6.710179999999289066e+03 1.752274036407470703e+00
6.711659999999288630e+03 1.825442433357238770e+00
6.713139999999288193e+03 1.891433835029602051e+00
6.714619999999287757e+03 2.215772867202758789e+00
6.716099999999287320e+03 4.959004402160644531e+00
6.717579999999286883e+03 9.288413047790527344e+00
6.719059999999286447e+03 9.770835876464843750e+00
6.720539999999286010e+03 5.281960010528564453e+00
6.722019999999285574e+03 2.225577116012573242e+00
6.723499999999285137e+03 1.886232495307922363e+00
6.724979999999284701e+03 1.701083660125732422e+00
6.726459999999284264e+03 1.819694161415100098e+00
6.727939999999283827e+03 1.791574835777282715e+00
6.729419999999283391e+03 1.826827645301818848e+00
6.730899999999282954e+03 1.807297468185424805e+00
6.732379999999282518e+03 1.866664886474609375e+00
6.733859999999282081e+03 1.960294604301452637e+00
6.735339999999281645e+03 1.919596314430236816e+00
6.736819999999281208e+03 2.697718858718872070e+00
6.738299999999280772e+03 4.609648704528808594e+00
6.739779999999280335e+03 5.521950244903564453e+00
6.741259999999279898e+03 4.135586261749267578e+00
6.742739999999279462e+03 2.342102766036987305e+00
6.744219999999279025e+03 1.945205926895141602e+00
6.745699999999278589e+03 1.856992721557617188e+00
6.747179999999278152e+03 1.889665246009826660e+00
6.748659999999277716e+03 1.853815555572509766e+00
6.750139999999277279e+03 1.766218543052673340e+00
6.751619999999276843e+03 1.772696018218994141e+00
6.753099999999276406e+03 1.821643590927124023e+00
6.754579999999275969e+03 1.810378313064575195e+00
6.756059999999275533e+03 1.761981368064880371e+00
6.757539999999275096e+03 1.876959562301635742e+00
6.759019999999274660e+03 2.012206315994262695e+00
6.760499999999274223e+03 1.919460415840148926e+00
6.761979999999273787e+03 1.918952465057373047e+00
6.763459999999273350e+03 1.869224071502685547e+00
6.764939999999272914e+03 1.828768610954284668e+00
6.766419999999272477e+03 1.833427667617797852e+00
6.767899999999272040e+03 1.891294717788696289e+00
6.769379999999271604e+03 1.847059607505798340e+00
6.770859999999271167e+03 1.854234457015991211e+00
6.772339999999270731e+03 1.924342513084411621e+00
6.773819999999270294e+03 1.989735007286071777e+00
6.775299999999269858e+03 1.988122344017028809e+00
6.776779999999269421e+03 1.847737312316894531e+00
6.778259999999268985e+03 1.793970108032226562e+00
6.779739999999268548e+03 1.872187852859497070e+00
6.781219999999268111e+03 1.852885127067565918e+00
6.782699999999267675e+03 1.791396141052246094e+00
6.784179999999267238e+03 1.931725382804870605e+00
6.785659999999266802e+03 1.867001652717590332e+00
6.787139999999266365e+03 1.795535445213317871e+00
6.788619999999265929e+03 1.880702137947082520e+00
6.790099999999265492e+03 1.868692636489868164e+00
6.791579999999265056e+03 1.950057983398437500e+00
6.793059999999264619e+03 1.883630156517028809e+00
6.794539999999264182e+03 1.867100834846496582e+00
6.796019999999263746e+03 1.854994177818298340e+00
6.797499999999263309e+03 1.901124477386474609e+00
6.798979999999262873e+03 1.885009884834289551e+00
6.800459999999262436e+03 1.865593552589416504e+00
6.801939999999262000e+03 1.856822967529296875e+00
6.803419999999261563e+03 1.826666593551635742e+00
6.804899999999261127e+03 1.814301371574401855e+00
6.806379999999260690e+03 1.833447813987731934e+00
6.807859999999260253e+03 1.948592066764831543e+00
6.809339999999259817e+03 1.940582394599914551e+00
6.810819999999259380e+03 1.814099550247192383e+00
6.812299999999258944e+03 1.843438625335693359e+00
6.813779999999258507e+03 1.765365123748779297e+00
6.815259999999258071e+03 1.811979293823242188e+00
6.816739999999257634e+03 1.844970822334289551e+00
6.818219999999257197e+03 1.872481703758239746e+00
6.819699999999256761e+03 1.802909612655639648e+00
6.821179999999256324e+03 1.671663284301757812e+00
6.822659999999255888e+03 1.785940408706665039e+00
6.824139999999255451e+03 1.819548726081848145e+00
6.825619999999255015e+03 1.811821818351745605e+00
6.827099999999254578e+03 1.844861507415771484e+00
6.828579999999254142e+03 1.850354909896850586e+00
6.830059999999253705e+03 1.810353517532348633e+00
6.831539999999253268e+03 1.926077604293823242e+00
6.833019999999252832e+03 2.078191041946411133e+00
6.834499999999252395e+03 2.010289907455444336e+00
6.835979999999251959e+03 1.903909802436828613e+00
6.837459999999251522e+03 1.827508330345153809e+00
6.838939999999251086e+03 1.815446376800537109e+00
6.840419999999250649e+03 1.871362805366516113e+00
6.841899999999250213e+03 1.868003487586975098e+00
6.843379999999249776e+03 1.816397070884704590e+00
6.844859999999249339e+03 1.885967731475830078e+00
6.846339999999248903e+03 1.850240230560302734e+00
6.847819999999248466e+03 1.856974244117736816e+00
6.849299999999248030e+03 1.910484910011291504e+00
6.850779999999247593e+03 1.837890267372131348e+00
6.852259999999247157e+03 1.834406733512878418e+00
6.853739999999246720e+03 1.908366680145263672e+00
6.855219999999246284e+03 1.899517655372619629e+00
6.856699999999245847e+03 1.942901492118835449e+00
6.858179999999245410e+03 1.896973729133605957e+00
6.859659999999244974e+03 1.628309249877929688e+00
6.861139999999244537e+03 1.697736501693725586e+00
6.862619999999244101e+03 2.113125562667846680e+00
6.864099999999243664e+03 2.095950365066528320e+00
6.865579999999243228e+03 1.670507073402404785e+00
6.867059999999242791e+03 1.313782453536987305e+00
6.868539999999242355e+03 1.202608227729797363e+00
6.870019999999241918e+03 1.402979969978332520e+00
6.871499999999241481e+03 1.479223608970642090e+00
6.872979999999241045e+03 1.910724639892578125e+00
6.874459999999240608e+03 2.672312498092651367e+00
6.875939999999240172e+03 2.925141334533691406e+00
6.877419999999239735e+03 2.220900297164916992e+00
6.878899999999239299e+03 1.742727875709533691e+00
6.880379999999238862e+03 1.629114151000976562e+00
6.881859999999238426e+03 1.681613087654113770e+00
6.883339999999237989e+03 1.714463353157043457e+00
6.884819999999237552e+03 1.627096772193908691e+00
6.886299999999237116e+03 1.682583332061767578e+00
6.887779999999236679e+03 2.158744096755981445e+00
6.889259999999236243e+03 2.863331794738769531e+00
6.890739999999235806e+03 2.841929435729980469e+00
6.892219999999235370e+03 2.186685562133789062e+00
6.893699999999234933e+03 1.817904591560363770e+00
6.895179999999234496e+03 1.602640390396118164e+00
6.896659999999234060e+03 1.543898463249206543e+00
6.898139999999233623e+03 1.700613498687744141e+00
6.899619999999233187e+03 1.680714488029479980e+00
6.901099999999232750e+03 1.761041879653930664e+00
6.902579999999232314e+03 1.668468356132507324e+00
6.904059999999231877e+03 1.617445230484008789e+00
6.905539999999231441e+03 1.699128270149230957e+00
6.907019999999231004e+03 1.616848230361938477e+00
6.908499999999230567e+03 1.566154837608337402e+00
6.909979999999230131e+03 1.728117346763610840e+00
6.911459999999229694e+03 1.848299026489257812e+00
6.912939999999229258e+03 1.742247104644775391e+00
6.914419999999228821e+03 1.709682822227478027e+00
6.915899999999228385e+03 1.752651214599609375e+00
6.917379999999227948e+03 1.734936356544494629e+00
6.918859999999227512e+03 1.709296107292175293e+00
6.920339999999227075e+03 1.730123519897460938e+00
6.921819999999226638e+03 1.849739313125610352e+00
6.923299999999226202e+03 1.816918849945068359e+00
6.924779999999225765e+03 1.684289693832397461e+00
6.926259999999225329e+03 1.765717029571533203e+00
6.927739999999224892e+03 1.808438897132873535e+00
6.929219999999224456e+03 1.833165049552917480e+00
6.930699999999224019e+03 1.810477256774902344e+00
6.932179999999223583e+03 1.782805085182189941e+00
6.933659999999223146e+03 1.807981252670288086e+00
6.935139999999222709e+03 1.766268014907836914e+00
6.936619999999222273e+03 1.778394937515258789e+00
6.938099999999221836e+03 1.824639558792114258e+00
6.939579999999221400e+03 1.796775579452514648e+00
6.941059999999220963e+03 1.797061562538146973e+00
6.942539999999220527e+03 1.855170726776123047e+00
6.944019999999220090e+03 1.756596326828002930e+00
6.945499999999219654e+03 1.582372665405273438e+00
6.946979999999219217e+03 1.720903396606445312e+00
6.948459999999218780e+03 2.008675336837768555e+00
6.949939999999218344e+03 1.898960232734680176e+00
6.951419999999217907e+03 1.716211080551147461e+00
6.952899999999217471e+03 1.788830280303955078e+00
6.954379999999217034e+03 1.716219305992126465e+00
6.955859999999216598e+03 1.784112691879272461e+00
6.957339999999216161e+03 1.783689141273498535e+00
6.958819999999215725e+03 1.780487418174743652e+00
6.960299999999215288e+03 1.789852619171142578e+00
6.961779999999214851e+03 1.814783692359924316e+00
6.963259999999214415e+03 1.757480382919311523e+00
